										AB_Fed#9_Anterograde_evts_formatted.txt
ROI	Quadrant	Direction	Start time (s)	End time (s)	Peak time (s)	Duration (s)	Amplitude	Midpoint (s)	Half Duration(s)	AUC
8A	4	a	2.370192	8.295672	5.332932	5.92548	0.05332498811316011	5.332932	2.96274	0.24638075883925636	
8A	4	a	8.88822	23.109372	13.036056	14.221152	0.5943404948192081	15.998796	7.110576	5.24791217243245	
8A	4	a	23.70192	37.330524	27.257208	13.628603999999996	0.07052633872153002	30.219948	6.814301999999998	0.7671764888296508	
8A	4	a	37.923072	74.0685	62.21754	36.145428	0.7949221383526157	55.699512	18.072714	9.351040640837532	
8A	4	a	74.661048	81.179076	77.03124	6.518028000000001	0.07386602928466779	77.623788	3.2590140000000005	0.37586963388564687	
8A	4	a	81.771624	87.104556	84.141816	5.332932	0.04070549172802762	84.141816	2.666466	0.1628257537161517	
8A	4	a	87.697104	90.067296	87.697104	2.370192000000003	0.012113615566845759	88.8822	1.1850960000000015	0.024466787860590422	
8A	4	a	90.659844	92.437488	91.252392	1.7776439999999951	0.04033655749121179	91.252392	0.8888219999999976	0.05629584184481029	
8A	4	a	93.030036	97.177872	94.215132	4.147835999999998	0.05581536437470147	94.80768	2.073917999999999	0.1381653128547311	
8A	4	a	97.77042	105.473544	100.140612	7.7031240000000025	0.04001216476730596	101.325708	3.8515620000000013	0.17151659466364833	
8A	4	a	106.066092	108.436284	107.251188	2.370192000000003	0.03209486854548915	107.251188	1.1850960000000015	0.07024281954239053	
8A	4	a	109.028832	125.027628	116.731956	15.998796000000013	0.23351703233270316	116.731956	7.9993980000000064	2.843485044557756	
8A	4	a	125.620176	168.283632	159.98796	42.66345600000001	0.20029509172323734	146.951904	21.331728000000005	7.564688745239782	
8A	4	a	168.87618	234.05646	226.945884	65.18027999999998	0.3010023253876104	201.46632	32.59013999999999	10.672670597459568	
8A	4	a	234.649008	272.57208	248.87016	37.92307200000002	0.1111545874068991	253.610544	18.96153600000001	3.8414143218073953	
8A	4	a	273.164628	283.830492	279.090108	10.665864	0.6958804261030793	278.49756	5.332932	6.370640183442007	
8A	4	a	284.42304	292.718712	285.608136	8.295671999999968	0.04991228153176963	288.570876	4.147835999999984	0.4194548227700776	
8A	4	a	295.088904	318.198276	314.642988	23.109372000000008	0.17047331749631134	306.347316	11.554686000000004	2.163674330772743	
8A	4	a	318.790824	360.269184	324.123756	41.47836000000001	0.58982628711584	339.530004	20.739180000000005	15.172801848328698	
9A	4	a	1.185096	7.703124	5.332932	6.518028	0.08457149783061713	4.147836	3.259014	0.41317934336077355	
9A	4	a	10.073316	25.479564	18.961536	15.406248	0.3045854392682208	17.77644	7.703124	3.6032056277691593	
9A	4	a	26.072112	34.367784	26.66466	8.295672	0.10970917222653132	30.219948	4.147836	0.9068142802684387	
9A	4	a	34.960332	43.848552	37.923072	8.888219999999997	0.06813444600589502	39.108168	4.4441099999999985	0.5711828460947102	
9A	4	a	46.218744	47.996388	47.40384	1.7776440000000022	0.06542045039817301	46.811292	0.8888220000000011	0.07075990716025204	
9A	4	a	48.588936	52.736772	50.36658	4.147836000000005	0.06955714769096932	50.36658	2.0739180000000026	0.20909839387486873	
9A	4	a	53.32932	56.884608	53.921868	3.5552879999999973	0.07064538573648793	55.106964	1.7776439999999987	0.21220367231731285	
9A	4	a	57.477156	79.401432	65.772828	21.924276	0.23760548828145023	68.14302	10.962138	4.114605919433925	
9A	4	a	84.734364	94.80768	94.215132	10.073316000000005	0.09002024406496956	89.474748	5.036658000000003	0.9773528914496314	
9A	4	a	95.400228	111.991572	101.325708	16.591344000000007	0.07826599227573672	103.6959	8.295672000000003	1.2090065711640665	
9A	4	a	112.58412	117.324504	114.361764	4.740384000000006	0.06466870914525469	114.954312	2.370192000000003	0.2901181963541164	
9A	4	a	117.917052	127.990368	124.43508	10.073316000000005	0.30087461096300183	122.657436	5.036658000000003	2.736810097976891	
9A	4	a	128.582916	136.878588	133.915848	8.295671999999996	0.13886320883258207	132.730752	4.147835999999998	1.0320316406006873	
9A	4	a	137.471136	145.766808	140.433876	8.295671999999996	0.03915129883931545	141.618972	4.147835999999998	0.29242942653760573	
9A	4	a	150.507192	152.877384	150.507192	2.370192000000003	0.0586143940529853	151.692288	1.1850960000000015	0.10765892396246146	
9A	4	a	153.469932	157.617768	154.655028	4.147836000000012	0.058354775241007406	155.247576	2.073918000000006	0.2159044575554283	
9A	4	a	164.135796	174.209112	171.246372	10.073316000000005	0.10321808925475162	168.87618	5.036658000000003	0.9156286388661297	
9A	4	a	174.80166	177.171852	174.80166	2.370192000000003	0.032208780059645115	175.986756	1.1850960000000015	0.06067131011430549	
9A	4	a	178.949496	180.72714	178.949496	1.777643999999981	0.0231852498482521	179.542044	0.8888219999999905	0.01490884782534807	
9A	2	b	181.319688	186.060072	182.504784	4.7403839999999775	-0.03826536237360978	183.68988	2.3701919999999888	-0.14647345393480715	
9A	4	a	186.65262	188.430264	186.65262	1.777643999999981	0.04187452060926189	187.245168	0.8888219999999905	0.03981037765200557	
9A	4	a	189.022812	210.947088	207.984348	21.92427600000002	0.14170055326062547	199.688676	10.96213800000001	2.808226353584863	
9A	4	a	211.539636	235.241556	226.353336	23.70192	0.20725430366515862	223.390596	11.85096	5.229102702509399	
9A	4	a	235.834104	240.574488	237.0192	4.740384000000006	0.06707828919647962	238.204296	2.370192000000003	0.213764891621266	
9A	4	a	245.90742	274.942272	262.498764	29.034852	0.13300502371260814	260.128572	14.517426	3.482593364136152	
9A	4	a	275.53482	286.200684	281.4603	10.665864	0.597971785533689	280.867752	5.332932	7.185091114788156	
9A	4	a	286.793232	294.496356	289.755972	7.7031240000000025	0.18334106632368297	290.34852	3.8515620000000013	1.4146722469051167	
9A	4	a	295.088904	298.051644	295.681452	2.9627399999999966	0.08432524166725575	296.274	1.4813699999999983	0.1472759809383093	
9A	4	a	298.644192	301.014384	298.644192	2.3701920000000314	0.018321178308849273	299.829288	1.1850960000000157	0.020049108418334072	
9A	4	a	301.606932	318.198276	314.642988	16.59134400000005	0.17970053104668215	309.902604	8.295672000000025	2.6753948099577576	
9A	4	a	318.790824	320.568468	319.383372	1.7776440000000093	0.022126450908111828	319.383372	0.8888220000000047	0.02920367355650222	
9A	2	b	321.161016	322.93866	321.753564	1.7776440000000093	-0.016834806428629445	321.753564	0.8888220000000047	-0.02597720275726334	
9A	4	a	323.531208	338.937456	328.271592	15.406248000000005	0.6529354917293997	331.234332	7.7031240000000025	6.456414386648399	
9A	4	a	339.530004	344.270388	342.492744	4.740384000000006	0.14362076349158936	341.900196	2.370192000000003	0.7381634311358409	
9A	2	b	344.862936	347.825676	345.455484	2.9627399999999966	-0.04894247345264979	346.048032	1.4813699999999983	-0.08942251730392892	
9A	4	a	349.60332	351.380964	350.195868	1.7776440000000093	0.0421896072342145	350.195868	0.8888220000000047	0.05671148855364816	
9A	2	b	351.973512	354.343704	353.751156	2.3701919999999745	-0.03822362081484787	353.158608	1.1850959999999873	-0.07456529830062397	
9A	4	a	354.936252	359.084088	357.898992	4.147835999999984	0.08198287620031763	356.713896	2.073917999999992	0.1950012630023219	
10A	4	a	0.0	13.628604	3.555288	13.628604	0.12301773092686208	6.518028	6.814302	1.713368305838385	
10A	4	a	14.221152	26.072112	20.73918	11.85096	0.37928792308641324	20.146632	5.92548	3.451533634773491	
10A	4	a	26.66466	43.848552	38.51562	17.183891999999997	0.1725905711631226	34.960332	8.591945999999998	3.2324810516032816	
10A	4	a	44.4411	49.774032	47.40384	5.332932	0.10680650963736005	46.811292	2.666466	0.5132048228992239	
10A	4	a	50.36658	56.29206	53.32932	5.92548	0.0892888144086954	53.32932	2.96274	0.5497000111881976	
10A	4	a	56.884608	62.21754	58.662252	5.332932	0.11101244026452806	59.2548	2.666466	0.5430020224328707	
10A	4	a	62.810088	95.400228	78.216336	32.59014	0.3365753823675015	78.808884	16.29507	10.217607484564903	
10A	4	a	95.992776	103.103352	100.140612	7.110575999999995	0.06704682914571691	99.548064	3.5552879999999973	0.4301340905748383	
10A	4	a	103.6959	109.028832	106.65864	5.332932	0.0532135241820213	106.066092	2.666466	0.2259842071328313	
10A	4	a	109.62138	117.324504	111.399024	7.7031240000000025	0.07963297799601898	113.176668	3.8515620000000013	0.37661411615965945	
10A	4	a	119.102148	130.36056	126.805272	11.258411999999993	0.1812253039154741	124.43508	5.629205999999996	1.422050067528766	
10A	4	a	132.730752	146.359356	142.21152	13.628603999999996	0.10471657790715838	139.24878	6.814301999999998	1.6513478411674414	
10A	4	a	146.951904	161.173056	149.914644	14.22115199999999	0.06725735622225182	154.06248	7.110575999999995	0.9494854078161354	
10A	4	a	161.765604	178.356948	174.80166	16.591343999999992	0.14276683283283287	170.061276	8.295671999999996	2.1980608768731473	
10A	4	a	178.949496	185.467524	180.134592	6.518027999999987	0.07962703236376356	181.912236	3.2590139999999934	0.2895813411568271	
10A	4	a	186.060072	213.909828	189.61536	27.849756000000014	0.12579226842826285	199.688676	13.924878000000007	2.5952512983608367	
10A	4	a	216.28002	222.798048	218.057664	6.518027999999987	0.0496208328715908	219.24276	3.2590139999999934	0.32129362012836404	
10A	4	a	223.390596	225.16824	223.390596	1.7776440000000093	0.049955249138590396	223.983144	0.8888220000000047	0.03399762977670262	
10A	4	a	225.760788	228.723528	226.353336	2.9627399999999966	0.03564945980495038	226.945884	1.4813699999999983	0.07169915366590929	
10A	4	a	233.463912	240.574488	235.241556	7.110576000000009	0.16848744169129448	237.0192	3.5552880000000044	1.2222684167923052	
10A	2	b	242.352132	244.722324	242.94468	2.3701919999999745	-0.037474907703952454	243.537228	1.1850959999999873	-0.07059764787506673	
10A	4	a	245.314872	247.092516	245.90742	1.777643999999981	0.01640427243126208	245.90742	0.8888219999999905	0.01905970934490475	
10A	4	a	247.685064	273.164628	259.536024	25.479563999999982	0.17710743106951554	260.128572	12.739781999999991	4.2910469207365916	
10A	4	a	273.757176	294.496356	286.200684	20.739179999999976	1.064190998826366	283.830492	10.369589999999988	14.624631102128204	
10A	4	a	295.088904	309.902604	303.384576	14.813699999999983	0.2604800609409903	302.19948	7.4068499999999915	3.8607041631596455	
10A	4	a	310.495152	318.198276	315.235536	7.7031240000000025	0.06991708634210703	314.05044	3.8515620000000013	0.5058599966624746	
10A	2	b	322.93866	327.086496	325.308852	4.147835999999984	-0.02936058336545777	324.716304	2.073917999999992	-0.13182113810958573	
10A	4	a	327.679044	340.122552	332.419428	12.443508000000008	0.7343814817801935	333.604524	6.221754000000004	8.396549981423025	
10A	4	a	340.7151	356.713896	344.862936	15.99879599999997	0.09595851607750694	348.418224	7.999397999999985	1.4128303750199365	
11A	4	a	2.96274	4.740384	3.555288	1.7776439999999996	0.03345087437855554	3.555288	0.8888219999999998	0.05873241434777188	
11A	4	a	5.332932	8.295672	5.332932	2.96274	0.059955400561197525	6.518028	1.48137	0.13212438506616886	
11A	4	a	8.88822	27.257208	23.70192	18.368987999999998	0.6937647756435834	17.77644	9.184493999999999	8.665186822815818	
11A	4	a	27.849756	33.775236	29.6274	5.92548	0.14200475360823717	30.812496	2.96274	0.6707016233392087	
11A	4	a	35.55288	61.624992	46.218744	26.072111999999997	0.15965884514968298	48.588936	13.036055999999999	4.904813382298242	
11A	4	a	62.21754	78.216336	74.0685	15.998795999999999	0.4777484087824	69.920664	7.999397999999999	6.145387853084082	
11A	4	a	78.808884	83.549268	79.99398	4.740383999999992	0.12863968360559186	81.179076	2.370191999999996	0.5559947732574559	
11A	4	a	84.141816	90.659844	88.8822	6.518028000000001	0.16147245609548655	87.104556	3.2590140000000005	0.9298768976394145	
11A	4	a	91.252392	106.066092	93.622584	14.813699999999997	0.08741702458609257	98.362968	7.406849999999999	1.1460727096888605	
11A	4	a	106.65864	135.100944	131.545656	28.442303999999993	0.27866454542919117	120.879792	14.221151999999996	5.719154993965745	
11A	4	a	135.693492	152.284836	141.618972	16.59134400000002	0.18066862692353158	143.989164	8.29567200000001	2.7596173546287197	
11A	4	a	154.655028	156.432672	154.655028	1.7776440000000093	0.05923290598351638	155.247576	0.8888220000000047	0.05862999397536317	
11A	4	a	157.02522	159.395412	157.02522	2.370192000000003	0.04036342932444548	158.210316	1.1850960000000015	0.051082847941419374	
11A	4	a	159.98796	164.728344	164.135796	4.740384000000006	0.06155148465166871	162.358152	2.370192000000003	0.2761009052118313	
11A	4	a	165.320892	184.874976	175.986756	19.554084000000017	0.20346236655547578	174.80166	9.777042000000009	3.5660742901197526	
11A	4	a	185.467524	247.685064	239.389392	62.217540000000014	0.5978774489925942	216.28002	31.108770000000007	25.037009450777493	
11A	4	a	248.277612	274.942272	260.128572	26.664659999999998	0.1775193492887297	261.313668	13.332329999999999	4.67534452760575	
11A	4	a	277.312464	296.274	289.163424	18.961536000000024	1.6627952728435442	286.793232	9.480768000000012	20.63441394533849	
11A	4	a	296.866548	314.05044	303.977124	17.183891999999958	0.16541085208861972	305.16222	8.591945999999979	2.3463721369860266	
11A	4	a	314.642988	325.9014	317.01318	11.258412000000021	0.09825945090687416	319.97592	5.629206000000011	0.8018017601674454	
11A	2	b	327.679044	331.82688	330.049236	4.147836000000041	-0.12505320431647826	329.456688	2.0739180000000204	-0.5777057295205912	
11A	4	a	332.419428	341.900196	337.159812	9.480768000000012	0.8311691118112616	337.159812	4.740384000000006	8.798409868943454	
11A	4	a	342.492744	357.898992	347.825676	15.406248000000005	0.2606215870233215	350.195868	7.7031240000000025	3.7422421198079365	
12A	4	a	0.0	11.258412	4.147836	11.258412	0.22730956394355406	5.332932	5.629206	3.138010473829391	
12A	4	a	13.628604	15.406248	14.221152	1.7776440000000004	0.019389280195402314	14.221152	0.8888220000000002	0.032921270302915584	
12A	4	a	15.998796	27.257208	24.294468	11.258411999999998	0.1890107079169585	21.331728	5.629205999999999	1.7337458699001367	
12A	4	a	27.849756	31.405044	29.6274	3.555288000000001	0.10238642176647605	29.6274	1.7776440000000004	0.2525867345509061	
12A	4	a	31.997592	45.033648	38.51562	13.036055999999999	0.276938969723421	38.51562	6.518027999999999	2.6875413882817987	
12A	4	a	45.626196	56.884608	49.181484	11.258412	0.08430491452234001	50.959128	5.629206	0.9723893762104514	
12A	4	a	57.477156	63.995184	59.2548	6.518028000000001	0.07922229919607604	60.439896	3.2590140000000005	0.49000555194105977	
12A	4	a	64.587732	72.883404	68.735568	8.295671999999996	0.07052860200948974	68.735568	4.147835999999998	0.5010112481113318	
12A	4	a	73.475952	78.808884	77.623788	5.332932	0.16842877834415226	75.846144	2.666466	0.9677727110410748	
12A	4	a	79.401432	102.510804	85.326912	23.109371999999993	0.3125181738622649	90.659844	11.554685999999997	5.786981502815289	
12A	4	a	104.880996	141.026424	134.508396	36.145427999999995	0.3116166731224337	122.657436	18.072713999999998	6.324294725115539	
12A	4	a	141.618972	161.173056	153.469932	19.55408399999999	0.16435465959478446	151.09974	9.777041999999994	2.9958888854644643	
12A	4	a	161.765604	198.50358	188.430264	36.737976	0.28980227291115934	180.134592	18.368988	6.462703386095121	
12A	4	a	199.096128	214.502376	207.984348	15.406248000000005	0.1124977584626512	206.799252	7.7031240000000025	1.4440020612138613	
12A	4	a	215.094924	238.204296	223.390596	23.109372000000008	0.12324576410210675	226.353336	11.554686000000004	2.4295726127171133	
12A	4	a	238.796844	257.165832	245.90742	18.36898800000003	0.3341817349489422	247.685064	9.184494000000015	4.865489678220495	
12A	2	b	258.943476	285.608136	279.682656	26.664660000000026	-0.20069542091061487	271.979532	13.332330000000013	-4.486561743645108	
12A	4	a	286.200684	306.347316	290.941068	20.146631999999954	1.2502611042063476	296.274	10.073315999999977	14.544107722850885	
12A	2	b	306.939864	308.717508	308.12496	1.7776440000000093	-0.05475734766914675	307.532412	0.8888220000000047	-0.041960864218767435	
12A	2	b	309.310056	337.159812	332.419428	27.849756000000014	-0.1893793467644156	322.93866	13.924878000000007	-5.377062115082732	
12A	4	a	337.75236	352.56606	341.307648	14.813699999999983	0.5777070874522576	344.862936	7.4068499999999915	4.8268815447319895	
12A	4	a	353.158608	360.269184	359.676636	7.1105759999999805	0.11717169602701061	356.713896	3.5552879999999902	0.8785556303983297	
13A	4	a	1.185096	2.96274	1.185096	1.7776440000000002	0.019756569934032076	1.777644	0.8888220000000001	0.019291104516808932	
13A	4	a	3.555288	11.258412	8.295672	7.703124	0.1106159344729849	7.110576	3.851562	0.8056687699000107	
13A	4	a	11.85096	13.628604	11.85096	1.7776439999999987	0.027490649459325223	12.443508	0.8888219999999993	0.04561832660204579	
13A	4	a	14.221152	34.960332	26.66466	20.73918	0.5920635429589125	24.294468	10.36959	8.236189592816306	
13A	4	a	37.330524	40.293264	37.923072	2.9627400000000037	0.08832465499849862	38.51562	1.4813700000000019	0.21701370549824128	
13A	4	a	44.4411	87.104556	78.808884	42.663456000000004	0.6324524763351151	65.772828	21.331728000000002	15.351896358417905	
13A	4	a	87.697104	120.879792	103.103352	33.182688	0.17402640066813335	104.288448	16.591344	5.782033728940112	
13A	4	a	123.249984	142.21152	135.693492	18.96153600000001	0.19216785483433574	132.730752	9.480768000000005	2.5466481564731778	
13A	4	a	142.804068	145.766808	145.17426	2.9627399999999966	0.03772338401935116	143.989164	1.4813699999999983	0.05898599011137495	
13A	4	a	146.359356	189.022812	181.912236	42.663456	0.18859434078765913	167.691084	21.331728	7.133340936872947	
13A	4	a	189.61536	194.355744	191.393004	4.7403839999999775	0.09076861401897318	191.985552	2.3701919999999888	0.4125351701109081	
13A	4	a	196.133388	197.911032	196.133388	1.7776440000000093	0.026089953264685217	196.725936	0.8888220000000047	0.039495506791137114	
13A	4	a	199.688676	215.094924	208.576896	15.406248000000005	0.08692316657527899	207.3918	7.7031240000000025	0.94011360082549	
13A	4	a	216.872568	220.427856	219.24276	3.5552879999999902	0.05554697636999162	218.650212	1.7776439999999951	0.14208721705961969	
13A	4	a	222.798048	232.278816	225.760788	9.480768000000012	0.07335329078638964	227.538432	4.740384000000006	0.47022068240486514	
13A	4	a	232.871364	243.537228	237.0192	10.665864	0.1273950893335436	238.204296	5.332932	1.42385333590675	
13A	4	a	245.314872	259.536024	253.017996	14.22115199999999	0.16046273797359722	252.425448	7.110575999999995	1.4653119354600583	
13A	4	a	260.128572	304.569672	293.31126	44.441100000000006	1.3403977453819294	282.052848	22.220550000000003	11.704733865172464	
13A	4	a	305.16222	311.680248	308.717508	6.518028000000015	0.05958894492446376	308.12496	3.2590140000000076	0.32314750854378405	
13A	4	a	312.272796	314.05044	312.272796	1.7776439999999525	0.039719196501101894	312.865344	0.8888219999999762	0.03945808633077652	
13A	4	a	317.01318	326.493948	320.568468	9.480768000000012	0.08415549569278324	321.753564	4.740384000000006	0.6979645581602998	
13A	4	a	327.086496	332.419428	331.234332	5.332931999999971	0.072472127534009	329.456688	2.6664659999999856	0.2987401605103013	
13A	4	a	333.011976	360.269184	342.492744	27.25720799999999	0.5312001375983022	346.64058	13.628603999999996	4.7345465122936545	
14A	4	a	0.0	2.370192	1.185096	2.370192	0.06744803604748828	1.185096	1.185096	0.12651612343647844	
14A	4	a	2.96274	14.8137	8.295672	11.85096	0.1008114468231609	8.88822	5.92548	0.8129869992651257	
14A	4	a	15.406248	38.51562	29.6274	23.109372	0.46946491955118397	26.66466	11.554686	8.11379334722204	
14A	4	a	39.108168	87.104556	81.179076	47.996388	0.5695404356650764	62.810088	23.998194	21.12661911406944	
14A	4	a	88.8822	122.064888	103.6959	33.182688	0.25162561683133955	105.473544	16.591344	7.595254834713845	
14A	4	a	122.657436	127.990368	125.620176	5.332932	0.06625257364735315	125.027628	2.666466	0.24724423313791832	
14A	4	a	128.582916	144.581712	137.471136	15.998795999999999	0.30940969476050784	136.28604	7.999397999999999	3.7346489435393826	
14A	4	a	146.359356	164.728344	154.06248	18.368988	0.1787011168086896	155.247576	9.184494	3.433153235322365	
14A	4	a	165.320892	175.394208	169.468728	10.073316000000005	0.07483787113895835	170.061276	5.036658000000003	0.7483044953947047	
14A	4	a	175.986756	178.949496	177.171852	2.9627399999999966	0.04201467045914953	177.171852	1.4813699999999983	0.1018158992627729	
14A	4	a	179.542044	190.800456	186.060072	11.258411999999993	0.25955448763874056	184.874976	5.629205999999996	2.4392711945817593	
14A	4	a	191.393004	241.759584	194.355744	50.36658	0.18629441799680935	216.28002	25.18329	9.2759842454781	
14A	4	a	242.352132	246.499968	244.129776	4.147835999999984	0.13344894226391846	244.129776	2.073917999999992	0.5048865093812391	
14A	4	a	247.092516	261.906216	255.980736	14.813699999999983	0.13305079319361512	254.203092	7.4068499999999915	1.670277868253612	
14A	4	a	262.498764	264.276408	262.498764	1.7776440000000093	0.08810849975310209	263.091312	0.8888220000000047	0.0771762850860358	
14A	4	a	264.868956	267.831696	264.868956	2.9627399999999966	0.027712924440784548	266.054052	1.4813699999999983	0.0569285657461287	
14A	4	a	268.424244	270.794436	268.424244	2.3701920000000314	0.04064472491613813	269.60934	1.1850960000000157	0.0677839269279743	
14A	4	a	271.386984	273.757176	271.979532	2.3701920000000314	0.08237190890585921	272.57208	1.1850960000000157	0.11987863085670925	
14A	2	b	279.682656	283.237944	280.867752	3.5552880000000187	-0.04872448040769228	281.4603	1.7776440000000093	-0.13060554766282562	
14A	2	b	283.830492	291.533616	289.163424	7.7031240000000025	-0.09125507019689705	287.38578	3.8515620000000013	-0.5569082598100772	
14A	4	a	292.126164	303.977124	295.088904	11.850959999999986	2.21846909889124	298.051644	5.925479999999993	16.839604436100082	
14A	4	a	304.569672	314.05044	309.902604	9.480767999999955	0.09253036218887178	309.310056	4.7403839999999775	0.8008006971320589	
14A	4	a	314.642988	325.308852	317.01318	10.665864	0.09041413035972568	319.97592	5.332932	1.0147811016087869	
14A	4	a	325.9014	327.679044	327.086496	1.7776439999999525	0.08785507546945848	326.493948	0.8888219999999762	0.07426267810878162	
14A	4	a	328.271592	330.641784	329.456688	2.3701919999999745	0.043023863886119784	329.456688	1.1850959999999873	0.08820136036023785	
14A	4	a	331.234332	337.159812	336.567264	5.925479999999993	0.06279208824659133	334.197072	2.9627399999999966	0.32837453273505623	
14A	4	a	337.75236	355.5288	344.270388	17.77643999999998	0.7737262708544206	346.64058	8.88821999999999	5.6573721169605795	
14A	4	a	356.121348	359.084088	356.121348	2.9627399999999966	0.046000730125062006	357.306444	1.4813699999999983	0.12440366891417654	
15A	4	a	0.0	14.8137	13.036056	14.8137	0.08662849045486665	7.110576	7.40685	1.287944438686431	
15A	4	a	15.406248	23.109372	21.924276	7.703124000000001	0.07100463316617978	18.961536	3.8515620000000004	0.4623409885934475	
15A	4	a	23.70192	28.442304	26.66466	4.740383999999999	0.10700118679276072	26.072112	2.3701919999999994	0.507661492089911	
15A	4	a	29.034852	52.736772	38.51562	23.70192	0.36385625695962753	40.885812	11.85096	5.908403033831562	
15A	4	a	53.32932	56.884608	53.32932	3.5552879999999973	0.04107309027683659	55.106964	1.7776439999999987	0.0880916785979089	
15A	4	a	57.477156	59.847348	59.2548	2.370191999999996	0.04573001538971777	58.662252	1.185095999999998	0.06702472853871355	
15A	2	b	61.624992	63.995184	62.21754	2.370192000000003	-0.033938399313425904	62.810088	1.1850960000000015	-0.05809750061102292	
15A	4	a	68.14302	71.10576	69.328116	2.9627399999999966	0.05556376888821335	69.328116	1.4813699999999983	0.11976518094826538	
15A	4	a	71.698308	74.661048	72.290856	2.9627399999999966	0.05701285490633312	72.883404	1.4813699999999983	0.11454708975964145	
15A	4	a	75.253596	77.623788	75.253596	2.370192000000003	0.030261474992175685	76.438692	1.1850960000000015	0.06055628415180281	
15A	4	a	78.216336	100.73316	89.474748	22.516824	0.20314628622513586	89.474748	11.258412	3.4088582355266537	
15A	4	a	101.325708	108.436284	101.918256	7.110575999999995	0.07123984405139394	104.880996	3.5552879999999973	0.4107478558076214	
15A	4	a	109.028832	114.954312	109.028832	5.925480000000007	0.05893818389717076	111.991572	2.9627400000000037	0.2878556211381458	
15A	4	a	115.54686	127.39782	121.47234	11.85096	0.0786110300248044	121.47234	5.92548	0.7582793523005962	
15A	4	a	127.990368	131.545656	129.768012	3.5552880000000044	0.05985799231402389	129.768012	1.7776440000000022	0.15829166764568403	
15A	4	a	134.508396	138.063684	135.693492	3.5552879999999902	0.053510535387795155	136.28604	1.7776439999999951	0.1333992336667973	
15A	4	a	140.433876	152.877384	145.17426	12.443508000000008	0.20000727304459653	146.359356	6.221754000000004	2.24657850990173	
15A	4	a	153.469932	158.802864	156.432672	5.332932	0.0408333117442603	155.840124	2.666466	0.21568500669735546	
15A	4	a	159.395412	165.91344	163.543248	6.518028000000015	0.06965627217383474	162.358152	3.2590140000000076	0.3417327485794337	
15A	4	a	166.505988	168.87618	167.691084	2.370192000000003	0.03158585572323247	167.691084	1.1850960000000015	0.07374163702899139	
15A	4	a	169.468728	175.986756	169.468728	6.518028000000015	0.06682907943243377	172.431468	3.2590140000000076	0.2954857264820858	
15A	4	a	176.579304	178.356948	177.7644	1.777643999999981	0.05516002319063462	177.171852	0.8888219999999905	0.05852214766963759	
15A	4	a	178.949496	182.504784	178.949496	3.5552879999999902	0.05229607044403872	180.72714	1.7776439999999951	0.1409612530163631	
15A	4	a	183.097332	186.060072	184.282428	2.9627399999999966	0.06275999658277787	184.282428	1.4813699999999983	0.13989778496044591	
15A	4	a	186.65262	198.50358	192.5781	11.850959999999986	0.13741190531803493	192.5781	5.925479999999993	1.4749817306435813	
15A	4	a	199.096128	202.058868	199.688676	2.9627399999999966	0.05190526803285245	200.281224	1.4813699999999983	0.1514728675861159	
15A	4	a	202.651416	204.42906	203.243964	1.777643999999981	0.07163229304422414	203.243964	0.8888219999999905	0.10983225373940697	
15A	4	a	206.206704	209.169444	207.984348	2.9627399999999966	0.05831792544093917	207.3918	1.4813699999999983	0.14036938440350544	
15A	4	a	209.761992	214.502376	213.31728	4.740384000000006	0.07145032000621399	212.132184	2.370192000000003	0.29014542306171953	
15A	4	a	215.094924	216.872568	216.28002	1.7776440000000093	0.05799336063729399	215.687472	0.8888220000000047	0.03028475607717951	
15A	4	a	219.835308	221.612952	221.020404	1.7776440000000093	0.03869054843721731	220.427856	0.8888220000000047	0.04196449823853077	
15A	4	a	222.2055	223.983144	222.2055	1.7776440000000093	0.019336725872478144	222.798048	0.8888220000000047	0.02878253717982715	
15A	4	a	224.575692	226.945884	225.16824	2.370192000000003	0.027940282793943894	225.760788	1.1850960000000015	0.06205980646872633	
15A	4	a	227.538432	231.686268	227.538432	4.147836000000012	0.03262248562317405	229.316076	2.073918000000006	0.08163860586688632	
15A	4	a	232.278816	240.574488	239.389392	8.295671999999996	0.06415767538417994	236.426652	4.147835999999998	0.5571116798385296	
15A	4	a	241.167036	274.942272	253.017996	33.77523600000001	0.2994362957530994	257.75838	16.887618000000003	7.958615767559646	
15A	4	a	277.312464	279.682656	277.312464	2.3701920000000314	0.07474042496648314	278.49756	1.1850960000000157	0.16409074338025897	
15A	4	a	283.237944	292.126164	288.570876	8.88821999999999	0.04820416108430292	287.38578	4.444109999999995	0.35903726777833955	
15A	4	a	292.718712	318.790824	296.866548	26.072112000000004	0.9393174554193098	305.754768	13.036056000000002	18.60834057079521	
15A	4	a	319.383372	321.161016	320.568468	1.7776440000000093	0.05140652406496571	319.97592	0.8888220000000047	0.06394266479110455	
15A	2	b	323.531208	343.67784	338.937456	20.14663200000001	-0.15307649402758283	333.604524	10.073316000000005	-2.533720647407325	
15A	4	a	344.270388	360.269184	349.60332	15.99879599999997	0.1385570459884633	351.973512	7.999397999999985	2.066544674656836	
16A	4	a	8.295672	11.258412	10.073316	2.96274	0.026317090429215817	9.480768	1.48137	0.08490785660380928	
16A	4	a	11.85096	15.406248	14.221152	3.555287999999999	0.0913006027014176	13.628604	1.7776439999999996	0.20742875052690746	
16A	4	a	15.998796	18.368988	17.183892	2.370192000000001	0.049479958062932816	17.183892	1.1850960000000006	0.1095670284707253	
16A	4	a	18.961536	21.331728	20.146632	2.3701919999999994	0.08383822067007252	20.146632	1.1850959999999997	0.11443665652332369	
16A	4	a	21.924276	24.887016	23.70192	2.96274	0.043552092966086864	23.109372	1.48137	0.10526349233127763	
16A	4	a	25.479564	44.4411	35.55288	18.961536	0.17522057304907923	34.960332	9.480768	2.5676725011541586	
16A	4	a	45.033648	54.514416	50.959128	9.480767999999998	0.07411272035601879	49.774032	4.740383999999999	0.604316018877268	
16A	4	a	55.106964	56.884608	56.29206	1.7776440000000022	0.02705573982455034	55.699512	0.8888220000000011	0.028991219939361823	
16A	4	a	57.477156	63.402636	59.847348	5.92548	0.05241089266440513	60.439896	2.96274	0.2325401039836088	
16A	4	a	63.995184	68.14302	67.550472	4.147836000000005	0.09032441961984583	65.772828	2.0739180000000026	0.3109106122806573	
16A	4	a	68.735568	77.623788	68.735568	8.888220000000004	0.08948178886120095	72.883404	4.444110000000002	0.6150280808911583	
16A	4	a	79.401432	100.140612	87.104556	20.739180000000005	0.13399054881287764	89.474748	10.369590000000002	1.9659916321703839	
16A	4	a	100.73316	157.617768	146.359356	56.884608000000014	0.14080215458978085	129.175464	28.442304000000007	5.634002362054018	
16A	4	a	159.395412	166.505988	164.135796	7.110576000000009	0.07467240701210054	162.9507	3.5552880000000044	0.38886661244042586	
16A	4	a	167.098536	196.133388	189.022812	29.034852	0.08093911465482062	181.319688	14.517426	2.124957518614075	
16A	4	a	196.725936	203.836512	200.281224	7.110576000000009	0.07570025506050015	200.281224	3.5552880000000044	0.48769136412934944	
16A	4	a	204.42906	207.984348	206.799252	3.5552880000000187	0.04348251231593858	206.206704	1.7776440000000093	0.10144019965051565	
16A	4	a	209.761992	212.132184	209.761992	2.370192000000003	0.06596481333608617	210.947088	1.1850960000000015	0.12212331636171103	
16A	4	a	215.687472	224.575692	217.465116	8.88821999999999	0.06292221921536534	219.835308	4.444109999999995	0.43759028190909066	
16A	4	a	225.16824	227.538432	225.760788	2.370192000000003	0.10611497573757411	226.353336	1.1850960000000015	0.1981477472526172	
16A	4	a	229.316076	237.611748	232.278816	8.295671999999996	0.03531663690758613	233.463912	4.147835999999998	0.2561906172111863	
16A	4	a	238.204296	269.60934	255.388188	31.405043999999975	0.114206925294563	253.610544	15.702521999999988	3.2691197500134885	
16A	4	a	271.979532	276.127368	274.942272	4.147835999999984	0.057027934186958174	273.757176	2.073917999999992	0.2173244808778947	
16A	4	a	276.719916	283.237944	281.4603	6.518028000000015	0.06500400413210405	279.682656	3.2590140000000076	0.4286551254076403	
16A	4	a	283.830492	286.200684	285.608136	2.3701920000000314	0.02785999216952506	285.015588	1.1850960000000157	0.050257290542606414	
16A	4	a	286.793232	289.163424	287.978328	2.3701920000000314	0.024875215552212726	287.978328	1.1850960000000157	0.05388367090735424	
16A	2	b	293.903808	296.274	295.088904	2.3701919999999745	-0.07861484269326224	295.088904	1.1850959999999873	-0.1629351835848758	
16A	4	a	296.866548	319.383372	305.16222	22.516823999999986	0.8413635925417897	308.12496	11.258411999999993	19.87641473016822	
16A	4	a	319.97592	321.753564	320.568468	1.7776440000000093	0.033693031327906464	320.568468	0.8888220000000047	0.06104758885872408	
16A	2	b	323.531208	330.049236	328.271592	6.518028000000015	-0.062073262599410484	326.493948	3.2590140000000076	-0.4649815376404971	
16A	2	b	330.641784	346.048032	342.492744	15.406248000000005	-0.16414083032543259	338.344908	7.7031240000000025	-2.4950203343528696	
16A	4	a	346.64058	359.084088	353.751156	12.443508000000008	0.1169231661931156	352.56606	6.221754000000004	1.4218761078305422	
17A	4	a	2.96274	5.92548	2.96274	2.96274	0.058846115994581005	4.147836	1.48137	0.12569335037351537	
17A	4	a	8.295672	12.443508	10.073316	4.147836	0.056873420210627135	10.073316	2.073918	0.23113458766397676	
17A	4	a	13.036056	14.8137	14.221152	1.7776440000000004	0.08671123315030504	13.628604	0.8888220000000002	0.09209782229225172	
17A	4	a	15.406248	17.77644	16.591344	2.370192000000001	0.08770572442093272	16.591344	1.1850960000000006	0.13742135654697085	
17A	4	a	18.368988	23.70192	19.554084	5.332932	0.09122609838797757	20.73918	2.666466	0.3409194313919903	
17A	4	a	24.294468	51.551676	40.293264	27.257208000000002	0.23742821976511141	37.923072	13.628604000000001	5.278104997111537	
17A	4	a	52.144224	68.735568	59.2548	16.591344	0.13099032723297777	60.439896	8.295672	1.519725648339032	
17A	4	a	69.328116	77.623788	71.10576	8.29567200000001	0.07769427731688783	73.475952	4.147836000000005	0.5437697182557424	
17A	4	a	79.401432	81.771624	79.401432	2.370192000000003	0.030213497969577396	80.586528	1.1850960000000015	0.05667415581871604	
17A	4	a	82.364172	89.474748	85.91946	7.110576000000009	0.07268983005828078	85.91946	3.5552880000000044	0.33132458816212296	
17A	4	a	93.030036	95.400228	94.215132	2.370192000000003	0.0403117221603293	94.215132	1.1850960000000015	0.0709008644116107	
17A	4	a	95.992776	103.103352	99.548064	7.110575999999995	0.06326219599809679	99.548064	3.5552879999999973	0.4775594292308918	
17A	4	a	103.6959	106.65864	103.6959	2.962740000000011	0.11325549749074693	104.880996	1.4813700000000054	0.24400218598500634	
17A	4	a	109.028832	120.287244	110.806476	11.258412000000007	0.10926426721632332	114.361764	5.6292060000000035	1.050381933623663	
17A	4	a	120.879792	127.39782	124.43508	6.518028000000001	0.08891664034480051	123.842532	3.2590140000000005	0.4292829090369157	
17A	4	a	127.990368	135.693492	130.36056	7.703123999999988	0.09657328649489605	131.545656	3.851561999999994	0.5005969106931463	
17A	4	a	136.28604	142.804068	140.433876	6.518027999999987	0.07005482418790221	139.24878	3.2590139999999934	0.31853266789485457	
17A	4	a	143.396616	148.729548	145.766808	5.332932	0.08926319132812566	145.766808	2.666466	0.3766938315803321	
17A	4	a	151.09974	152.877384	152.284836	1.7776440000000093	0.025931647116648193	151.692288	0.8888220000000047	0.02385579763135559	
17A	4	a	153.469932	155.840124	154.06248	2.370192000000003	0.039819832182645065	154.655028	1.1850960000000015	0.09030510795971214	
17A	4	a	157.617768	161.765604	159.98796	4.147835999999984	0.04188750829976229	159.395412	2.073917999999992	0.13819979722342857	
17A	4	a	162.358152	164.135796	162.9507	1.7776440000000093	0.054924185183247154	162.9507	0.8888220000000047	0.060750699400106134	
17A	4	a	164.728344	168.283632	167.691084	3.5552880000000187	0.054269526863166995	166.505988	1.7776440000000093	0.142536765702872	
17A	4	a	168.87618	172.431468	170.061276	3.5552879999999902	0.08473128053699641	170.653824	1.7776439999999951	0.2541372597160152	
17A	4	a	173.024016	182.504784	174.80166	9.480768000000012	0.07777784904127882	177.7644	4.740384000000006	0.667848806057973	
17A	4	a	186.060072	189.61536	187.837716	3.5552880000000187	0.05219989404177294	187.837716	1.7776440000000093	0.14424524572835873	
17A	4	a	191.393004	193.170648	191.985552	1.7776440000000093	0.05621008028013197	191.985552	0.8888220000000047	0.07337438051993428	
17A	4	a	193.763196	199.096128	197.911032	5.332932	0.09637818265157261	196.133388	2.666466	0.44204472140239615	
17A	4	a	199.688676	226.945884	217.465116	27.25720800000002	0.1636932854855755	213.31728	13.62860400000001	3.4226412736070815	
17A	4	a	227.538432	258.943476	239.389392	31.405043999999975	0.11582214218241393	242.94468	15.702521999999988	3.2780127430919785	
17A	4	a	259.536024	265.461504	260.72112	5.925479999999993	0.06429845809298751	262.498764	2.9627399999999966	0.4108693299612427	
17A	4	a	266.054052	269.016792	266.054052	2.9627399999999966	0.1333036507115044	267.239148	1.4813699999999983	0.21026765233475664	
17A	4	a	269.60934	272.57208	271.386984	2.9627400000000534	0.07244771361635394	270.794436	1.4813700000000267	0.1897954914346287	
17A	4	a	273.164628	276.719916	276.127368	3.5552880000000187	0.08993591178142424	274.942272	1.7776440000000093	0.2629881382940351	
17A	4	a	277.312464	290.941068	280.275204	13.628603999999996	0.11241831164463667	283.830492	6.814301999999998	1.0009170156048628	
17A	4	a	291.533616	294.496356	292.718712	2.9627399999999966	0.10311093616924039	292.718712	1.4813699999999983	0.18696581134900847	
17A	4	a	295.088904	315.828084	305.754768	20.739179999999976	0.43329334333355085	305.16222	10.369589999999988	8.874026146704116	
17A	4	a	316.420632	328.271592	318.790824	11.850959999999986	0.14910085698794306	322.346112	5.925479999999993	1.9183946299806232	
17A	4	a	328.86414	334.78962	334.197072	5.925479999999993	0.10058011693782376	331.82688	2.9627399999999966	0.4681005102564786	
17A	4	a	335.382168	343.67784	335.382168	8.295672000000025	0.07592743017134884	339.530004	4.147836000000012	0.5935787225320186	
17A	4	a	344.270388	360.269184	351.380964	15.99879599999997	0.23023553657254636	351.973512	7.999397999999985	3.7554559175385185	
18A	4	a	2.370192	7.110576	2.370192	4.740384000000001	0.06615660804993384	4.740384	2.3701920000000003	0.28898094689928433	
18A	4	a	7.703124	21.331728	15.998796	13.628604	0.07541655656938229	14.221152	6.814302	1.0037796367424303	
18A	4	a	21.924276	27.257208	26.072112	5.332932	0.04835929087869095	24.294468	2.666466	0.1678802786452851	
18A	4	a	27.849756	30.219948	29.6274	2.3701919999999994	0.0173833993171586	29.034852	1.1850959999999997	0.03323883368279046	
18A	4	a	30.812496	34.367784	31.405044	3.555288000000001	0.0465275538911305	32.59014	1.7776440000000004	0.16084671873299028	
18A	4	a	34.960332	38.51562	37.330524	3.5552879999999973	0.05501675169325271	36.737976	1.7776439999999987	0.13919216794197187	
18A	4	a	39.108168	60.439896	47.40384	21.331728	0.14786887672055782	49.774032	10.665864	3.67070668048179	
18A	4	a	61.032444	78.808884	71.698308	17.776440000000008	0.079204836811134	69.920664	8.888220000000004	1.2559052097476635	
18A	4	a	79.401432	82.364172	81.771624	2.9627399999999966	0.07142014901497484	80.586528	1.4813699999999983	0.15521084454182477	
18A	4	a	82.95672	99.548064	90.067296	16.591343999999992	0.11060840798896843	91.252392	8.295671999999996	1.703589558500475	
18A	4	a	100.140612	106.066092	101.918256	5.925479999999993	0.07513117364000976	103.103352	2.9627399999999966	0.4011685014163455	
18A	4	a	106.65864	118.5096	110.806476	11.85096	0.0600112110371227	112.58412	5.92548	0.6226801421035986	
18A	4	a	119.102148	123.249984	120.287244	4.147835999999998	0.07943273152187258	120.879792	2.073917999999999	0.20320113462582468	
18A	4	a	123.842532	127.39782	125.620176	3.5552879999999902	0.06056452962516845	125.620176	1.7776439999999951	0.1841958491146216	
18A	4	a	127.990368	135.100944	132.730752	7.110575999999995	0.06820218234606701	131.545656	3.5552879999999973	0.40952523082476167	
18A	4	a	135.693492	138.063684	136.878588	2.370192000000003	0.04919747538133201	136.878588	1.1850960000000015	0.08426776346077114	
18A	4	a	138.656232	141.618972	139.24878	2.962740000000025	0.03875630041951217	139.841328	1.4813700000000125	0.10946902325662178	
18A	4	a	142.21152	143.989164	143.396616	1.777643999999981	0.04611776441060966	142.804068	0.8888219999999905	0.05630458760649115	
18A	4	a	144.581712	160.580508	154.06248	15.998795999999999	0.08378648329333238	152.284836	7.999397999999999	1.186557556691837	
18A	4	a	161.173056	164.728344	162.9507	3.5552879999999902	0.04242548994719675	162.9507	1.7776439999999951	0.12068418840710438	
18A	4	a	165.320892	177.7644	174.209112	12.443508000000008	0.06350733489591764	171.246372	6.221754000000004	0.6551704106988143	
18A	4	a	178.356948	181.319688	178.949496	2.962740000000025	0.07765920751787991	179.542044	1.4813700000000125	0.22045684064253046	
18A	4	a	181.912236	184.282428	182.504784	2.370192000000003	0.033242678322527475	183.097332	1.1850960000000015	0.08279936851398517	
18A	4	a	184.874976	191.393004	189.022812	6.518027999999987	0.05339340501002399	187.837716	3.2590139999999934	0.41338442299698186	
18A	4	a	191.985552	196.725936	194.948292	4.7403839999999775	0.04375465508184728	194.355744	2.3701919999999888	0.19474543305828518	
18A	4	a	197.318484	213.909828	211.539636	16.591343999999992	0.08032061684712977	205.614156	8.295671999999996	1.3681423199995577	
18A	4	a	214.502376	216.28002	215.687472	1.7776440000000093	0.042124578066106366	215.094924	0.8888220000000047	0.055723484472796736	
18A	4	a	216.872568	232.871364	228.723528	15.998795999999999	0.09805882344075068	224.575692	7.999397999999999	1.311472002519604	
18A	4	a	233.463912	242.352132	234.05646	8.888220000000018	0.06796259011642958	237.611748	4.444110000000009	0.6241066763367362	
18A	4	a	244.722324	249.462708	244.722324	4.740384000000006	0.039331826709144924	247.092516	2.370192000000003	0.15992211020520308	
18A	4	a	250.055256	253.017996	250.055256	2.9627399999999966	0.03259402017798507	251.240352	1.4813699999999983	0.08430861267991596	
18A	4	a	253.610544	261.313668	260.72112	7.7031240000000025	0.054286484109496325	257.165832	3.8515620000000013	0.3746929994784738	
18A	4	a	261.906216	270.201888	261.906216	8.295672000000025	0.07267434505773629	266.054052	4.147836000000012	0.513011112072628	
18A	4	a	271.979532	274.942272	272.57208	2.9627399999999966	0.0323598568129051	273.164628	1.4813699999999983	0.0802916300928016	
18A	4	a	277.312464	282.052848	279.682656	4.740384000000006	0.0617523748020834	279.682656	2.370192000000003	0.20778731968364084	
18A	4	a	282.645396	286.793232	282.645396	4.147835999999984	0.07280376308902792	284.42304	2.073917999999992	0.19697954762527248	
18A	2	b	288.570876	303.977124	298.051644	15.406248000000005	-0.13594588661208196	296.274	7.7031240000000025	-2.3202618268317465	
18A	4	a	304.569672	330.049236	313.457892	25.479563999999982	0.27200634908544297	317.01318	12.739781999999991	5.702983524715484	
18A	2	b	334.78962	355.5288	344.862936	20.739179999999976	-0.17949423248004015	344.862936	10.369589999999988	-2.707044200769098	
18A	4	a	356.121348	358.49154	357.898992	2.3701919999999745	0.029654994197834128	357.306444	1.1850959999999873	0.05092254032255816	
19A	4	a	0.0	12.443508	2.370192	12.443508	0.20729158334144104	5.92548	6.221754	3.0944054669042487	
19A	4	a	13.036056	27.257208	21.924276	14.221151999999998	0.1504673036445947	20.146632	7.110575999999999	2.4629050926289464	
19A	4	a	27.849756	36.145428	32.59014	8.295672000000003	0.13335779217678834	31.997592	4.147836000000002	1.1078377497543266	
19A	4	a	36.737976	42.070908	39.108168	5.332932	0.09600530901329041	39.108168	2.666466	0.47641114942666185	
19A	4	a	42.663456	63.995184	50.36658	21.331728000000005	0.21179732485879965	53.32932	10.665864000000003	3.4027721030392457	
19A	4	a	64.587732	68.735568	66.957924	4.147835999999998	0.062167662603169305	66.365376	2.073917999999999	0.13796378461888725	
19A	4	a	71.10576	77.03124	75.846144	5.925479999999993	0.1366131663794916	74.0685	2.9627399999999966	0.7896852479281176	
19A	4	a	78.808884	83.549268	81.179076	4.740383999999992	0.07809547425586771	81.179076	2.370191999999996	0.4724070858649865	
19A	4	a	84.141816	104.288448	96.585324	20.146631999999997	0.13617582375191128	94.215132	10.073315999999998	2.889670318995307	
19A	4	a	104.880996	107.251188	105.473544	2.370192000000003	0.06007672258723051	106.066092	1.1850960000000015	0.10079416750226544	
19A	4	a	107.843736	109.62138	107.843736	1.7776439999999951	0.061847001007158564	108.436284	0.8888219999999976	0.08880855854262126	
19A	4	a	110.213928	117.324504	110.806476	7.110576000000009	0.11583599810301815	113.769216	3.5552880000000044	0.7063557871283401	
19A	4	a	117.917052	123.249984	121.47234	5.332932	0.13102328686757048	120.287244	2.666466	0.5592565580065196	
19A	4	a	123.842532	135.693492	131.545656	11.850959999999986	0.1341796261826005	129.768012	5.925479999999993	1.595649680217572	
19A	4	a	136.28604	142.804068	137.471136	6.518027999999987	0.09120270341807624	139.24878	3.2590139999999934	0.7263855677692734	
19A	4	a	143.396616	148.137	145.17426	4.740384000000006	0.0559298362692946	145.766808	2.370192000000003	0.24926060196818312	
19A	4	a	149.914644	161.173056	156.432672	11.258411999999993	0.1062776787869355	155.247576	5.629205999999996	1.0285235812059543	
19A	4	a	161.765604	173.024016	163.543248	11.258411999999993	0.09387326614525193	167.098536	5.629205999999996	1.0873830360816092	
19A	4	a	173.616564	177.7644	176.579304	4.147835999999984	0.09205490780764691	175.394208	2.073917999999992	0.3058621039512799	
19A	4	a	178.356948	180.72714	178.949496	2.370192000000003	0.04061277666362484	179.542044	1.1850960000000015	0.08491779282750422	
19A	4	a	181.319688	187.245168	184.874976	5.925479999999993	0.04956060366532711	184.282428	2.9627399999999966	0.28392703924763985	
19A	4	a	187.837716	193.763196	190.207908	5.925479999999993	0.07467992035730209	190.800456	2.9627399999999966	0.40651123310269655	
19A	4	a	194.355744	199.096128	197.911032	4.740384000000006	0.08027031085248604	196.725936	2.370192000000003	0.38495061587519697	
19A	4	a	199.688676	206.799252	203.243964	7.110576000000009	0.10021474865231683	203.243964	3.5552880000000044	0.7677001556339746	
19A	4	a	208.576896	216.872568	210.947088	8.295671999999996	0.0799045640857532	212.724732	4.147835999999998	0.7124282733317573	
19A	4	a	217.465116	222.2055	221.020404	4.740384000000006	0.1012701259579516	219.835308	2.370192000000003	0.469920791914048	
19A	4	a	222.798048	228.13098	225.760788	5.332932	0.08222804650798077	225.16824	2.666466	0.42166562639259286	
19A	4	a	228.723528	232.278816	230.501172	3.5552880000000187	0.07005371069656574	230.501172	1.7776440000000093	0.17780297641953768	
19A	4	a	232.871364	251.240352	240.574488	18.368988	0.08362410593074543	241.759584	9.184494	1.1600006276582884	
19A	4	a	251.8329	257.165832	253.610544	5.332932000000028	0.07891328106334106	254.203092	2.666466000000014	0.4001198112998441	
19A	4	a	257.75838	267.239148	266.054052	9.480768000000012	0.0981490536298768	262.498764	4.740384000000006	0.7697694927951277	
19A	4	a	267.831696	273.164628	271.386984	5.332931999999971	0.1013960530255078	270.201888	2.6664659999999856	0.5903564532811258	
19A	4	a	273.757176	277.905012	275.53482	4.147835999999984	0.0660359969970381	275.53482	2.073917999999992	0.34852575761581694	
19A	4	a	278.49756	283.237944	280.867752	4.740384000000006	0.06782354422319958	280.867752	2.370192000000003	0.24176381851646767	
19A	4	a	283.830492	286.200684	285.608136	2.3701920000000314	0.03720357107046235	285.015588	1.1850960000000157	0.06796993720973066	
19A	4	a	286.793232	293.903808	289.755972	7.110576000000037	0.06505976695554283	290.34852	3.5552880000000187	0.39387335956311853	
19A	4	a	294.496356	300.421836	296.866548	5.925479999999993	0.09135858909568872	297.459096	2.9627399999999966	0.5050202248399052	
19A	4	a	301.014384	305.16222	302.19948	4.147835999999984	0.07565827210882148	302.792028	2.073917999999992	0.3064432702794173	
19A	4	a	305.754768	343.085292	329.456688	37.33052399999997	0.1833252768373841	324.123756	18.665261999999984	6.012625561904782	
19A	4	a	343.67784	360.269184	357.898992	16.591343999999992	0.44647404848393446	351.973512	8.295671999999996	5.216546540854751	
