										AB_Fed#6_Anterograde_evts_formatted.txt
ROI	Quadrant	Direction	Start time (s)	End time (s)	Peak time (s)	Duration (s)	Amplitude	Midpoint (s)	Half Duration(s)	AUC
8A	4	a	1.185096	3.555288	1.777644	2.3701920000000003	0.04817485874924765	2.370192	1.1850960000000001	0.07758659292617476	
8A	4	a	4.147836	31.405044	20.146632	27.257208	0.7499564463333295	17.77644	13.628604	10.240191380132348	
8A	4	a	31.997592	56.29206	42.663456	24.294468	0.3159141993369543	43.848552	12.147234	6.283286954625296	
8A	4	a	58.069704	63.995184	59.847348	5.92548	0.06996888210181185	61.032444	2.96274	0.38427757352346514	
8A	4	a	64.587732	74.661048	71.10576	10.073315999999991	0.0914041218510997	69.328116	5.036657999999996	0.7472968499828392	
8A	4	a	75.253596	93.030036	84.141816	17.776439999999994	0.9418005487773229	84.141816	8.888219999999997	9.377348947579444	
8A	2	b	93.622584	106.65864	101.918256	13.036056000000002	-0.17374106798448308	100.140612	6.518028000000001	-1.942404936942554	
8A	4	a	107.251188	113.769216	109.62138	6.518028000000001	0.10098103375346534	110.213928	3.2590140000000005	0.5981733170048968	
8A	4	a	114.361764	132.138204	119.694696	17.776440000000008	0.17370605658625626	123.249984	8.888220000000004	2.569115251460482	
8A	4	a	132.730752	154.06248	148.137	21.331728	0.25176646762520827	143.396616	10.665864	5.585773369851993	
8A	4	a	154.655028	168.283632	161.173056	13.628604000000024	0.3161056528227646	161.173056	6.814302000000012	4.686554717496273	
8A	4	a	168.87618	181.912236	173.024016	13.036056000000002	0.765410756336582	175.394208	6.518028000000001	7.316877386406654	
8A	4	a	182.504784	200.873772	192.5781	18.368988	0.4220204517501789	191.393004	9.184494	7.222477165444294	
8A	4	a	201.46632	218.057664	215.687472	16.591343999999992	0.28382190440988175	209.761992	8.295671999999996	5.529428575351273	
8A	4	a	218.650212	234.05646	221.612952	15.406247999999977	0.3232155576428939	226.353336	7.703123999999988	4.785899545652461	
8A	4	a	237.0192	248.277612	241.759584	11.258411999999993	0.3485569194511373	242.352132	5.629205999999996	3.8857931393735075	
8A	4	a	248.87016	260.72112	258.943476	11.850959999999986	0.09933930870115004	254.79564	5.925479999999993	1.0994122174435714	
8A	4	a	261.313668	269.60934	264.868956	8.295671999999968	0.3274657427097516	265.461504	4.147835999999984	1.8225448580661219	
8A	4	a	271.386984	273.164628	271.979532	1.7776440000000093	0.03706220666037696	271.979532	0.8888220000000047	0.05784014352288924	
8A	4	a	273.757176	275.53482	274.349724	1.7776440000000093	0.03201015981888489	274.349724	0.8888220000000047	0.04541648490945005	
8A	2	b	276.127368	290.34852	286.793232	14.221152000000018	-0.12173559483785912	283.237944	7.110576000000009	-1.1886176849081254	
8A	4	a	290.941068	292.718712	291.533616	1.7776440000000093	0.06136745952899014	291.533616	0.8888220000000047	0.08252757820265244	
8A	4	a	293.31126	322.93866	320.568468	29.627400000000023	0.16995825624348138	308.12496	14.813700000000011	3.7557938526184396	
8A	4	a	323.531208	346.048032	334.197072	22.516823999999986	0.7083777902535382	334.78962	11.258411999999993	14.224924274666904	
8A	2	b	349.010772	351.973512	349.60332	2.9627400000000534	-0.06936374817910185	350.195868	1.4813700000000267	-0.1619672397766534	
8A	4	a	355.5288	357.306444	356.713896	1.7776440000000093	0.03738264258865698	356.121348	0.8888220000000047	0.06860652305415926	
8A	4	a	357.898992	360.269184	359.084088	2.3701919999999745	0.05521443340179388	359.084088	1.1850959999999873	0.15120732854693308	
9A	4	a	0.0	4.147836	1.185096	4.147836	0.10938334823391038	1.777644	2.073918	0.4416858820389893	
9A	4	a	5.92548	11.85096	7.110576	5.92548	0.0919420205416639	8.88822	2.96274	0.5116207219473872	
9A	4	a	12.443508	23.109372	21.331728	10.665864000000001	0.36032371656105866	17.77644	5.3329320000000004	2.994758014443363	
9A	4	a	23.70192	42.070908	30.812496	18.368988	0.5771597464061045	32.59014	9.184494	9.596912826977084	
9A	4	a	42.663456	49.181484	45.033648	6.518028000000001	0.19461377237637345	45.626196	3.2590140000000005	0.9221390782410817	
9A	4	a	52.144224	55.106964	52.736772	2.9627399999999966	0.04482999519172104	53.32932	1.4813699999999983	0.07863087533543855	
9A	4	a	59.2548	74.661048	64.587732	15.40624799999999	0.1389665248111598	66.957924	7.703123999999995	1.6654848814840655	
9A	4	a	75.253596	80.586528	78.216336	5.332932	0.1363853665424304	77.623788	2.666466	0.6787418176169218	
9A	4	a	81.179076	89.474748	85.326912	8.29567200000001	0.3929800325353239	85.326912	4.147836000000005	1.8872211328266342	
9A	4	a	90.067296	107.843736	95.400228	17.776440000000008	0.2746571227221719	98.955516	8.888220000000004	4.3494973448637	
9A	4	a	108.436284	120.287244	116.139408	11.85096	0.19734988331536396	114.361764	5.92548	2.2890441295947466	
9A	4	a	120.879792	130.36056	125.027628	9.480767999999998	0.08428004296216596	125.620176	4.740383999999999	0.7301697305493617	
9A	4	a	132.730752	149.322096	142.804068	16.591343999999992	0.18828448846801882	141.026424	8.295671999999996	2.7509927365578957	
9A	4	a	149.914644	158.210316	152.877384	8.295671999999996	0.19265731514329154	154.06248	4.147835999999998	1.443326461852217	
9A	4	a	158.802864	169.468728	164.135796	10.665864	0.226490907798774	164.135796	5.332932	2.0149002164917054	
9A	4	a	170.061276	177.7644	174.80166	7.7031240000000025	0.32794580552576225	173.616564	3.8515620000000013	2.03236213044026	
9A	4	a	180.134592	194.355744	182.504784	14.22115199999999	0.599945704539727	187.245168	7.110575999999995	6.801463242888383	
9A	4	a	194.948292	207.984348	202.651416	13.036056000000002	0.23126664343680803	201.46632	6.518028000000001	2.428636428159395	
9A	4	a	208.576896	218.057664	213.909828	9.480767999999983	0.20060741511695923	213.31728	4.740383999999992	2.010718892297991	
9A	4	a	218.650212	235.241556	226.945884	16.591343999999992	0.29724937400088614	226.945884	8.295671999999996	4.032006579908052	
9A	4	a	235.834104	248.277612	239.389392	12.443508000000008	0.273438790222055	241.759584	6.221754000000004	3.7569718055363284	
9A	4	a	248.87016	254.203092	251.240352	5.332932	0.12878551713518283	251.240352	2.666466	0.4994168091913851	
9A	4	a	254.79564	263.091312	259.536024	8.295672000000025	0.2174393099305565	258.943476	4.147836000000012	1.4245857816072904	
9A	4	a	263.68386	271.979532	267.831696	8.295672000000025	0.42553018247502816	267.831696	4.147836000000012	3.139334080047071	
9A	4	a	272.57208	274.942272	274.349724	2.3701919999999745	0.0356990421719221	273.757176	1.1850959999999873	0.0345638065603977	
9A	2	b	275.53482	286.200684	281.4603	10.665864	-0.11482677265518904	280.867752	5.332932	-1.1432912289198551	
9A	4	a	287.978328	325.308852	317.605728	37.330524000000025	0.2949049366601728	306.347316	18.665262000000013	9.594391393014098	
9A	4	a	325.9014	346.64058	337.159812	20.739179999999976	0.7824087466099159	335.974716	10.369589999999988	11.800162302114384	
9A	2	b	347.233128	351.973512	349.010772	4.740384000000006	-0.11690266860304765	349.60332	2.370192000000003	-0.3989646676305838	
9A	4	a	352.56606	356.121348	353.751156	3.5552880000000187	0.07962999389384207	354.343704	1.7776440000000093	0.322880483033519	
9A	4	a	357.898992	360.269184	359.676636	2.3701919999999745	0.055339114032080694	359.084088	1.1850959999999873	0.07305542393559028	
10A	4	a	2.96274	21.331728	18.961536	18.368987999999998	0.25806617805907717	11.85096	9.184493999999999	4.666323119963292	
10A	4	a	21.924276	40.293264	28.442304	18.368988	0.7394436784728482	30.812496	9.184494	13.884422632157424	
10A	4	a	40.885812	45.626196	42.663456	4.740383999999999	0.09417598480357281	43.256004	2.3701919999999994	0.37660032339454586	
10A	2	b	46.218744	50.959128	49.181484	4.740383999999999	-0.1491231970344047	48.588936	2.3701919999999994	-0.6136728292903297	
10A	4	a	51.551676	55.106964	54.514416	3.5552879999999973	0.09884145702502956	53.32932	1.7776439999999987	0.2845063635331846	
10A	4	a	55.699512	60.439896	56.884608	4.740383999999999	0.08273754682093104	58.069704	2.3701919999999994	0.3177308875196292	
10A	4	a	61.032444	66.957924	64.587732	5.925480000000007	0.10314575247822555	63.995184	2.9627400000000037	0.7612397839191503	
10A	4	a	67.550472	70.513212	67.550472	2.9627399999999966	0.0819891099013943	68.735568	1.4813699999999983	0.18755126009969447	
10A	4	a	71.10576	77.03124	72.883404	5.925479999999993	0.12050794580680524	74.0685	2.9627399999999966	0.3810615425895125	
10A	4	a	77.623788	84.734364	79.99398	7.110575999999995	0.31768120930030275	81.179076	3.5552879999999973	2.0261284194247686	
10A	4	a	85.326912	103.103352	92.437488	17.776440000000008	0.9767595877926993	94.215132	8.888220000000004	13.649398971020174	
10A	4	a	104.880996	108.436284	106.65864	3.5552880000000044	0.1161554729399028	106.65864	1.7776440000000022	0.39158518999196623	
10A	2	b	109.028832	110.806476	110.213928	1.7776440000000093	-0.10957564614130044	109.62138	0.8888220000000047	-0.16556599349760415	
10A	4	a	111.399024	118.5096	116.139408	7.110576000000009	0.10126389037099814	114.954312	3.5552880000000044	0.6393659650381112	
10A	4	a	120.287244	123.842532	122.064888	3.5552880000000044	0.06527286837942547	122.064888	1.7776440000000022	0.2215651985643654	
10A	4	a	124.43508	130.36056	128.582916	5.925479999999993	0.09966057796315031	127.39782	2.9627399999999966	0.7277654730511545	
10A	4	a	132.730752	142.21152	135.100944	9.480768000000012	0.22019188600656125	137.471136	4.740384000000006	1.460066807244538	
10A	4	a	142.804068	171.83892	155.247576	29.034852	0.24955590626476853	157.02522	14.517426	7.741103546128151	
10A	4	a	172.431468	183.68988	177.7644	11.258411999999993	0.6392561570836648	177.7644	5.629205999999996	4.627166130147158	
10A	4	a	184.282428	186.060072	185.467524	1.777643999999981	0.04535975264629055	184.874976	0.8888219999999905	0.08104438967560967	
10A	2	b	186.65262	189.61536	188.430264	2.9627399999999966	-0.09936029064262364	187.837716	1.4813699999999983	-0.2870318340958036	
10A	4	a	196.133388	207.3918	201.46632	11.258411999999993	0.2619389574737738	201.46632	5.629205999999996	2.9294325518431386	
10A	4	a	207.984348	212.132184	209.761992	4.147835999999984	0.11920394810924417	209.761992	2.073917999999992	0.3840410780805341	
10A	4	a	212.724732	226.945884	219.24276	14.221152000000018	0.47159874090352716	219.835308	7.110576000000009	6.44942013122057	
10A	4	a	227.538432	239.389392	234.05646	11.850959999999986	0.43093433275401294	233.463912	5.925479999999993	4.218351698711463	
10A	4	a	239.98194	254.203092	245.314872	14.22115199999999	0.1680305694155395	247.092516	7.110575999999995	2.2407473737919794	
10A	4	a	254.79564	263.091312	256.573284	8.295672000000025	0.17130292099730715	258.943476	4.147836000000012	1.578592095641217	
10A	4	a	263.68386	277.905012	270.794436	14.221152000000018	0.7258274265660813	270.794436	7.110576000000009	7.87878670193414	
10A	4	a	278.49756	283.237944	280.275204	4.740384000000006	0.07346798602805293	280.867752	2.370192000000003	0.2091578095543849	
10A	2	b	283.830492	287.978328	284.42304	4.147835999999984	-0.10068007025520975	285.608136	2.073917999999992	-0.37047898465675844	
10A	4	a	288.570876	324.123756	315.235536	35.552880000000016	0.25489118059068083	306.347316	17.776440000000008	9.654562218135327	
10A	4	a	324.716304	334.197072	331.234332	9.480768000000012	0.21323853121628034	329.456688	4.740384000000006	2.1010820038879467	
10A	4	a	335.974716	338.344908	337.159812	2.3701919999999745	0.06651615912077657	337.159812	1.1850959999999873	0.11827275271434323	
10A	4	a	338.937456	346.64058	340.7151	7.7031240000000025	0.16896356941335222	342.492744	3.8515620000000013	1.3887825247536845	
10A	4	a	347.233128	360.269184	359.084088	13.036055999999974	0.25820248911295307	353.751156	6.518027999999987	2.3619846996507725	
11A	2	b	0.0	1.777644	0.0	1.777644	-0.05710577820337415	0.592548	0.888822	-0.054361427106497606	
11A	4	a	2.370192	7.703124	4.740384	5.332932	0.18478507849246695	4.740384	2.666466	0.9490968938418518	
11A	4	a	8.295672	19.554084	16.591344	11.258412	0.3145885744265775	13.628604	5.629206	3.6073889122007756	
11A	4	a	20.146632	29.034852	24.887016	8.88822	1.0508483319858852	24.294468	4.44411	6.684565414453747	
11A	4	a	29.6274	52.736772	48.588936	23.109372	0.40568815607698383	40.885812	11.554686	10.339249302171584	
11A	4	a	53.32932	100.140612	89.474748	46.811292	1.1911610190767514	76.438692	23.405646	32.66646801381384	
11A	4	a	100.73316	161.765604	131.545656	61.032444	0.3899111733197631	130.953108	30.516222	22.434846639025455	
11A	4	a	162.358152	186.65262	178.356948	24.294468000000023	0.6655930694982435	174.209112	12.147234000000012	12.052760514952844	
11A	4	a	187.245168	191.985552	190.207908	4.740384000000006	0.13408360127574293	189.61536	2.370192000000003	0.5368647275493661	
11A	4	a	193.763196	218.057664	207.984348	24.294467999999995	0.2126721762452357	205.614156	12.147233999999997	4.398784697038545	
11A	4	a	218.650212	228.13098	223.983144	9.480767999999983	0.128534248529657	223.390596	4.740383999999992	1.0685379862465039	
11A	4	a	228.723528	231.686268	229.316076	2.962740000000025	0.07972454760423586	229.908624	1.4813700000000125	0.207673526793984	
11A	4	a	236.426652	238.796844	237.0192	2.370192000000003	0.07255078380864832	237.611748	1.1850960000000015	0.12974361180624205	
11A	4	a	239.389392	250.055256	245.314872	10.665864000000028	0.15618439019482322	244.722324	5.332932000000014	1.3110763097479121	
11A	4	a	251.8329	253.610544	253.017996	1.7776440000000093	0.07611851333876452	252.425448	0.8888220000000047	0.12532244753722854	
11A	4	a	254.203092	257.165832	255.980736	2.962740000000025	0.06157633534739304	255.388188	1.4813700000000125	0.16213961210245564	
11A	4	a	257.75838	280.867752	273.164628	23.109372000000008	0.577305204718789	269.016792	11.554686000000004	10.378853040388739	
11A	2	b	281.4603	287.38578	285.015588	5.925479999999993	-0.15480356342010504	284.42304	2.9627399999999966	-0.7855806366357052	
11A	4	a	287.978328	311.680248	308.717508	23.70192000000003	0.21405650039770308	299.829288	11.850960000000015	5.246384655696102	
11A	4	a	312.272796	332.419428	327.679044	20.146631999999954	0.15560714311401247	322.346112	10.073315999999977	2.6198021243539036	
11A	4	a	333.011976	360.269184	360.269184	27.25720799999999	2.0335967596200253	346.64058	13.628603999999996	37.92513374255494	
12A	4	a	0.0	15.998796	2.96274	15.998796	0.4573363810223867	7.703124	7.999398	7.183725988636243	
12A	2	b	16.591344	18.368988	17.183892	1.7776440000000022	-0.06225568400275794	17.183892	0.8888220000000011	-0.09781811881520541	
12A	4	a	18.961536	21.331728	18.961536	2.3701919999999994	0.08793807628136374	20.146632	1.1850959999999997	0.20592958551698315	
12A	4	a	21.924276	29.6274	25.479564	7.7031240000000025	0.30617631771440834	25.479564	3.8515620000000013	2.0665111446297004	
12A	4	a	30.219948	46.218744	33.775236	15.998796000000002	0.7242504975549826	37.923072	7.999398000000001	10.278964075522087	
12A	4	a	46.811292	63.995184	50.36658	17.183892	0.293279483451812	55.106964	8.591946	3.4147840727739127	
12A	4	a	64.587732	66.365376	64.587732	1.7776439999999951	0.06322344790060441	65.18028	0.8888219999999976	0.09458790352237001	
12A	4	a	66.957924	84.141816	79.99398	17.183892	0.19912167218827737	75.253596	8.591946	2.8612973559383232	
12A	4	a	84.734364	93.622584	90.659844	8.888220000000004	0.4601701925386399	88.8822	4.444110000000002	2.7006149833252615	
12A	4	a	95.992776	110.213928	97.177872	14.22115199999999	0.5376684551551483	103.103352	7.110575999999995	7.873687439843339	
12A	4	a	110.806476	113.769216	111.399024	2.9627399999999966	0.1264591044863428	111.991572	1.4813699999999983	0.31530138930550633	
12A	4	a	114.361764	117.917052	117.324504	3.5552880000000044	0.06718378796492441	116.139408	1.7776440000000022	0.19449390456768967	
12A	4	a	118.5096	127.39782	119.694696	8.88821999999999	0.10899847683015462	122.657436	4.444109999999995	0.6158893181303435	
12A	4	a	127.990368	146.359356	142.804068	18.368987999999987	0.19318330129461003	136.878588	9.184493999999994	3.4157955438316443	
12A	4	a	146.951904	149.322096	148.729548	2.3701919999999745	0.08494852628229754	148.137	1.1850959999999873	0.11752993058613814	
12A	4	a	149.914644	154.06248	152.877384	4.147835999999984	0.1597914809760761	151.692288	2.073917999999992	0.5591880674504304	
12A	4	a	154.655028	156.432672	154.655028	1.7776440000000093	0.04043596842406494	155.247576	0.8888220000000047	0.038860952604292454	
12A	4	a	157.02522	167.098536	161.173056	10.073316000000005	0.14129075711349248	161.765604	5.036658000000003	1.0894411082718878	
12A	4	a	167.691084	171.83892	170.061276	4.147836000000012	0.11780374434532437	169.468728	2.073918000000006	0.3587047013685718	
12A	4	a	172.431468	183.68988	180.72714	11.258411999999993	0.4205987987280517	177.7644	5.629205999999996	2.9985459730970834	
12A	4	a	184.282428	190.800456	187.245168	6.518027999999987	0.2818893340077855	187.245168	3.2590139999999934	1.2291361699878305	
12A	4	a	191.393004	200.281224	193.170648	8.888220000000018	0.10992941678512214	195.54084	4.444110000000009	0.7825497267223809	
12A	4	a	200.873772	228.723528	215.687472	27.849755999999985	0.23303700860822563	214.502376	13.924877999999993	4.115773790680194	
12A	4	a	229.316076	235.241556	231.686268	5.925479999999993	0.12181631899277434	232.278816	2.9627399999999966	0.5991815099764874	
12A	4	a	235.834104	249.462708	238.204296	13.628603999999996	0.13682869303766854	242.352132	6.814301999999998	1.8156010702512555	
12A	4	a	250.055256	253.610544	252.425448	3.5552879999999902	0.08307281485081663	251.8329	1.7776439999999951	0.22368950580006075	
12A	4	a	254.203092	260.72112	255.388188	6.518027999999987	0.08256601305776723	257.165832	3.2590139999999934	0.5189684567446498	
12A	4	a	261.313668	263.091312	261.313668	1.7776440000000093	0.05718413004358336	261.906216	0.8888220000000047	0.10031207218580773	
12A	4	a	263.68386	293.31126	284.42304	29.627400000000023	0.5414825489495643	278.49756	14.813700000000011	11.835263749063026	
12A	4	a	293.903808	301.014384	300.421836	7.1105759999999805	0.12322855134433919	297.459096	3.5552879999999902	0.48731129554936103	
12A	4	a	301.606932	307.532412	306.347316	5.92548000000005	0.1241224552100384	304.569672	2.962740000000025	0.4978078455625501	
12A	4	a	308.12496	314.642988	308.717508	6.518028000000015	0.1494656500612379	311.0877	3.2590140000000076	0.5235320472406038	
12A	4	a	315.235536	317.01318	315.235536	1.7776439999999525	0.05896796555528372	315.828084	0.8888219999999762	0.08668475124563901	
12A	4	a	317.605728	330.049236	322.346112	12.443508000000008	0.31443611397076143	323.531208	6.221754000000004	3.3583258604306017	
12A	4	a	332.419428	357.306444	344.862936	24.887016000000017	0.7957660318875526	344.862936	12.443508000000008	15.174980125789286	
12A	4	a	357.898992	359.676636	357.898992	1.7776439999999525	0.09036096950556782	358.49154	0.8888219999999762	0.08272203634444386	
13A	4	a	1.185096	10.073316	4.740384	8.88822	0.12732738968309043	5.332932	4.44411	0.9882371454414889	
13A	4	a	10.665864	14.8137	11.258412	4.147836000000002	0.06871638381387069	12.443508	2.073918000000001	0.11687546534737336	
13A	4	a	15.406248	20.73918	18.961536	5.332932000000001	0.14013578285077521	17.77644	2.6664660000000007	0.5617837639320586	
13A	4	a	21.331728	36.145428	28.442304	14.813700000000004	0.6704836615896248	28.442304	7.406850000000002	5.450134878359214	
13A	2	b	36.737976	38.51562	37.330524	1.7776439999999951	-0.08656604136656387	37.330524	0.8888219999999976	-0.1309870200936909	
13A	4	a	39.108168	45.626196	41.47836	6.518028000000001	0.3962089302393572	42.070908	3.2590140000000005	2.397872797457061	
13A	4	a	46.218744	103.6959	85.326912	57.477155999999994	0.5771653686145832	74.661048	28.738577999999997	39.12026532094343	
13A	2	b	104.288448	106.066092	104.880996	1.7776439999999951	-0.053985074415409784	104.880996	0.8888219999999976	-0.07001143153888822	
13A	4	a	108.436284	133.915848	122.657436	25.47956400000001	0.18070973692080816	120.879792	12.739782000000005	5.305470266556449	
13A	4	a	134.508396	141.618972	135.100944	7.110576000000009	0.12861980443629584	138.063684	3.5552880000000044	0.7972222952876047	
13A	4	a	142.21152	146.359356	145.17426	4.147835999999984	0.153215289084903	143.989164	2.073917999999992	0.5065378832342753	
13A	4	a	146.951904	166.505988	149.914644	19.55408399999999	0.22804993977995647	156.432672	9.777041999999994	3.5049687729755497	
13A	4	a	167.098536	171.83892	170.061276	4.740384000000006	0.13389944692077194	169.468728	2.370192000000003	0.494743441747604	
13A	4	a	172.431468	190.800456	182.504784	18.368988	0.57395078487757	181.319688	9.184494	7.580419342871387	
13A	2	b	191.393004	193.763196	192.5781	2.370192000000003	-0.030923790482882296	192.5781	1.1850960000000015	-0.06700411807344153	
13A	4	a	194.355744	212.724732	201.46632	18.368988	0.34828553079111835	203.243964	9.184494	5.732646440080146	
13A	4	a	213.31728	218.057664	214.502376	4.7403839999999775	0.10725665930347272	215.687472	2.3701919999999888	0.5602092724523091	
13A	4	a	220.427856	223.390596	222.2055	2.9627399999999966	0.08013552776077315	221.612952	1.4813699999999983	0.2317172781158927	
13A	4	a	223.983144	232.278816	227.538432	8.295671999999996	0.08275446013643606	228.13098	4.147835999999998	0.5209986184902626	
13A	4	a	232.871364	235.241556	234.05646	2.370192000000003	0.0880245336878156	234.05646	1.1850960000000015	0.23787312345810774	
13A	4	a	235.834104	238.796844	237.0192	2.9627399999999966	0.11249280922465577	237.0192	1.4813699999999983	0.1992846328471365	
13A	4	a	239.389392	241.759584	240.574488	2.370192000000003	0.04964942100731218	240.574488	1.1850960000000015	0.07686659360676451	
13A	4	a	251.8329	253.610544	253.017996	1.7776440000000093	0.055696756899019206	252.425448	0.8888220000000047	0.09149786401298599	
13A	2	b	257.165832	259.536024	258.943476	2.3701919999999745	-0.034855060199302734	258.350928	1.1850959999999873	-0.043322226450305035	
13A	4	a	261.313668	263.091312	261.313668	1.7776440000000093	0.02663082167108044	261.906216	0.8888220000000047	0.040617136324414105	
13A	4	a	263.68386	275.53482	272.57208	11.850960000000043	0.09658561174497216	269.60934	5.925480000000022	0.9879726593704645	
13A	4	a	276.127368	285.015588	277.312464	8.88821999999999	0.3147495060023262	280.275204	4.444109999999995	1.8532023163032778	
13A	4	a	285.608136	303.384576	290.941068	17.77643999999998	0.2020467332165099	294.496356	8.88821999999999	3.5051759463934182	
13A	4	a	303.977124	306.939864	306.347316	2.9627399999999966	0.12602442750463805	305.16222	1.4813699999999983	0.2935052440862358	
13A	4	a	307.532412	309.310056	308.717508	1.7776439999999525	0.1453851765760339	308.12496	0.8888219999999762	0.12238232639817914	
13A	4	a	309.902604	314.642988	312.272796	4.740384000000006	0.09131004748635618	312.272796	2.370192000000003	0.31021265832325273	
13A	4	a	315.235536	334.78962	321.161016	19.55408399999999	0.20807779481996125	324.716304	9.777041999999994	3.7962288211099833	
13A	4	a	335.382168	360.269184	337.75236	24.887016000000017	0.40572727602847625	347.825676	12.443508000000008	8.816831544657491	
14A	4	a	1.185096	10.073316	4.740384	8.88822	0.1898098699495545	5.332932	4.44411	1.6710786358631489	
14A	4	a	10.665864	14.221152	10.665864	3.555288000000001	0.07455803286636442	12.443508	1.7776440000000004	0.22553826988041248	
14A	4	a	14.8137	20.73918	18.961536	5.92548	0.1448548574254529	17.77644	2.96274	0.7074614501000447	
14A	4	a	21.331728	27.849756	26.66466	6.518028000000001	0.20735818916414495	24.294468	3.2590140000000005	1.1515252387404837	
14A	4	a	28.442304	34.960332	31.405044	6.518028000000001	0.2785853448965474	31.405044	3.2590140000000005	1.349391482211698	
14A	4	a	35.55288	58.662252	48.588936	23.109372	0.38741306970951417	46.811292	11.554686	8.417670973738826	
14A	4	a	59.2548	101.918256	93.622584	42.663456	0.6345453422743184	80.586528	21.331728	17.645515756643682	
14A	4	a	102.510804	123.842532	106.066092	21.331728000000012	0.5282074576671838	113.176668	10.665864000000006	9.134058095837133	
14A	4	a	124.43508	132.138204	126.212724	7.7031240000000025	0.06794352452232566	127.990368	3.8515620000000013	0.48653241076834286	
14A	4	a	134.508396	138.656232	135.693492	4.147835999999984	0.07801380493919474	136.28604	2.073917999999992	0.3200206188465784	
14A	4	a	139.24878	158.210316	152.284836	18.961535999999995	0.18699074195879817	148.729548	9.480767999999998	3.1801632451787376	
14A	4	a	158.802864	162.9507	158.802864	4.147836000000012	0.13897960734762638	160.580508	2.073918000000006	0.4981136103898982	
14A	4	a	163.543248	171.83892	165.320892	8.295671999999996	0.1542402454903229	167.691084	4.147835999999998	1.078658231978101	
14A	4	a	172.431468	181.912236	178.356948	9.480768000000012	0.308482175841422	177.171852	4.740384000000006	3.4404322163588823	
14A	4	a	182.504784	189.022812	186.060072	6.518027999999987	0.3771661892810112	185.467524	3.2590139999999934	2.103105301407447	
14A	4	a	192.5781	205.614156	194.948292	13.036056000000002	0.4582821099486063	199.096128	6.518028000000001	5.019374131824824	
14A	4	a	206.206704	218.057664	214.502376	11.850959999999986	0.1101071255215702	212.132184	5.925479999999993	1.381664314248762	
14A	4	a	218.650212	285.015588	280.275204	66.36537599999997	0.4117377366839534	251.8329	33.182687999999985	20.372629839731967	
14A	4	a	285.608136	303.977124	291.533616	18.368988	0.3272096000614244	294.496356	9.184494	5.289024911612467	
14A	4	a	304.569672	306.939864	306.347316	2.3701919999999745	0.11801644995602167	305.754768	1.1850959999999873	0.2651790752311185	
14A	4	a	307.532412	311.680248	308.717508	4.147835999999984	0.1757141607730519	309.310056	2.073917999999992	0.4239207503737381	
14A	4	a	312.272796	314.642988	312.272796	2.3701919999999745	0.08818521673709867	313.457892	1.1850959999999873	0.2224777280759329	
14A	4	a	315.235536	318.790824	315.235536	3.555287999999962	0.10616358584539398	317.01318	1.777643999999981	0.3951154290787695	
14A	4	a	319.383372	327.086496	321.161016	7.7031240000000025	0.12252929610958052	322.93866	3.8515620000000013	0.8766474491924061	
14A	4	a	327.679044	332.419428	327.679044	4.740384000000006	0.0954318885680232	330.049236	2.370192000000003	0.35542012765797937	
14A	4	a	333.011976	336.567264	333.604524	3.5552880000000187	0.13194806830640804	334.78962	1.7776440000000093	0.4159365079837176	
14A	4	a	337.159812	345.455484	340.7151	8.295672000000025	0.29850775372612315	341.307648	4.147836000000012	2.218628061539741	
14A	4	a	349.60332	360.269184	350.788416	10.665864	0.22411259748636336	354.936252	5.332932	2.2656127340159506	
15A	4	a	0.0	7.703124	4.740384	7.703124	0.19396928203348995	3.555288	3.851562	1.5245610691930023	
15A	4	a	8.295672	17.183892	12.443508	8.88822	0.20175522879759988	12.443508	4.44411	1.3940984412075488	
15A	4	a	17.77644	37.330524	29.6274	19.554083999999996	0.8977811079999563	27.257208	9.777041999999998	15.341625530086786	
15A	2	b	37.923072	71.10576	46.218744	33.182688000000006	-0.7727323210792529	54.514416	16.591344000000003	-16.33943124452582	
15A	4	a	72.883404	77.03124	74.0685	4.147835999999998	0.08733235667100514	74.661048	2.073917999999999	0.2365043559758604	
15A	4	a	77.623788	94.215132	89.474748	16.591343999999992	0.21817284355944766	85.91946	8.295671999999996	3.394153037257312	
15A	4	a	94.80768	106.65864	98.955516	11.85096	0.5018762726140249	100.73316	5.92548	4.838809669936426	
15A	2	b	107.251188	109.028832	107.843736	1.7776439999999951	-0.028670999752189008	107.843736	0.8888219999999976	-0.035344002386922035	
15A	4	a	109.62138	149.322096	117.324504	39.700715999999986	0.41702174310487417	129.175464	19.850357999999993	17.2391507783445	
15A	4	a	151.692288	156.432672	152.877384	4.740384000000006	0.1026757282826205	154.06248	2.370192000000003	0.4083410447609117	
15A	4	a	157.02522	180.72714	161.173056	23.70192	0.19356511195440396	168.87618	11.85096	4.516489312537116	
15A	4	a	181.319688	197.911032	189.61536	16.591343999999992	0.3519953180734152	189.61536	8.295671999999996	4.916952777633164	
15A	4	a	198.50358	279.682656	229.316076	81.17907600000001	1.5960129933271392	238.796844	40.589538000000005	100.04826284081328	
15A	4	a	280.275204	293.903808	285.608136	13.628604000000053	0.34112416682310354	286.793232	6.814302000000026	4.490683138833936	
15A	4	a	294.496356	307.532412	306.347316	13.03605600000003	0.10350008731063864	301.014384	6.518028000000015	1.2633776243973724	
15A	4	a	308.12496	311.680248	308.717508	3.5552880000000187	0.09042274813759343	309.902604	1.7776440000000093	0.2208497045128468	
15A	4	a	312.272796	315.828084	313.457892	3.555287999999962	0.07192541397530094	314.05044	1.777643999999981	0.17819093165296374	
15A	4	a	316.420632	319.383372	317.605728	2.9627399999999966	0.04906377490858027	317.605728	1.4813699999999983	0.12214895735143805	
15A	4	a	319.97592	327.086496	322.346112	7.110576000000037	0.10649875839943768	323.531208	3.5552880000000187	0.7410199468647898	
15A	4	a	327.679044	330.049236	327.679044	2.3701920000000314	0.09659378664177876	328.86414	1.1850960000000157	0.13239538934856276	
15A	4	a	330.641784	332.419428	331.234332	1.7776440000000093	0.06834726694392623	331.234332	0.8888220000000047	0.11017488123004604	
15A	4	a	333.011976	336.567264	335.974716	3.5552880000000187	0.06674938165773048	334.78962	1.7776440000000093	0.21363311070156854	
15A	4	a	339.530004	351.973512	347.825676	12.443508000000008	0.5931193153027867	345.455484	6.221754000000004	8.206855877774204	
15A	4	a	352.56606	360.269184	354.936252	7.7031240000000025	0.1858153431126155	356.121348	3.8515620000000013	1.061324252535799	
16A	4	a	5.332932	7.703124	5.332932	2.3701920000000003	0.036464329478556046	6.518028	1.1850960000000001	0.08561166370739226	
16A	4	a	8.295672	27.849756	23.70192	19.554084	0.4881116864959978	17.77644	9.777042	8.979629666428426	
16A	4	a	28.442304	37.923072	34.367784	9.480767999999998	1.4621039830392286	33.182688	4.740383999999999	12.247745945686114	
16A	4	a	38.51562	40.885812	39.700716	2.370192000000003	0.10975066872009975	39.700716	1.1850960000000015	0.2581713328131925	
16A	2	b	41.47836	69.328116	49.181484	27.849755999999992	-0.3553466779049357	55.106964	13.924877999999996	-7.8991415177733115	
16A	4	a	69.920664	105.473544	93.622584	35.55288	1.5517702869738401	87.697104	17.77644	50.634477513343946	
16A	4	a	107.251188	110.213928	108.436284	2.9627399999999966	0.06782446335607206	108.436284	1.4813699999999983	0.17011307032312306	
16A	2	b	110.806476	119.694696	111.991572	8.88821999999999	-0.10999606004744944	114.954312	4.444109999999995	-0.7692937720569308	
16A	4	a	120.287244	127.39782	121.47234	7.110575999999995	0.08814956429300036	123.842532	3.5552879999999973	0.6740816376499186	
16A	4	a	127.990368	158.210316	141.026424	30.219948000000002	0.9590533235763892	142.804068	15.109974000000001	26.723772868521493	
16A	4	a	158.802864	166.505988	164.135796	7.7031240000000025	0.24829139557348778	162.358152	3.8515620000000013	1.9753224122146245	
16A	2	b	168.283632	170.061276	168.87618	1.777643999999981	-0.028964078495238965	168.87618	0.8888219999999905	-0.041775876834362125	
16A	4	a	170.653824	178.949496	175.394208	8.295672000000025	0.2808516855467671	174.80166	4.147836000000012	1.9687702225454355	
16A	4	a	179.542044	190.800456	187.837716	11.258411999999993	0.8857980137286763	184.874976	5.629205999999996	11.434983605728217	
16A	2	b	194.355744	213.31728	208.576896	18.961536000000024	-0.44873055330212663	203.836512	9.480768000000012	-8.508376183245929	
16A	4	a	213.909828	236.426652	216.28002	22.516823999999986	1.4231387050958535	225.16824	11.258411999999993	31.720150286816445	
16A	4	a	237.0192	238.796844	237.0192	1.777643999999981	0.07090096745619201	237.611748	0.8888219999999905	0.10137024193434829	
16A	2	b	241.759584	245.314872	242.94468	3.5552880000000187	-0.06124595024912027	243.537228	1.7776440000000093	-0.14680561483112964	
16A	2	b	245.90742	248.277612	247.685064	2.370192000000003	-0.028388228165236562	247.092516	1.1850960000000015	-0.04211250068158523	
16A	4	a	251.8329	286.793232	278.49756	34.960331999999994	0.5683473157551582	269.016792	17.480165999999997	14.510452694778577	
16A	2	b	288.570876	303.384576	290.34852	14.813699999999983	-0.17298047544641548	295.681452	7.4068499999999915	-2.5978007800952865	
16A	4	a	307.532412	313.457892	308.717508	5.925479999999993	0.09998470580982444	310.495152	2.9627399999999966	0.46800714692715073	
16A	4	a	314.05044	319.383372	317.01318	5.332932000000028	0.03307421390961096	316.420632	2.666466000000014	0.2161548733056724	
16A	4	a	319.97592	322.346112	320.568468	2.3701920000000314	0.04581780218716691	321.161016	1.1850960000000157	0.07807663287085331	
16A	4	a	322.93866	325.9014	323.531208	2.9627399999999966	0.035093763608547324	324.123756	1.4813699999999983	0.07002979883660587	
16A	4	a	326.493948	360.269184	344.862936	33.77523600000001	0.3409611158851189	343.085292	16.887618000000003	6.5587620364882575	
17A	4	a	2.96274	4.740384	3.555288	1.7776439999999996	0.0325599705478119	3.555288	0.8888219999999998	0.05272025263982849	
17A	4	a	5.332932	7.703124	6.518028	2.3701920000000003	0.04021229364407297	6.518028	1.1850960000000001	0.10982562595168321	
17A	4	a	8.295672	14.8137	11.258412	6.518028000000001	0.09901029925149896	11.258412	3.2590140000000005	0.5539092988748742	
17A	4	a	15.406248	17.183892	15.998796	1.7776440000000004	0.06109534450096277	15.998796	0.8888220000000002	0.08163744208329327	
17A	4	a	17.77644	49.181484	36.145428	31.405043999999997	1.0410929863287892	33.182688	15.702521999999998	26.580768880788586	
17A	4	a	49.774032	60.439896	57.477156	10.665864	0.31694240663962825	55.106964	5.332932	2.533249644911307	
17A	4	a	61.032444	85.91946	64.587732	24.887016000000003	0.5404901089533993	73.475952	12.443508000000001	13.882261889435435	
17A	4	a	86.512008	93.030036	90.659844	6.518028000000001	0.264501164739138	89.474748	3.2590140000000005	1.7502989628442978	
17A	4	a	93.622584	111.399024	101.325708	17.776439999999994	0.8058287595461135	102.510804	8.888219999999997	12.877343219466372	
17A	4	a	113.176668	119.694696	116.731956	6.518027999999987	0.8615168040638235	116.139408	3.2590139999999934	5.292362833715252	
17A	2	b	121.47234	126.212724	123.842532	4.740383999999992	-0.20529955845767356	123.842532	2.370191999999996	-0.7616454437842477	
17A	4	a	126.805272	158.210316	135.100944	31.405044000000004	1.02648231967496	142.21152	15.702522000000002	32.24162357537371	
17A	4	a	158.802864	171.83892	170.061276	13.036056000000002	0.1860920105594297	165.320892	6.518028000000001	1.5936904298731573	
17A	4	a	172.431468	176.579304	173.616564	4.147836000000012	0.07162915949944182	174.209112	2.073918000000006	0.27672329234684856	
17A	2	b	178.356948	187.245168	184.282428	8.888220000000018	-0.1610578917803558	182.504784	4.444110000000009	-1.27673889499648	
17A	2	b	191.393004	194.948292	192.5781	3.5552880000000187	-0.40136138289917334	193.170648	1.7776440000000093	-1.0576938637776456	
17A	4	a	195.54084	198.50358	196.725936	2.9627399999999966	0.1483512997552916	196.725936	1.4813699999999983	0.4616513811377265	
17A	4	a	199.096128	203.243964	201.46632	4.147836000000012	0.2506272210025191	200.873772	2.073918000000006	0.9296300651839013	
17A	4	a	205.021608	218.650212	210.35454	13.628604000000024	1.1062020314448135	211.539636	6.814302000000012	13.351622728380615	
17A	4	a	219.24276	225.16824	221.020404	5.925479999999993	0.6967337996129572	222.2055	2.9627399999999966	4.145406372554819	
17A	4	a	225.760788	233.463912	227.538432	7.7031240000000025	0.4361569090378543	229.316076	3.8515620000000013	3.1365427267024684	
17A	2	b	234.05646	267.239148	242.94468	33.18268800000001	-0.26752872632223434	250.647804	16.591344000000007	-8.910640818267758	
17A	4	a	269.60934	276.719916	274.349724	7.110576000000037	0.1975668775331747	273.164628	3.5552880000000187	1.3163841770088012	
17A	4	a	277.312464	302.19948	297.459096	24.887016000000017	1.214303841261799	289.755972	12.443508000000008	29.082766623656145	
17A	2	b	302.792028	313.457892	307.532412	10.665864	-0.1570194498559676	308.12496	5.332932	-1.3724700247595543	
17A	4	a	314.05044	357.306444	337.159812	43.25600400000002	1.0001288719000554	335.382168	21.62800200000001	50.65818447482684	
17A	4	a	359.084088	360.269184	359.084088	1.1850959999999873	0.03491119552938038	359.676636	0.5925479999999936	0.032587335245633176	
18A	4	a	1.185096	7.703124	5.92548	6.518028	0.08981525971530502	4.147836	3.259014	0.3579668596389145	
18A	4	a	8.295672	14.221152	11.258412	5.92548	0.16638523777973013	11.258412	2.96274	0.8056953595381446	
18A	4	a	14.8137	24.294468	18.961536	9.480767999999998	0.15579140952845272	19.554084	4.740383999999999	0.87712307938504	
18A	4	a	26.072112	29.034852	27.257208	2.96274	0.05881654276933013	27.257208	1.48137	0.1721608189197128	
18A	2	b	29.6274	31.405044	29.6274	1.7776439999999987	-0.10185803980452146	30.219948	0.8888219999999993	-0.13056102787411872	
18A	4	a	33.775236	56.29206	42.663456	22.516824	0.5708963559815459	45.033648	11.258412	10.455269446842957	
18A	4	a	56.884608	61.624992	58.069704	4.740383999999999	0.24523446912216684	59.2548	2.3701919999999994	1.2301987259428255	
18A	4	a	62.21754	66.365376	63.402636	4.147835999999998	0.2327770192712615	63.995184	2.073917999999999	1.0610196625755348	
18A	4	a	66.957924	78.808884	76.438692	11.85096	0.21602338993449965	72.883404	5.92548	2.0203515831768466	
18A	4	a	79.401432	86.512008	82.95672	7.110575999999995	0.2159972913074304	82.95672	3.5552879999999973	1.2647277436675903	
18A	4	a	87.104556	93.622584	91.84494	6.518028000000001	0.09021577572663197	90.067296	3.2590140000000005	0.5929321931062201	
18A	2	b	94.215132	95.992776	94.80768	1.7776440000000093	-0.018709997297079894	94.80768	0.8888220000000047	-0.03298643923372291	
18A	2	b	96.585324	100.140612	97.77042	3.5552880000000044	-0.1423585306590942	98.362968	1.7776440000000022	-0.31346223776176085	
18A	4	a	100.73316	110.213928	106.066092	9.480767999999998	0.5088931571202497	105.473544	4.740383999999999	3.587792786957364	
18A	4	a	110.806476	118.5096	114.954312	7.7031240000000025	0.46330986802081764	114.361764	3.8515620000000013	2.6901089068483266	
18A	4	a	119.102148	124.43508	122.064888	5.332932	0.42293872965773893	121.47234	2.666466	2.2033189826377346	
18A	4	a	125.027628	135.100944	127.39782	10.073315999999991	0.28566410130672093	129.768012	5.036657999999996	2.9287955120462215	
18A	2	b	135.693492	159.98796	151.692288	24.294467999999995	-0.49204657220631187	147.544452	12.147233999999997	-7.1707912326207985	
18A	4	a	160.580508	163.543248	162.358152	2.9627399999999966	0.10151362848008816	161.765604	1.4813699999999983	0.2392570117943884	
18A	4	a	166.505988	171.83892	170.061276	5.332932	0.17137994006593704	168.87618	2.666466	0.8827256099429217	
18A	4	a	172.431468	215.687472	206.799252	43.25600400000002	2.4724716502420105	193.763196	21.62800200000001	95.18653740446234	
18A	4	a	218.057664	219.835308	218.650212	1.7776440000000093	0.8788832313271482	218.650212	0.8888220000000047	1.5019179651752685	
18A	2	b	220.427856	222.798048	221.020404	2.370192000000003	-0.35368910214833105	221.612952	1.1850960000000015	-0.9160394618941747	
18A	4	a	223.390596	227.538432	225.16824	4.147836000000012	0.9940629407103194	225.16824	2.073918000000006	4.501006402951092	
18A	4	a	229.908624	305.16222	236.426652	75.25359599999999	1.1608801981281807	267.239148	37.626797999999994	72.63194375825381	
18A	4	a	305.754768	312.865344	310.495152	7.1105759999999805	0.2695336641064179	309.310056	3.5552879999999902	1.9528771580044193	
18A	4	a	313.457892	325.308852	317.605728	11.850959999999986	0.2544859837030682	319.383372	5.925479999999993	2.562868766790694	
18A	4	a	325.9014	330.049236	329.456688	4.147835999999984	0.09418842884061362	327.679044	2.073917999999992	0.34729991465161847	
18A	4	a	330.641784	338.344908	331.82688	7.7031240000000025	0.048494004576128624	334.197072	3.8515620000000013	0.33616512736455206	
18A	4	a	338.937456	348.418224	340.7151	9.480768000000012	0.16053777050155116	343.67784	4.740384000000006	0.8023260874730871	
18A	4	a	349.010772	360.269184	354.343704	11.258412000000021	0.3871287192857764	354.343704	5.629206000000011	4.42135864025615	
19A	4	a	2.96274	11.258412	8.295672	8.295672	0.2262632891662637	7.110576	4.147836	1.792706755300101	
19A	4	a	11.85096	34.960332	32.59014	23.109372	0.17339616327663832	23.109372	11.554686	4.566971764947581	
19A	4	a	35.55288	77.03124	50.36658	41.478359999999995	0.8060830004983814	56.29206	20.739179999999998	36.36615821867067	
19A	4	a	77.623788	82.364172	79.401432	4.740383999999992	0.12020663470364568	79.99398	2.370191999999996	0.5659364593166138	
19A	2	b	82.95672	103.103352	91.84494	20.146631999999997	-0.3359647514400419	93.030036	10.073315999999998	-4.672342133598129	
19A	4	a	103.6959	133.3233	119.694696	29.627399999999994	0.8576036172429897	118.5096	14.813699999999997	19.913263306872263	
19A	4	a	133.915848	137.471136	135.693492	3.5552879999999902	0.11030110253404146	135.693492	1.7776439999999951	0.3772725170204001	
19A	4	a	139.24878	141.618972	139.841328	2.370192000000003	0.13342055263725472	140.433876	1.1850960000000015	0.30332939822235083	
19A	2	b	142.21152	145.17426	143.989164	2.9627399999999966	-0.08347323421308905	143.396616	1.4813699999999983	-0.2114855219651337	
19A	4	a	145.766808	149.322096	146.951904	3.5552879999999902	0.1359342108399555	147.544452	1.7776439999999951	0.5183425167524183	
19A	4	a	149.914644	154.06248	152.284836	4.147835999999984	0.12604502018087604	151.692288	2.073917999999992	0.5682838143021902	
19A	4	a	157.617768	181.912236	178.949496	24.294467999999995	0.22012145422777607	169.468728	12.147233999999997	4.8167899330826875	
19A	4	a	182.504784	200.873772	192.5781	18.368988	0.8408951322405491	191.393004	9.184494	8.802280056537613	
19A	4	a	201.46632	205.614156	203.836512	4.147836000000012	0.6367949739555057	203.243964	2.073918000000006	1.6409428747198112	
19A	4	a	207.3918	209.761992	207.984348	2.370192000000003	0.10332117202294144	208.576896	1.1850960000000015	0.17102860511171825	
19A	4	a	211.539636	213.909828	212.132184	2.370192000000003	0.4173457892802199	212.724732	1.1850960000000015	0.7003497711382046	
19A	4	a	215.687472	221.612952	218.650212	5.925479999999993	0.5115942335082291	218.650212	2.9627399999999966	2.1323146603740657	
19A	4	a	222.2055	228.723528	225.760788	6.518027999999987	0.3870374858744494	225.16824	3.2590139999999934	1.847929390838813	
19A	4	a	229.316076	273.164628	248.87016	43.848551999999984	0.39904433953034424	251.240352	21.924275999999992	21.322033487006415	
19A	4	a	273.757176	285.015588	281.4603	11.258411999999964	0.31617851466607316	279.090108	5.629205999999982	3.6025806204814788	
19A	4	a	285.608136	297.459096	293.31126	11.850959999999986	0.6109074551308422	291.533616	5.925479999999993	7.719560447207086	
19A	4	a	298.051644	317.01318	303.384576	18.961535999999967	0.8546040761668665	307.532412	9.480767999999983	14.033901141835935	
19A	4	a	317.605728	321.753564	320.568468	4.147835999999984	0.1053666425231472	319.383372	2.073917999999992	0.44529887306091553	
19A	2	b	322.346112	327.679044	324.123756	5.332931999999971	-0.06564324189093407	324.716304	2.6664659999999856	-0.31029322094647305	
19A	2	b	331.82688	345.455484	336.567264	13.628603999999996	-0.12729509789224736	338.344908	6.814301999999998	-1.2401212416831777	
19A	4	a	346.048032	360.269184	359.084088	14.221152000000018	0.22305826538410756	353.158608	7.110576000000009	1.9761322685285303	
