										AB_Unfed#5_Anterograde_evts_formatted.txt
ROI	Quadrant	Direction	Start time (s)	End time (s)	Peak time (s)	Duration (s)	Amplitude	Midpoint (s)	Half Duration(s)	AUC
8A	4	a	2.77144	26.32868	8.31432	23.55724	0.369386906552843	14.55006	11.77862	8.396012188614334	
8A	4	a	28.40726	31.87156	29.10012	3.464299999999998	0.683254907847255	29.79298	1.732149999999999	1.953892476059254	
8A	4	a	32.56442	67.90028	63.05026	35.33586	1.3887900239082027	49.88592	17.66793	27.93916582899272	
8A	4	a	68.59314	83.1432	74.13602	14.550059999999988	0.6680299694789129	75.52174	7.275029999999994	7.974226509173295	
8A	2	b	83.83606	99.07898	95.61468	15.242919999999998	-0.3502274733439723	91.45752	7.621459999999999	-4.5372064993067145	
8A	4	a	99.77184	115.01476	101.15756	15.242919999999998	1.0996728370303703	107.3933	7.621459999999999	7.927822539059564	
8A	4	a	115.70762	128.1791	118.47906	12.47148	0.2559058900165452	121.94336	6.23574	2.8921473142722642	
8A	2	b	128.87196	140.65058	138.572	11.77861999999999	-0.38476914546021845	134.41484	5.889309999999995	-3.084133976528334	
8A	4	a	141.34344	148.27204	142.72916	6.928600000000017	1.0914002052945015	144.80774	3.4643000000000086	5.953137965642339	
8A	4	a	150.35062	160.05066	153.12206	9.700040000000001	0.44145940155285146	155.20064	4.850020000000001	3.7942175173589647	
8A	4	a	160.74352	165.59354	161.43638	4.850020000000001	0.14114978344577356	162.8221	2.4250100000000003	0.5016654547888599	
8A	4	a	166.2864	185.68648	178.75788	19.400080000000003	1.6142636446346383	175.98644	9.700040000000001	19.823186630521178	
8A	4	a	186.37934	206.47228	196.77224	20.09294	0.5701072564811094	196.07938	10.04647	6.854184801126428	
8A	4	a	209.24372	212.01516	209.24372	2.7714400000000126	0.0928620477539912	210.62944	1.3857200000000063	0.1563379450634672	
8A	2	b	212.70802	218.2509	216.86518	5.542879999999997	-0.17496683739674346	215.47946	2.7714399999999983	-0.9227248303270876	
8A	4	a	218.94376	255.66534	219.63662	36.72157999999999	1.1261680253688207	236.95812	18.360789999999994	29.116325913125962	
8A	4	a	256.3582	265.36538	259.8225	9.007180000000005	1.4986748472970133	260.51536	4.503590000000003	9.183937917207958	
8A	4	a	266.05824	271.60112	268.13682	5.542879999999968	0.47742683666348285	268.82968	2.771439999999984	2.0523205770733175	
8A	4	a	272.29398	293.07978	279.91544	20.78580000000005	0.6655913279392456	282.68688	10.392900000000026	14.857529601203268	
8A	4	a	293.77264	306.24412	298.62266	12.471479999999985	1.216982667239626	300.00838	6.235739999999993	11.764990134354658	
8A	4	a	308.3227	326.33706	315.2513	18.01436000000001	0.9201269836803121	317.32988	9.007180000000005	15.26622145408094	
8A	4	a	327.02992	329.80136	328.41564	2.771439999999984	0.04551702034419858	328.41564	1.385719999999992	0.09271805417974077	
8A	4	a	331.87994	336.0371	333.95852	4.157160000000033	0.08381687284542494	333.95852	2.0785800000000165	0.2815721468293395	
8A	4	a	336.72996	347.12286	342.9657	10.392899999999997	0.442675676422426	341.57998	5.196449999999999	2.4263421319739567	
8A	4	a	347.81572	365.83008	354.05146	18.01436000000001	0.7447780338657282	356.8229	9.007180000000005	9.220867329712497	
8A	4	a	372.06582	376.91584	373.45154	4.850020000000029	0.07347889894364279	374.1444	2.4250100000000145	0.324844041744051	
8A	4	a	381.76586	388.0016	384.5373	6.235740000000021	0.2602795245936038	384.5373	3.1178700000000106	1.1160773499661456	
8A	4	a	388.69446	406.01596	392.15876	17.321500000000015	0.8569546551004628	397.00878	8.660750000000007	11.048765325043147	
8A	4	a	406.70882	457.98046	430.95892	51.27163999999999	1.3731150524874964	432.34464	25.635819999999995	50.089721922587145	
8A	2	b	458.67332	464.2162	462.83048	5.542880000000025	-0.2698793013828489	461.44476	2.7714400000000126	-1.2214024254175655	
8A	4	a	464.90906	490.54488	477.38054	25.635819999999967	1.7297006461343774	477.38054	12.817909999999983	38.61068092248745	
8A	4	a	491.23774	495.3949	492.62346	4.157160000000033	0.09038262593056601	493.31632	2.0785800000000165	0.2898142374998498	
8A	2	b	496.08776	518.25928	510.63782	22.171519999999987	-1.0185406756839677	507.17352	11.085759999999993	-19.621904043264834	
8A	4	a	518.95214	543.8951	521.03072	24.94295999999997	2.501413282226494	531.42362	12.471479999999985	30.054138710122192	
8A	4	a	544.58796	547.3594	546.66654	2.771440000000098	0.021760814273759976	545.97368	1.385720000000049	0.027567146263943965	
8A	2	b	549.43798	555.67372	549.43798	6.235739999999964	-0.09692733372836138	552.20942	3.117869999999982	-0.4039927936530101	
8A	2	b	557.7523	561.2166	560.52374	3.46429999999998	-0.08475635960532824	559.13802	1.73214999999999	-0.19903076388659757	
8A	4	a	561.90946	578.5381	571.6095	16.62864000000002	1.240810880859998	570.22378	8.31432000000001	17.36535049134647	
8A	4	a	579.23096	584.08098	581.30954	4.850019999999972	0.09590985764721793	581.30954	2.425009999999986	0.39180757282282785	
8A	2	b	584.77384	599.3239	597.93818	14.55006000000003	-0.8214350076285877	591.70244	7.275030000000015	-11.148553425034791	
9A	4	a	1.38572	13.8572	3.4643	12.47148	0.1707213906445917	7.62146	6.23574	1.0755616312528866	
9A	4	a	14.55006	20.09294	18.70722	5.5428799999999985	0.05901001300121722	17.3215	2.7714399999999992	0.23430084269974882	
9A	2	b	20.7858	30.48584	29.10012	9.700040000000001	-0.14450964454063708	25.63582	4.850020000000001	-0.7658569854581909	
9A	4	a	31.1787	48.5002	31.87156	17.3215	0.2090675440086538	39.49302	8.66075	2.2790083027931054	
9A	4	a	49.19306	62.3574	57.50738	13.164339999999996	0.1928076275310202	55.4288	6.582169999999998	1.7802746769211522	
9A	4	a	63.05026	76.90746	67.20742	13.857199999999999	0.5445991531018284	69.97886	6.928599999999999	4.537797723548051	
9A	4	a	79.6789	87.99322	83.83606	8.314319999999995	0.1110195728721215	83.83606	4.1571599999999975	0.7438174033063496	
9A	4	a	92.15038	98.38612	94.22896	6.235740000000007	0.12029739129043238	94.92182	3.1178700000000035	0.5532581765074291	
9A	4	a	99.07898	121.2505	103.929	22.17152	0.7112601522670121	110.16474	11.08576	9.29087250510734	
9A	4	a	121.94336	126.79338	122.63622	4.850020000000001	0.04595189329176641	124.02194	2.4250100000000003	0.16942621944211433	
9A	4	a	127.48624	141.34344	134.41484	13.857199999999992	0.14030604424905135	134.41484	6.928599999999996	1.7977650991358811	
9A	4	a	142.0363	160.05066	146.19346	18.014359999999982	1.048441693137434	151.04348	9.007179999999991	10.826057958613278	
9A	4	a	160.74352	173.90786	166.97926	13.16434000000001	0.1374634850028631	166.97926	6.582170000000005	1.4128321313326566	
9A	4	a	174.60072	176.6793	175.98644	2.0785800000000165	0.050478447307957364	175.29358	1.0392900000000083	0.08052098099634653	
9A	4	a	177.37216	188.45792	180.1436	11.085759999999993	1.321337926551175	182.91504	5.542879999999997	14.065041267533609	
9A	4	a	189.15078	198.15796	194.69366	9.007180000000005	0.16631738747493374	193.30794	4.503590000000003	1.2090898329870867	
9A	2	b	198.85082	203.00798	201.62226	4.157160000000005	-0.08643357065641144	200.9294	2.0785800000000023	-0.2398691762000218	
9A	2	b	203.70084	218.94376	216.17232	15.242919999999998	-0.2989612685874876	211.3223	7.621459999999999	-3.294240617450082	
9A	4	a	219.63662	249.4296	223.10092	29.79298	0.548037447132609	234.18668	14.89649	14.79850335851586	
9A	4	a	250.12246	253.58676	251.50818	3.4643000000000086	0.07434937078155279	251.50818	1.7321500000000043	0.16745083736147337	
9A	2	b	254.27962	259.12964	256.3582	4.850020000000001	-0.11263521158140444	256.3582	2.4250100000000003	-0.33271155186355905	
9A	4	a	259.8225	272.29398	261.90108	12.471479999999985	0.8696961041408597	266.05824	6.235739999999993	6.219930697136739	
9A	4	a	272.98684	276.45114	274.37256	3.464300000000037	0.04814897665951223	274.37256	1.7321500000000185	0.12479860188039171	
9A	4	a	277.144	290.30834	279.91544	13.164339999999982	0.1993759110831208	283.37974	6.582169999999991	2.384509061993082	
9A	4	a	291.0012	308.3227	302.08696	17.321500000000015	1.1638375332698017	299.31552	8.660750000000007	13.032363185009775	
9A	4	a	309.01556	325.6442	314.55844	16.62864000000002	0.31575032063889097	317.32988	8.31432000000001	3.869521210389428	
9A	4	a	326.33706	340.88712	334.65138	14.550059999999974	0.17518251739486423	333.26566	7.275029999999987	1.9520937213148424	
9A	4	a	341.57998	360.2872	347.81572	18.707220000000007	0.24883139419507305	350.58716	9.353610000000003	3.000826876455197	
9A	4	a	360.98006	366.52294	362.36578	5.542880000000025	0.10032063331282082	363.7515	2.7714400000000126	0.3858845064320744	
9A	4	a	367.2158	405.3231	388.0016	38.10730000000001	0.29580068269461757	385.92302	19.053650000000005	6.828007232832327	
9A	4	a	406.01596	417.10172	412.94456	11.085759999999993	0.18390764723394426	411.55884	5.542879999999997	1.1532263371406941	
9A	4	a	417.79458	437.88752	422.6446	20.09294	0.8912375585271595	427.49462	10.04647	8.594654516304363	
9A	4	a	438.58038	441.35182	440.65896	2.771439999999984	0.03714260798672697	439.9661	1.385719999999992	0.04738635979721684	
9A	4	a	442.04468	463.52334	448.97328	21.47865999999999	0.20656645932051498	452.43758	10.739329999999995	3.9985554544461452	
9A	4	a	465.60192	490.54488	471.83766	24.94295999999997	0.6987541121493872	478.0734	12.471479999999985	11.159434704963985	
9A	4	a	491.23774	516.1807	493.31632	24.942960000000028	0.10249667106933558	503.70922	12.471480000000014	1.7786206321069196	
9A	4	a	518.25928	543.20224	523.1093	24.94295999999997	1.2096056362183187	530.73076	12.471479999999985	12.05552246879555	
9A	4	a	545.28082	552.20942	550.13084	6.928600000000074	0.0576804002454816	548.74512	3.464300000000037	0.30992386540683525	
9A	4	a	556.36658	559.83088	557.7523	3.46429999999998	0.08972330075129786	557.7523	1.73214999999999	0.2452009718370971	
9A	4	a	563.98804	577.84524	566.75948	13.857200000000034	0.3418426077352712	570.91664	6.928600000000017	3.836139806402972	
9A	4	a	578.5381	594.47388	584.77384	15.935780000000022	0.2819074273015785	586.15956	7.967890000000011	3.110609389421367	
9A	4	a	595.16674	599.3239	596.55246	4.157159999999976	0.11171085395422908	597.24532	2.078579999999988	0.3655019234581325	
10A	4	a	3.4643	6.23574	3.4643	2.7714399999999997	0.07132777833244974	4.85002	1.3857199999999998	0.10153459469709825	
10A	4	a	9.00718	12.47148	9.00718	3.4642999999999997	0.025962382815637675	10.3929	1.7321499999999999	0.05419821882783937	
10A	4	a	14.55006	18.01436	15.24292	3.4642999999999997	0.06253875138130383	15.93578	1.7321499999999999	0.19299696639451525	
10A	4	a	18.70722	21.47866	18.70722	2.771440000000002	0.03574193427206662	20.09294	1.385720000000001	0.0450824203637874	
10A	4	a	22.17152	24.2501	22.86438	2.0785799999999988	0.020865300018972466	22.86438	1.0392899999999994	0.02393143210331239	
10A	2	b	24.94296	29.10012	27.02154	4.157160000000001	-0.0511594162427258	27.02154	2.0785800000000005	-0.13085139232537446	
10A	4	a	29.79298	58.20024	34.643	28.40726	0.29016317607927933	43.65018	14.20363	5.468522649124051	
10A	4	a	58.8931	92.15038	68.59314	33.25728	0.6738405522001214	75.52174	16.62864	7.170321058296063	
10A	4	a	92.84324	111.55046	106.00758	18.707220000000007	0.3711693180173601	101.85042	9.353610000000003	3.1223719912990706	
10A	4	a	112.24332	121.2505	115.70762	9.007180000000005	0.13847033824612476	116.40048	4.503590000000003	1.0861105810548048	
10A	2	b	128.87196	130.95054	129.56482	2.078579999999988	-0.035640888025641804	129.56482	1.039289999999994	-0.04579647985433999	
10A	4	a	131.6434	141.34344	137.87914	9.700039999999973	0.09784170619477273	136.49342	4.8500199999999865	0.7545882549060248	
10A	4	a	142.0363	158.66494	148.9649	16.62863999999999	0.8106037714840162	150.35062	8.314319999999995	8.121571798234864	
10A	4	a	159.3578	166.2864	161.43638	6.928599999999989	0.0864830336810325	162.8221	3.4642999999999944	0.32652671182829773	
10A	4	a	166.97926	169.05784	168.36498	2.078579999999988	0.02197629862070727	167.67212	1.039289999999994	0.0319092181189613	
10A	2	b	169.7507	178.06502	171.82928	8.31432000000001	-0.10554647394859984	173.90786	4.157160000000005	-0.7922003776135482	
10A	4	a	178.75788	200.23654	186.37934	21.47865999999999	0.8990912259499884	189.15078	10.739329999999995	10.059729063544584	
10A	4	a	200.9294	206.47228	203.70084	5.542880000000025	0.04782391137654374	203.70084	2.7714400000000126	0.1777865241669141	
10A	4	a	210.62944	214.09374	211.3223	3.4643000000000086	0.047769869540509546	212.01516	1.7321500000000043	0.16434473843236774	
10A	4	a	214.7866	218.2509	217.55804	3.4643000000000086	0.033831912914786155	216.17232	1.7321500000000043	0.08078414579322768	
10A	4	a	220.32948	232.1081	225.1795	11.778620000000018	0.47670381665993666	225.87236	5.889310000000009	3.627153469757797	
10A	4	a	232.80096	241.80814	233.49382	9.007180000000005	0.10729539802725263	236.95812	4.503590000000003	0.8839545392588937	
10A	4	a	245.9653	248.04388	247.35102	2.078579999999988	0.012432718187742609	246.65816	1.039289999999994	0.018710110964468507	
10A	2	b	248.73674	260.51536	257.74392	11.77861999999999	-0.1555917204722035	254.27962	5.889309999999995	-1.6529089136418476	
10A	4	a	261.20822	277.144	265.36538	15.935780000000022	0.6067831672388264	268.82968	7.967890000000011	7.727544309816583	
10A	4	a	277.83686	283.37974	279.91544	5.542880000000025	0.11421118667245	280.6083	2.7714400000000126	0.42943383026982906	
10A	2	b	285.45832	296.54408	290.30834	11.085759999999993	-0.1606925422577179	291.0012	5.542879999999997	-1.171071042131198	
10A	4	a	297.23694	316.63702	306.24412	19.400080000000003	1.1147550462125175	306.93698	9.700040000000001	15.771428838413408	
10A	4	a	317.32988	324.25848	320.10132	6.928600000000017	0.08217068411802408	320.79418	3.4643000000000086	0.45908965961762993	
10A	2	b	324.95134	334.65138	333.26566	9.700040000000001	-0.06516759799234162	329.80136	4.850020000000001	-0.4901627154473558	
10A	4	a	335.34424	359.59434	347.81572	24.250099999999975	0.21260977426845695	347.12286	12.125049999999987	3.6844391636654708	
10A	4	a	361.67292	365.83008	363.05864	4.157160000000033	0.05716564574023675	363.7515	2.0785800000000165	0.1850893939151721	
10A	4	a	366.52294	406.01596	392.15876	39.49302	0.34728797481617946	385.92302	19.74651	7.5609456004819116	
10A	4	a	413.63742	437.88752	425.41604	24.250099999999975	0.5350375811116916	425.41604	12.125049999999987	8.062090557689299	
10A	4	a	438.58038	441.35182	440.65896	2.771439999999984	0.023405615790310197	439.9661	1.385719999999992	0.054236396590825686	
10A	2	b	442.04468	447.58756	442.04468	5.542879999999968	-0.052579910199092694	444.81612	2.771439999999984	-0.1408688957217028	
10A	4	a	448.28042	452.43758	448.28042	4.157160000000033	0.046211968887188704	450.359	2.0785800000000165	0.11156076633451062	
10A	4	a	453.13044	487.77344	473.91624	34.64299999999997	0.5078678894598512	470.45194	17.321499999999986	10.275832565528503	
10A	4	a	489.85202	498.8592	492.62346	9.007180000000005	0.0712961937201464	494.00918	4.503590000000003	0.38231425962136534	
10A	4	a	499.55206	522.41644	508.55924	22.864379999999983	0.22724285313989157	510.63782	11.432189999999991	3.4493108620364192	
10A	4	a	523.1093	545.28082	525.18788	22.171519999999987	0.37775532672553735	534.19506	11.085759999999993	3.9892891581265784	
10A	2	b	550.8237	557.05944	555.67372	6.235739999999964	-0.05360311143066143	553.59514	3.117869999999982	-0.2218701256554687	
10A	4	a	557.7523	572.99522	568.83806	15.242920000000026	0.30890770019228464	565.37376	7.621460000000013	1.8228533673240905	
10A	4	a	573.68808	582.0024	578.5381	8.314319999999952	0.15182474721733374	577.84524	4.157159999999976	0.8353069092950758	
10A	4	a	582.69526	599.3239	599.3239	16.62864000000002	0.26335518891050036	591.00958	8.31432000000001	2.1626835005674927	
11A	2	b	0.0	5.54288	0.69286	5.54288	-0.19736528840433065	2.77144	2.77144	-0.7229783883890875	
11A	4	a	6.23574	12.47148	9.00718	6.23574	0.09448738888828778	9.00718	3.11787	0.4841483261322215	
11A	4	a	13.16434	21.47866	18.70722	8.314320000000002	0.06303149532527952	17.3215	4.157160000000001	0.2662510329856498	
11A	4	a	22.17152	41.5716	35.33586	19.400079999999996	0.39116476501943476	31.87156	9.700039999999998	4.833243743968007	
11A	4	a	42.26446	82.45034	70.67172	40.18588	0.708579351053161	62.3574	20.09294	12.906500381200765	
11A	4	a	83.1432	92.15038	90.0718	9.007180000000005	0.12103608351353934	87.30036	4.503590000000003	0.8808084006527286	
11A	4	a	92.84324	121.94336	108.77902	29.100120000000004	0.5910914149140076	107.3933	14.550060000000002	9.606683327748428	
11A	4	a	122.63622	128.87196	123.32908	6.235740000000007	0.08100341553500723	125.40766	3.1178700000000035	0.46659107258279797	
11A	2	b	129.56482	131.6434	129.56482	2.0785800000000165	-0.04580514571124494	130.25768	1.0392900000000083	-0.029846817410629	
11A	4	a	132.33626	155.20064	150.35062	22.864379999999983	0.39159814882036326	143.42202	11.432189999999991	4.088255724102522	
11A	4	a	155.8935	160.74352	158.66494	4.850020000000001	0.09798424917887294	157.97208	2.4250100000000003	0.34783979071263804	
11A	4	a	161.43638	169.05784	164.90068	7.621459999999985	0.17077090771537895	164.90068	3.8107299999999924	1.2282380968371465	
11A	4	a	169.7507	198.85082	187.76506	29.100120000000004	0.9240536266589663	184.30076	14.550060000000002	11.676473067378918	
11A	4	a	199.54368	232.1081	225.87236	32.56442000000001	0.5027628992322044	215.47946	16.282210000000006	11.60082668136355	
11A	4	a	232.80096	241.11528	235.5724	8.31432000000001	0.1503375473753028	236.95812	4.157160000000005	0.9388669240110041	
11A	4	a	241.80814	271.60112	268.82968	29.79297999999997	0.2136882345032185	256.3582	14.896489999999986	4.167715770479581	
11A	4	a	272.29398	277.144	273.6797	4.850020000000029	0.06558644355731635	274.37256	2.4250100000000145	0.2638598293902643	
11A	4	a	277.83686	288.22976	279.91544	10.392899999999997	0.14251832695155997	282.68688	5.196449999999999	0.9728485608070578	
11A	4	a	288.92262	326.33706	309.70842	37.41444000000001	0.6880864949216585	307.62984	18.707220000000007	13.16998808491445	
11A	4	a	327.02992	330.49422	329.1085	3.46429999999998	0.092510111009946	328.41564	1.73214999999999	0.23795970992039717	
11A	4	a	331.18708	333.26566	331.87994	2.078580000000045	0.03369915896272069	331.87994	1.0392900000000225	0.061621774773729765	
11A	4	a	333.95852	365.83008	351.28002	31.871559999999988	0.3369655264525946	349.8943	15.935779999999994	7.71230084961652	
11A	4	a	366.52294	395.62306	392.15876	29.100120000000004	0.44155953182309826	381.073	14.550060000000002	9.755750335005269	
11A	4	a	396.31592	412.2517	400.47308	15.935780000000022	0.21164211410744205	403.93738	7.967890000000011	2.350979988632824	
11A	4	a	412.94456	432.34464	427.49462	19.400080000000003	0.5702867182430347	422.6446	9.700040000000001	7.745674836894528	
11A	4	a	433.0375	450.359	435.11608	17.321499999999958	0.2762303841348923	441.35182	8.660749999999979	3.4187904988924886	
11A	4	a	451.05186	480.15198	475.99482	29.100120000000004	0.36527699092117105	465.60192	14.550060000000002	4.410923820905012	
11A	4	a	480.84484	498.8592	489.15916	18.01436000000001	0.13637139737116089	489.85202	9.007180000000005	1.8578065206793275	
11A	4	a	499.55206	540.4308	527.26646	40.87873999999999	0.45542896960471824	519.645	20.439369999999997	11.644208684198468	
11A	4	a	541.12366	553.59514	543.8951	12.471480000000042	0.13022072077647895	547.3594	6.235740000000021	1.0760897723833103	
11A	4	a	554.288	576.45952	572.30236	22.171519999999987	0.4157545440682515	565.37376	11.085759999999993	6.051861187373126	
11A	4	a	577.15238	582.0024	579.23096	4.850019999999972	0.17665281421124046	579.23096	2.425009999999986	0.8295701636271873	
11A	4	a	586.85242	599.3239	597.24532	12.471479999999929	0.11587600371931206	593.08816	6.235739999999964	1.0567532750863238	
12A	4	a	0.0	13.8572	3.4643	13.8572	0.3397112239103155	6.9286	6.9286	3.380526290353068	
12A	4	a	14.55006	25.63582	23.55724	11.085759999999999	0.10613896173014581	20.09294	5.542879999999999	0.7275244663878728	
12A	4	a	26.32868	63.74312	42.95732	37.41444	0.4792170593991898	45.0359	18.70722	11.160053074931495	
12A	4	a	64.43598	69.286	66.51456	4.850020000000001	0.09058569102889358	66.51456	2.4250100000000003	0.3507052021823882	
12A	4	a	69.97886	87.99322	75.52174	18.014359999999996	0.29809654029601695	78.98604	9.007179999999998	4.059860506559784	
12A	4	a	88.68608	97.0004	90.0718	8.314319999999995	0.10326248558375095	92.84324	4.1571599999999975	0.5717248302129656	
12A	2	b	97.69326	100.4647	99.77184	2.7714399999999983	-0.056251401284296065	99.07898	1.3857199999999992	-0.07131866993148606	
12A	2	b	101.15756	106.70044	105.31472	5.542879999999997	-0.07740292769451518	103.929	2.7714399999999983	-0.3223820613877968	
12A	4	a	107.3933	119.86478	113.62904	12.47148	0.25132456556026295	113.62904	6.23574	2.3075207980454824	
12A	4	a	120.55764	123.32908	121.94336	2.7714399999999983	0.0585184774211962	121.94336	1.3857199999999992	0.11653239557899253	
12A	4	a	125.40766	128.87196	128.1791	3.4642999999999944	0.09975581774416398	126.79338	1.7321499999999972	0.17354013149118908	
12A	4	a	129.56482	133.72198	133.02912	4.157160000000005	0.052078195941402505	131.6434	2.0785800000000023	0.15938460002742083	
12A	4	a	134.41484	142.0363	136.49342	7.621460000000013	0.08131708695408868	137.87914	3.8107300000000066	0.45109999173641	
12A	4	a	142.72916	158.66494	153.12206	15.935779999999994	0.4790933792206973	150.35062	7.967889999999997	4.749458464222862	
12A	4	a	159.3578	185.68648	178.06502	26.32867999999999	0.2639645205145609	172.52214	13.164339999999996	6.471329201704027	
12A	4	a	186.37934	201.62226	192.61508	15.242919999999998	0.5115755397941806	194.0008	7.621459999999999	4.826358472260656	
12A	4	a	202.31512	221.7152	211.3223	19.400080000000003	0.15067594443666987	212.01516	9.700040000000001	2.175058040996203	
12A	4	a	222.40806	239.72956	230.02952	17.321499999999986	0.2790675626511234	230.72238	8.660749999999993	2.5697867642251992	
12A	4	a	240.42242	248.04388	243.88672	7.621460000000013	0.1549256644440229	243.88672	3.8107300000000066	0.7465686895878645	
12A	4	a	248.73674	257.05106	251.50818	8.31432000000001	0.08553221138779321	252.8939	4.157160000000005	0.4430963985719192	
12A	4	a	259.8225	263.97966	261.90108	4.157160000000033	0.05519809432717526	261.90108	2.0785800000000165	0.15924578745704077	
12A	4	a	264.67252	275.75828	269.52254	11.085759999999993	0.24701005641372475	270.2154	5.542879999999997	2.152445703524264	
12A	4	a	276.45114	286.84404	279.91544	10.392899999999997	0.24707382134670075	281.30116	5.196449999999999	2.183468876518242	
12A	4	a	287.5369	295.15836	293.77264	7.621460000000013	0.09079109773625493	291.0012	3.8107300000000066	0.5515087674424075	
12A	4	a	295.85122	315.94416	310.40128	20.09294	0.46042329395039916	305.55126	10.04647	5.287508641835819	
12A	4	a	316.63702	342.27284	322.1799	25.635819999999967	0.21825564063011083	329.1085	12.817909999999983	4.15508939645893	
12A	4	a	342.9657	345.04428	342.9657	2.078579999999988	0.06017761956566403	343.65856	1.039289999999994	0.07820954953719861	
12A	4	a	345.73714	348.50858	347.81572	2.771439999999984	0.033415029153360365	347.12286	1.385719999999992	0.038491856860894735	
12A	4	a	349.20144	364.44436	353.3586	15.242920000000026	0.28407190212852207	356.8229	7.621460000000013	2.4208484052746684	
12A	4	a	365.13722	398.3945	393.54448	33.25727999999998	0.4121091917754667	381.76586	16.62863999999999	7.09988060654287	
12A	4	a	399.08736	401.8588	401.16594	2.771439999999984	0.0929496333737001	400.47308	1.385719999999992	0.21910494222213472	
12A	4	a	402.55166	412.2517	408.09454	9.700040000000001	0.23568952988810032	407.40168	4.850020000000001	1.7494540071696023	
12A	4	a	412.94456	421.95174	417.79458	9.007179999999948	0.10009985880987493	417.10172	4.503589999999974	0.738307982631293	
12A	4	a	422.6446	436.5018	430.26606	13.857199999999978	0.4794934560210171	429.5732	6.928599999999989	4.27323942839785	
12A	4	a	437.19466	464.90906	451.74472	27.714400000000012	0.29097456050988146	451.05186	13.857200000000006	6.045335124850369	
12A	4	a	465.60192	481.5377	477.38054	15.935779999999966	0.5509551477796539	473.22338	7.967889999999983	5.636756901601975	
12A	4	a	482.23056	484.30914	483.61628	2.078579999999988	0.026545023360968756	482.92342	1.039289999999994	0.029809662073100318	
12A	4	a	485.002	498.8592	489.15916	13.857199999999978	0.1893130872853095	491.9306	6.928599999999989	2.3699239925336957	
12A	4	a	499.55206	501.63064	500.24492	2.078580000000045	0.0721608618031957	500.24492	1.0392900000000225	0.11530454550661817	
12A	4	a	502.3235	532.11648	527.95932	29.79298	0.2779363769150591	516.87356	14.89649	5.756562474941277	
12A	4	a	532.80934	541.12366	534.19506	8.314319999999952	0.26143900224989824	536.9665	4.157159999999976	1.335763878915952	
12A	4	a	541.81652	554.98086	544.58796	13.164340000000038	0.14134462774573642	548.05226	6.582170000000019	1.5960510388512645	
12A	4	a	557.7523	599.3239	584.77384	41.57159999999999	0.3014130480132957	578.5381	20.785799999999995	7.9428227296449645	
13A	4	a	0.0	13.8572	3.4643	13.8572	0.2661478791755054	6.9286	6.9286	2.4577167137980505	
13A	4	a	14.55006	18.01436	15.24292	3.4642999999999997	0.06371123599044726	15.93578	1.7321499999999999	0.1635850394606868	
13A	4	a	18.70722	22.17152	18.70722	3.4643000000000015	0.045275577588414606	20.09294	1.7321500000000007	0.10433010101835549	
13A	4	a	22.86438	35.33586	33.25728	12.471479999999996	0.10260800297797656	29.10012	6.235739999999998	0.9770667112971636	
13A	4	a	36.02872	48.5002	40.87874	12.47148	0.2727370276904808	42.26446	6.23574	2.636467932013964	
13A	4	a	49.19306	62.3574	55.4288	13.164339999999996	0.14241971368223183	55.4288	6.582169999999998	1.6115913594536364	
13A	4	a	63.05026	69.286	67.20742	6.23574	0.09384112510293541	65.8217	3.11787	0.40436158388071086	
13A	4	a	69.97886	80.37176	75.52174	10.392899999999997	0.20917338458486467	74.82888	5.196449999999999	1.037299665015186	
13A	4	a	81.06462	87.99322	83.83606	6.928599999999989	0.1946851562666656	84.52892	3.4642999999999944	0.9198390995309229	
13A	4	a	90.0718	105.31472	97.69326	15.242919999999998	0.11107970640193443	97.69326	7.621459999999999	1.0512169828014315	
13A	4	a	106.00758	108.08616	107.3933	2.0785800000000023	0.016909145371712953	106.70044	1.0392900000000012	0.026577097341218048	
13A	4	a	110.16474	135.1077	115.01476	24.94296	0.24103769628595018	122.63622	12.47148	3.999252739313029	
13A	4	a	135.80056	144.80774	144.11488	9.007180000000005	0.08201568933162529	139.95772	4.503590000000003	0.5083083661504251	
13A	4	a	148.27204	185.68648	156.58636	37.414439999999985	0.4473346873621167	166.97926	18.707219999999992	11.993269293217928	
13A	4	a	186.37934	208.55086	195.38652	22.171519999999987	0.4364982917213047	197.4651	11.085759999999993	5.1465229359438585	
13A	4	a	209.24372	223.10092	211.3223	13.857200000000006	0.14256214039126558	216.17232	6.928600000000003	1.3217306652487677	
13A	4	a	225.87236	228.6438	227.95094	2.7714400000000126	0.010061779282265704	227.25808	1.3857200000000063	0.01946171413103226	
13A	4	a	229.33666	250.12246	238.34384	20.785799999999995	0.2968975697703051	239.72956	10.392899999999997	4.819923837476956	
13A	4	a	250.81532	252.8939	251.50818	2.078579999999988	0.04013561494974116	251.50818	1.039289999999994	0.05126321633627162	
13A	2	b	254.97248	257.74392	254.97248	2.7714400000000126	-0.02455868370760772	256.3582	1.3857200000000063	-0.058995183446524546	
13A	4	a	260.51536	263.97966	262.59394	3.464300000000037	0.06631611103580237	261.90108	1.7321500000000185	0.12889234328520605	
13A	4	a	264.67252	269.52254	265.36538	4.850019999999972	0.08913281925574257	266.7511	2.425009999999986	0.35350207100943387	
13A	4	a	270.2154	295.15836	273.6797	24.942960000000028	0.3790798708121974	282.68688	12.471480000000014	6.180539544432227	
13A	4	a	295.85122	297.9298	295.85122	2.078579999999988	0.04564871681059213	296.54408	1.039289999999994	0.028657786662146467	
13A	4	a	298.62266	301.3941	300.00838	2.771439999999984	0.034776176161418704	300.00838	1.385719999999992	0.07374703264934546	
13A	2	b	303.47268	310.40128	308.3227	6.92859999999996	-0.1414470709307687	306.93698	3.46429999999998	-0.6908161806084383	
13A	4	a	311.09414	316.63702	313.17272	5.542880000000025	0.17902032539500556	313.86558	2.7714400000000126	0.7641747342730656	
13A	2	b	317.32988	320.10132	317.32988	2.771439999999984	-0.07639904159049049	318.7156	1.385719999999992	-0.17381140713559562	
13A	4	a	320.79418	324.25848	322.1799	3.464300000000037	0.07047888148619741	322.1799	1.7321500000000185	0.16755046753330127	
13A	4	a	326.33706	340.19426	338.11568	13.857199999999978	0.12654194549128484	333.26566	6.928599999999989	1.2140351489337835	
13A	4	a	340.88712	345.04428	342.9657	4.157160000000033	0.06503232597598352	342.9657	2.0785800000000165	0.21382016744578758	
13A	2	b	347.12286	353.3586	348.50858	6.235740000000021	-0.11113876997249594	349.8943	3.1178700000000106	-0.5132122528320062	
13A	4	a	354.05146	366.52294	359.59434	12.471479999999985	0.20634736637647233	360.2872	6.235739999999993	2.0981835825955826	
13A	4	a	367.2158	371.37296	368.60152	4.157159999999976	0.10911695497719442	369.29438	2.078579999999988	0.30477688705093	
13A	4	a	372.06582	385.23016	384.5373	13.164340000000038	0.12911142213710392	378.30156	6.582170000000019	1.0325423512241727	
13A	4	a	385.92302	401.8588	396.31592	15.935779999999966	0.2869813191372641	393.54448	7.967889999999983	2.319811702001217	
13A	4	a	402.55166	426.1089	412.2517	23.55723999999998	0.23926517955178195	414.33028	11.77861999999999	3.0517577702053518	
13A	4	a	426.80176	459.36618	433.0375	32.564419999999984	0.3822162755181133	442.73754	16.282209999999992	10.550463552129996	
13A	2	b	462.13762	466.29478	463.52334	4.157159999999976	-0.06667957434806038	464.2162	2.078579999999988	-0.1907212014001074	
13A	2	b	466.98764	474.6091	469.75908	7.621460000000013	-0.06907373695975849	470.45194	3.8107300000000066	-0.36182220027347745	
13A	4	a	475.30196	527.26646	485.69486	51.964500000000044	0.4494900350703763	500.93778	25.982250000000022	16.62030665172166	
13A	4	a	527.95932	553.59514	541.81652	25.635819999999967	0.20156347286721887	540.4308	12.817909999999983	3.4777215384407154	
13A	4	a	554.288	573.68808	568.1452	19.400080000000003	0.1835711656067498	563.98804	9.700040000000001	2.8163893804507225	
13A	4	a	574.38094	597.93818	582.69526	23.55723999999998	0.2976253112297327	586.15956	11.77861999999999	5.258045389987589	
14A	2	b	1.38572	9.00718	6.23574	7.62146	-0.19521727463783867	4.85002	3.81073	-1.3006310905286873	
14A	4	a	9.70004	13.8572	10.3929	4.157160000000001	0.06128485741860068	11.77862	2.0785800000000005	0.23744168643859842	
14A	4	a	14.55006	17.3215	15.24292	2.77144	0.06543083896342416	15.93578	1.38572	0.15920150705621472	
14A	4	a	21.47866	38.1073	31.87156	16.62864	0.17515659008620865	29.79298	8.31432	2.1891944057510875	
14A	4	a	38.80016	45.72876	41.5716	6.928600000000003	0.330849540728237	42.26446	3.4643000000000015	1.6224336782417508	
14A	4	a	47.80734	72.7503	53.35022	24.942959999999992	0.31827241142365326	60.27882	12.471479999999996	7.523028320307038	
14A	4	a	73.44316	77.60032	76.2146	4.15715999999999	0.14352406162055775	75.52174	2.078579999999995	0.35817428032791576	
14A	2	b	78.29318	83.83606	80.37176	5.542879999999997	-0.13523377338758413	81.06462	2.7714399999999983	-0.7234711741507185	
14A	4	a	84.52892	87.99322	85.22178	3.4642999999999944	0.1025978431996668	85.91464	1.7321499999999972	0.26386187839235875	
14A	4	a	88.68608	108.08616	94.22896	19.400080000000003	0.33129643058116276	98.38612	9.700040000000001	4.528875141669911	
14A	4	a	108.77902	121.94336	116.40048	13.164339999999996	0.4514029204687908	115.01476	6.582169999999998	3.355070162773637	
14A	4	a	122.63622	141.34344	128.1791	18.707219999999992	0.3654948981364905	131.6434	9.353609999999996	5.048254128958422	
14A	4	a	142.0363	151.73634	144.11488	9.700040000000001	0.1177607252425723	146.88632	4.850020000000001	0.8289013232822837	
14A	4	a	153.81492	160.74352	156.58636	6.928599999999989	0.3363170726461444	157.27922	3.4642999999999944	1.4902777478073128	
14A	4	a	161.43638	185.68648	178.06502	24.250099999999975	0.30434545966236204	173.215	12.125049999999987	5.4786008106627	
14A	4	a	186.37934	188.45792	186.37934	2.078579999999988	0.05013227631169226	187.0722	1.039289999999994	0.07418376784757763	
14A	4	a	189.15078	202.31512	196.77224	13.16434000000001	0.7305864273331437	195.38652	6.582170000000005	4.688831978241969	
14A	4	a	203.00798	221.7152	205.77942	18.707220000000007	0.23951540658002113	212.01516	9.353610000000003	3.3563159482817544	
14A	4	a	222.40806	227.25808	223.79378	4.850020000000001	0.07202775116976667	224.48664	2.4250100000000003	0.2666986320789304	
14A	4	a	227.95094	239.0367	233.49382	11.085759999999993	0.3520937051848616	233.49382	5.542879999999997	2.77476464127715	
14A	4	a	239.72956	256.3582	248.73674	16.62864000000002	0.24770492472431815	248.04388	8.31432000000001	3.024490774173097	
14A	4	a	257.05106	263.97966	258.43678	6.928600000000017	0.13091117462028912	260.51536	3.4643000000000086	0.6921203955742228	
14A	4	a	264.67252	280.6083	274.37256	15.935779999999966	0.36721515903605173	272.29398	7.967889999999983	3.442203337165979	
14A	4	a	281.30116	288.22976	285.45832	6.928600000000017	0.19503738134716642	284.76546	3.4643000000000086	1.1274858850189542	
14A	4	a	293.07978	295.85122	293.77264	2.771439999999984	0.07438517818204637	294.4655	1.385719999999992	0.1512146585135814	
14A	4	a	297.9298	308.3227	304.8584	10.392899999999997	0.12371156197020294	302.77982	5.196449999999999	1.0101849564814787	
14A	4	a	309.01556	320.79418	315.2513	11.77861999999999	0.456104481606336	314.55844	5.889309999999995	3.195366659984673	
14A	4	a	321.48704	333.26566	323.56562	11.778620000000046	0.224888860408738	327.02992	5.889310000000023	2.1346725317315607	
14A	4	a	335.34424	340.88712	338.80854	5.542879999999968	0.07828311004491795	338.11568	2.771439999999984	0.3479978731927522	
14A	4	a	341.57998	345.73714	344.35142	4.157160000000033	0.060095417399583795	343.65856	2.0785800000000165	0.15635148660830422	
14A	4	a	346.43	351.97288	347.81572	5.542879999999968	0.0768673018347723	349.20144	2.771439999999984	0.3231725702986621	
14A	4	a	352.66574	391.4659	357.51576	38.80015999999995	0.20635537276160498	372.06582	19.400079999999974	6.369636773005393	
14A	4	a	392.15876	403.24452	397.70164	11.08576000000005	0.47296554033567517	397.70164	5.542880000000025	3.2571221256313283	
14A	4	a	403.93738	429.5732	417.79458	25.635819999999967	0.224142240698062	416.40886	12.817909999999983	3.784523272880672	
14A	4	a	430.26606	439.27324	434.42322	9.007180000000005	0.41613887545881045	434.42322	4.503590000000003	2.563323310452489	
14A	4	a	439.9661	455.20902	445.50898	15.242920000000026	0.22414049310985096	447.58756	7.621460000000013	2.5803112326196596	
14A	4	a	455.90188	471.83766	466.29478	15.935780000000022	0.2016883332160413	463.52334	7.967890000000011	2.5096756002598597	
14A	4	a	472.53052	478.0734	475.99482	5.542879999999968	0.13260603535876303	475.30196	2.771439999999984	0.33226022755088547	
14A	4	a	480.15198	506.48066	480.84484	26.32868000000002	0.42160241716606084	493.31632	13.16434000000001	5.880619933540139	
14A	4	a	507.17352	536.9665	530.73076	29.79298	0.2442500277397075	521.72358	14.89649	5.078556594327203	
14A	4	a	537.65936	556.36658	545.28082	18.707220000000007	0.31195127133140854	546.66654	9.353610000000003	3.812604430211698	
14A	4	a	557.05944	575.0738	568.1452	18.01436000000001	0.19165993699366002	566.06662	9.007180000000005	2.9409343148670137	
14A	4	a	575.76666	584.08098	578.5381	8.314319999999952	0.21767002593224394	579.92382	4.157159999999976	1.5861761036177011	
14A	4	a	584.77384	591.70244	587.54528	6.928600000000074	0.27595087536156804	588.23814	3.464300000000037	1.6340537832986661	
14A	2	b	597.93818	599.3239	597.93818	1.385719999999992	-0.08203540464946979	598.63104	0.692859999999996	-0.06514678659194306	
15A	4	a	0.0	2.07858	0.0	2.07858	0.13909780906601465	0.69286	1.03929	0.19408053712305562	
15A	4	a	2.77144	10.3929	6.9286	7.621459999999999	0.18441650264953902	6.23574	3.8107299999999995	1.130635414989743	
15A	4	a	11.08576	41.5716	15.24292	30.485839999999996	0.1539562652039823	26.32868	15.242919999999998	3.854919226245833	
15A	4	a	42.26446	45.0359	42.26446	2.7714399999999983	0.07390707386998052	43.65018	1.3857199999999992	0.12195576508748918	
15A	4	a	45.72876	73.44316	57.50738	27.714400000000005	0.32731934572727894	59.58596	13.857200000000002	7.82562767692688	
15A	4	a	74.13602	81.75748	78.29318	7.621459999999999	0.18505738178339737	77.60032	3.8107299999999995	1.0076425661249224	
15A	2	b	82.45034	84.52892	83.1432	2.0785800000000023	-0.023529087067418963	83.1432	1.0392900000000012	-0.03678323979150688	
15A	4	a	85.22178	105.31472	90.76466	20.09294	0.3128176969085934	94.92182	10.04647	5.328874102102384	
15A	4	a	106.00758	108.08616	106.70044	2.0785800000000023	0.05871971171753998	106.70044	1.0392900000000012	0.0810956905057616	
15A	2	b	110.16474	113.62904	111.55046	3.4643000000000086	-0.06662031846532246	111.55046	1.7321500000000043	-0.14398647724632574	
15A	4	a	114.3219	129.56482	122.63622	15.242919999999998	0.4092337767814329	121.94336	7.621459999999999	4.761660570819316	
15A	4	a	130.25768	144.80774	132.33626	14.550060000000002	0.12796586331557558	137.18628	7.275030000000001	1.3521939626779256	
15A	2	b	145.5006	155.8935	153.81492	10.392899999999997	-0.1088582461226486	150.35062	5.196449999999999	-0.7089376392292379	
15A	4	a	156.58636	188.45792	162.8221	31.871559999999988	0.5031498187201433	172.52214	15.935779999999994	13.897217256978863	
15A	4	a	189.15078	191.22936	189.84364	2.0785800000000165	0.020865743102400636	189.84364	1.0392900000000083	0.03288045502903225	
15A	4	a	195.38652	207.858	203.70084	12.471480000000014	0.36440906963230635	201.62226	6.235740000000007	2.9267023584169314	
15A	4	a	208.55086	216.17232	211.3223	7.621460000000013	0.14766117322385375	212.01516	3.8107300000000066	0.6800188679485408	
15A	4	a	216.86518	221.02234	217.55804	4.157160000000005	0.09437461070499698	218.94376	2.0785800000000023	0.21513607303305293	
15A	4	a	221.7152	226.56522	223.79378	4.850020000000001	0.1496683077011456	223.79378	2.4250100000000003	0.5644191036807609	
15A	4	a	229.33666	231.41524	229.33666	2.0785800000000165	0.06152344101174778	230.02952	1.0392900000000083	0.0843188209000778	
15A	4	a	234.18668	249.4296	240.42242	15.242919999999998	0.35072654729953	241.80814	7.621459999999999	3.3773701936917497	
15A	4	a	250.12246	272.98684	263.97966	22.864379999999983	0.2089422290704257	261.20822	11.432189999999991	3.135817925375169	
15A	4	a	273.6797	293.07978	276.45114	19.400080000000003	0.3289269042834162	283.37974	9.700040000000001	4.887072130058254	
15A	4	a	293.77264	309.70842	302.77982	15.935779999999966	0.15421680209271038	301.3941	7.967889999999983	1.4716616306288162	
15A	4	a	310.40128	325.6442	322.1799	15.242920000000026	0.35808836608598504	318.02274	7.621460000000013	4.553370629109769	
15A	4	a	326.33706	352.66574	331.87994	26.32868000000002	0.3243651478649987	339.5014	13.16434000000001	5.780991344804049	
15A	4	a	358.20862	394.9302	363.7515	36.72158000000002	0.5876182333301192	376.22298	18.36079000000001	16.86434265408266	
15A	4	a	395.62306	432.34464	405.3231	36.72158000000002	0.6151685776262581	413.63742	18.36079000000001	18.41875609061572	
15A	4	a	433.0375	446.8947	443.4304	13.857199999999978	0.3410142814788908	439.9661	6.928599999999989	2.871502092081338	
15A	4	a	447.58756	475.30196	457.2876	27.714400000000012	0.1905732080672351	461.44476	13.857200000000006	3.700716058919376	
15A	4	a	475.99482	513.40926	491.9306	37.41444000000001	0.42099765597047956	494.70204	18.707220000000007	11.054268938683734	
15A	4	a	514.10212	525.18788	516.87356	11.085759999999937	0.08840287225139898	519.645	5.542879999999968	0.7872909702909603	
15A	4	a	527.95932	534.19506	531.42362	6.235739999999964	0.2948058192036336	530.73076	3.117869999999982	1.3169342502438053	
15A	4	a	536.27364	544.58796	540.4308	8.314319999999952	0.3112772458479709	540.4308	4.157159999999976	2.0397782651571403	
15A	4	a	545.28082	554.288	548.05226	9.007180000000062	0.13471692415983583	549.43798	4.503590000000031	1.0822574699402436	
15A	4	a	554.98086	575.0738	568.83806	20.09294	0.23982197294904273	564.6809	10.04647	3.954815775777333	
15A	4	a	575.76666	582.0024	578.5381	6.235739999999964	0.29658433550733676	578.5381	3.117869999999982	1.0872168028728628	
15A	4	a	582.69526	599.3239	588.23814	16.62864000000002	0.4357222458135168	591.00958	8.31432000000001	5.424864969250256	
16A	2	b	0.0	2.77144	0.0	2.77144	-0.4070717702515223	1.38572	1.38572	-0.7869793222171428	
16A	2	b	4.85002	7.62146	4.85002	2.77144	-0.03270059840060169	6.23574	1.38572	-0.050565917220552814	
16A	4	a	9.70004	18.01436	10.3929	8.31432	0.06689161125818277	13.8572	4.15716	0.32518223392402956	
16A	2	b	20.09294	29.10012	25.63582	9.007180000000002	-0.10758180386087135	24.2501	4.503590000000001	-0.5834513383188888	
16A	4	a	29.79298	39.49302	34.643	9.700040000000001	0.14760903324184804	34.643	4.850020000000001	1.070888880892374	
16A	4	a	40.18588	52.65736	45.0359	12.47148	0.5044956118965507	46.42162	6.23574	3.6392318381730524	
16A	4	a	53.35022	73.44316	58.20024	20.092940000000006	0.21992207452153778	63.05026	10.046470000000003	3.401378795297777	
16A	4	a	74.13602	78.98604	76.90746	4.850020000000001	0.09354366078546539	76.2146	2.4250100000000003	0.34767633936091835	
16A	4	a	79.6789	89.37894	81.06462	9.700040000000001	0.35715141389019944	84.52892	4.850020000000001	2.0305791077592215	
16A	4	a	90.0718	108.77902	95.61468	18.707220000000007	0.2328097493170569	99.07898	9.353610000000003	2.8875845022226274	
16A	4	a	109.47188	129.56482	119.17192	20.09294	0.4794957975911682	119.17192	10.04647	4.165782670396356	
16A	4	a	130.25768	141.34344	137.87914	11.085759999999993	0.1627599991485349	135.80056	5.542879999999997	1.4870155056983283	
16A	4	a	142.0363	150.35062	144.80774	8.31431999999998	0.11190642703005116	146.19346	4.15715999999999	0.8247614434102166	
16A	4	a	151.04348	182.91504	170.44356	31.871560000000017	0.4163223653538446	166.97926	15.935780000000008	9.136323937854351	
16A	4	a	183.6079	188.45792	186.37934	4.850020000000001	0.07044212144559969	185.68648	2.4250100000000003	0.2947803392339845	
16A	4	a	189.15078	208.55086	198.15796	19.400080000000003	0.42310125927589315	198.85082	9.700040000000001	4.483376085043584	
16A	4	a	209.24372	214.7866	213.40088	5.542879999999997	0.060363764220923155	212.01516	2.7714399999999983	0.21504604851116405	
16A	4	a	216.86518	221.7152	219.63662	4.850020000000001	0.07310102760970505	218.94376	2.4250100000000003	0.2444767282929492	
16A	4	a	222.40806	243.19386	239.72956	20.785799999999995	0.27733584564649894	232.80096	10.392899999999997	3.657824543637794	
16A	4	a	243.88672	250.12246	245.27244	6.235739999999993	0.12568173387168047	246.65816	3.1178699999999964	0.6026149018721172	
16A	4	a	250.81532	259.8225	254.27962	9.007179999999977	0.11245297966327694	254.97248	4.503589999999988	0.9967375023304126	
16A	4	a	260.51536	292.38692	278.52972	31.871559999999988	0.553961553439589	276.45114	15.935779999999994	9.199845181061942	
16A	4	a	297.9298	309.01556	304.8584	11.085759999999993	0.16758378102452154	303.47268	5.542879999999997	1.5813190811200566	
16A	4	a	309.70842	325.6442	318.7156	15.935780000000022	0.7014175728434684	317.32988	7.967890000000011	6.040962879691868	
16A	4	a	326.33706	358.90148	346.43	32.564419999999984	0.2545037577655789	342.27284	16.282209999999992	6.420168527787968	
16A	4	a	359.59434	390.08018	363.7515	30.485839999999996	0.47135463121326504	374.83726	15.242919999999998	10.959411852735014	
16A	4	a	390.77304	394.9302	393.54448	4.157160000000033	0.08835173382209627	392.85162	2.0785800000000165	0.26326016429133503	
16A	4	a	395.62306	403.24452	400.47308	7.621460000000013	0.29307775302573447	399.08736	3.8107300000000066	1.6260115958771182	
16A	4	a	403.93738	407.40168	404.63024	3.46429999999998	0.10741046731461523	405.3231	1.73214999999999	0.20837775101460765	
16A	4	a	408.09454	431.65178	415.02314	23.55723999999998	0.263890832841176	419.87316	11.77861999999999	4.296610950798315	
16A	4	a	433.73036	446.8947	439.27324	13.164339999999982	0.5469236600423999	439.9661	6.582169999999991	5.023723993644553	
16A	4	a	447.58756	460.7519	449.66614	13.164339999999982	0.10813379722304362	453.8233	6.582169999999991	0.9004173362712127	
16A	4	a	461.44476	493.31632	482.92342	31.871560000000045	0.4857573037364862	477.38054	15.935780000000022	6.541238576835402	
16A	4	a	494.00918	513.40926	498.8592	19.400080000000003	0.35733767765394253	503.70922	9.700040000000001	5.150932549447639	
16A	4	a	514.10212	520.33786	515.48784	6.235739999999964	0.07802968715993819	516.87356	3.117869999999982	0.3122417218444089	
16A	4	a	525.18788	546.66654	534.19506	21.478660000000104	0.5034746113761788	535.58078	10.739330000000052	6.562335505295316	
16A	4	a	547.3594	552.20942	550.8237	4.850019999999972	0.042148090368408386	549.43798	2.425009999999986	0.11940335296534932	
16A	2	b	554.288	556.36658	554.288	2.078579999999988	-0.028960863536217296	554.98086	1.039289999999994	-0.035947046676739314	
16A	4	a	558.44516	574.38094	563.29518	15.935780000000022	0.1532061106200997	566.06662	7.967890000000011	2.1928389000234034	
16A	4	a	575.0738	598.63104	581.30954	23.55723999999998	0.5014329392436983	586.85242	11.77861999999999	4.268056835230129	
17A	4	a	3.4643	9.00718	3.4643	5.54288	0.144774770565812	6.23574	2.77144	0.5612965432895505	
17A	4	a	14.55006	21.47866	18.70722	6.928600000000001	0.07642984506130368	18.01436	3.4643000000000006	0.2754957029484	
17A	4	a	23.55724	27.02154	23.55724	3.4643000000000015	0.041403756591113616	24.94296	1.7321500000000007	0.07014657901440913	
17A	4	a	27.7144	43.65018	31.1787	15.935779999999998	0.10616718710118134	35.33586	7.967889999999999	1.2128339815645126	
17A	4	a	44.34304	60.27882	55.4288	15.935780000000001	0.4738836356291416	51.9645	7.967890000000001	5.857018626478792	
17A	4	a	60.97168	92.15038	83.1432	31.1787	0.22835078067946046	76.2146	15.58935	4.842684417459925	
17A	4	a	94.22896	96.30754	94.92182	2.0785800000000023	0.04407401545741729	94.92182	1.0392900000000012	0.06481456167057398	
17A	2	b	97.0004	106.70044	98.38612	9.700040000000001	-0.10209843339499702	101.85042	4.850020000000001	-0.742333793108028	
17A	2	b	107.3933	113.62904	108.08616	6.235740000000007	-0.03930942880518806	110.16474	3.1178700000000035	-0.14552608417885549	
17A	2	b	114.3219	118.47906	117.09334	4.157160000000005	-0.05007924387819562	116.40048	2.0785800000000023	-0.12618770105097465	
17A	4	a	119.17192	126.79338	120.55764	7.621459999999999	0.14833018792106634	122.63622	3.8107299999999995	1.0576751580051238	
17A	4	a	127.48624	141.34344	130.25768	13.857199999999992	0.11723110037730677	134.41484	6.928599999999996	1.2626159730079132	
17A	4	a	143.42202	148.9649	144.80774	5.542879999999997	0.08459498477949223	146.19346	2.7714399999999983	0.2887579144413752	
17A	4	a	153.81492	171.82928	161.43638	18.01436000000001	0.3896606947429295	162.8221	9.007180000000005	3.01118773969887	
17A	4	a	172.52214	177.37216	173.90786	4.850020000000001	0.05617671903510102	174.60072	2.4250100000000003	0.22800510958923104	
17A	4	a	179.45074	185.68648	181.52932	6.235739999999993	0.0809928650104923	182.22218	3.1178699999999964	0.24010850362724123	
17A	4	a	186.37934	188.45792	186.37934	2.078579999999988	0.048063555582569695	187.0722	1.039289999999994	0.07896863007863186	
17A	4	a	189.15078	212.70802	200.9294	23.557240000000007	0.30067290152069015	200.9294	11.778620000000004	4.1654170454146975	
17A	4	a	213.40088	219.63662	216.86518	6.235739999999993	0.10831474936625352	216.17232	3.1178699999999964	0.5250191009593199	
17A	4	a	220.32948	266.05824	247.35102	45.72876000000002	0.4571374374938064	243.19386	22.86438000000001	13.46039776189953	
17A	2	b	266.7511	270.2154	268.13682	3.46429999999998	-0.07089275364731717	268.13682	1.73214999999999	-0.25532293245740245	
17A	2	b	270.90826	273.6797	272.98684	2.771440000000041	-0.029954175739269395	272.29398	1.3857200000000205	-0.03974916693493946	
17A	4	a	274.37256	300.70124	284.0726	26.328679999999963	0.35802028122109153	287.5369	13.164339999999982	6.75218226674487	
17A	4	a	301.3941	305.55126	304.8584	4.157160000000033	0.03863349571430508	303.47268	2.0785800000000165	0.11386083203776698	
17A	2	b	306.24412	314.55844	308.3227	8.31432000000001	-0.05716701700770033	310.40128	4.157160000000005	-0.38872665891882074	
17A	4	a	315.2513	330.49422	322.1799	15.24291999999997	0.39134852810708765	322.87276	7.621459999999985	4.935747590519082	
17A	4	a	331.18708	365.13722	356.8229	33.95014000000003	0.5557024381877049	347.81572	16.975070000000017	13.176498125117506	
17A	4	a	367.2158	394.9302	377.6087	27.714400000000012	0.1868915350946163	381.073	13.857200000000006	4.484925513549718	
17A	4	a	395.62306	411.55884	406.70882	15.935779999999966	0.4455315975942229	403.24452	7.967889999999983	5.78969731260805	
17A	4	a	412.2517	419.1803	414.33028	6.92859999999996	0.06505015305602146	415.716	3.46429999999998	0.24764547120661717	
17A	4	a	421.95174	464.2162	446.20184	42.26446000000004	0.47407337485824685	442.73754	21.13223000000002	9.078234138333945	
17A	4	a	464.90906	478.0734	472.53052	13.164339999999982	0.11900442717602777	471.1448	6.582169999999991	1.4008420817465157	
17A	4	a	478.76626	498.8592	485.69486	20.09294	0.5686746537132192	488.4663	10.04647	7.595506922180746	
17A	4	a	499.55206	505.7878	500.93778	6.235740000000021	0.05310585993370864	502.3235	3.1178700000000106	0.25875334149085005	
17A	4	a	507.86638	527.26646	511.33068	19.40008000000006	0.15007176240768372	517.56642	9.70004000000003	2.8714170037657345	
17A	4	a	527.95932	536.27364	533.5022	8.314319999999952	0.0653659806220439	532.11648	4.157159999999976	0.44123633960620845	
17A	4	a	536.9665	541.12366	537.65936	4.157159999999976	0.08203804294243477	539.04508	2.078579999999988	0.24942928719661217	
17A	4	a	541.81652	557.05944	545.97368	15.242920000000026	0.2306628739896781	549.43798	7.621460000000013	2.6005224739166213	
17A	4	a	557.7523	573.68808	568.83806	15.935780000000022	0.15125754770649946	565.37376	7.967890000000011	1.8918013126727429	
17A	4	a	575.76666	588.931	583.38812	13.164340000000038	0.4845428487529295	582.0024	6.582170000000019	3.072147824631903	
17A	4	a	589.62386	599.3239	596.55246	9.700039999999944	0.09029948916560926	594.47388	4.850019999999972	0.7423503477099689	
18A	4	a	2.07858	11.08576	3.4643	9.00718	0.17608332516501424	6.23574	4.50359	1.1554351568437204	
18A	4	a	13.8572	20.09294	18.70722	6.235739999999998	0.133350414577583	16.62864	3.117869999999999	0.7439863248395433	
18A	4	a	28.40726	41.5716	37.41444	13.164339999999996	0.2040136828142609	34.643	6.582169999999998	2.61833214575507	
18A	4	a	42.26446	48.5002	45.72876	6.23574	0.12282919839973117	45.0359	3.11787	0.5620119822998255	
18A	4	a	49.19306	58.20024	51.9645	9.007179999999998	0.1314951135239677	53.35022	4.503589999999999	0.8855708431713976	
18A	4	a	58.8931	71.36458	63.05026	12.471480000000007	0.17518890379984597	65.12884	6.235740000000003	1.6365396622582047	
18A	4	a	72.05744	101.85042	93.5361	29.79298	0.6191178182017678	86.6075	14.89649	6.666804702233016	
18A	4	a	110.16474	115.70762	110.16474	5.542880000000011	0.08634023163509852	112.93618	2.7714400000000055	0.35632092704798635	
18A	4	a	121.2505	140.65058	122.63622	19.40007999999999	0.8202758104000836	130.95054	9.700039999999994	7.21603517449665	
18A	4	a	141.34344	147.57918	144.80774	6.235740000000021	0.23297792885691893	144.11488	3.1178700000000106	0.9803555678640785	
18A	4	a	148.27204	150.35062	148.27204	2.078579999999988	0.019427255170845203	148.9649	1.039289999999994	0.02052117118926433	
18A	4	a	151.04348	153.81492	152.4292	2.7714400000000126	0.11920808566113639	152.4292	1.3857200000000063	0.2796648500680843	
18A	4	a	161.43638	176.6793	163.51496	15.242919999999998	0.5712221085601574	169.05784	7.621459999999999	6.600603935609969	
18A	4	a	177.37216	188.45792	181.52932	11.085759999999993	0.20206967303569323	182.91504	5.542879999999997	1.3574744716671037	
18A	4	a	189.15078	221.7152	211.3223	32.56442000000001	0.5198282306504489	205.08656	16.282210000000006	7.4441338194046125	
18A	4	a	222.40806	226.56522	223.79378	4.157160000000005	0.11973079517498153	224.48664	2.0785800000000023	0.384856508735695	
18A	4	a	229.33666	269.52254	241.11528	40.18588	0.43856720754156875	249.4296	20.09294	9.66199763422178	
18A	4	a	273.6797	281.99402	278.52972	8.314319999999952	0.15897900328696624	277.83686	4.157159999999976	0.9204721102358107	
18A	4	a	282.68688	295.15836	288.92262	12.471480000000042	0.30363628035986157	288.92262	6.235740000000021	2.036076464864985	
18A	4	a	295.85122	306.24412	297.9298	10.392899999999997	0.3182496711532554	300.70124	5.196449999999999	1.9815773972607675	
18A	4	a	306.93698	312.47986	309.01556	5.542879999999968	0.15769956138833097	309.70842	2.771439999999984	0.6084650540452061	
18A	4	a	318.02274	333.26566	318.7156	15.242920000000026	0.48221394764602676	325.6442	7.621460000000013	5.224908499832863	
18A	4	a	333.95852	343.65856	335.34424	9.700040000000001	0.32555446249493336	338.80854	4.850020000000001	1.7730715462975184	
18A	4	a	344.35142	352.66574	351.97288	8.31432000000001	0.08574016084541691	348.50858	4.157160000000005	0.37871101027749177	
18A	4	a	353.3586	367.90866	361.67292	14.550059999999974	0.2455951592868586	360.2872	7.275029999999987	2.145325663838264	
18A	4	a	368.60152	391.4659	376.22298	22.864379999999983	0.21735465379567476	379.68728	11.432189999999991	3.7354453805835846	
18A	4	a	392.15876	401.8588	396.31592	9.700040000000001	0.11451968572154625	397.00878	4.850020000000001	0.7401152159918056	
18A	4	a	402.55166	419.87316	410.86598	17.321499999999958	0.6287144430059994	410.86598	8.660749999999979	4.660867097943434	
18A	4	a	420.56602	432.34464	423.33746	11.778620000000046	0.12163002882395402	426.1089	5.889310000000023	1.0641239646998093	
18A	4	a	433.0375	441.35182	435.80894	8.314319999999952	0.15697413364274482	437.19466	4.157159999999976	0.9314063223090223	
18A	4	a	442.04468	451.05186	447.58756	9.007179999999948	0.12568701994913534	446.20184	4.503589999999974	0.9994203263591297	
18A	4	a	451.74472	471.1448	466.29478	19.400080000000003	0.31338343692676274	461.44476	9.700040000000001	3.9718348005486876	
18A	4	a	471.83766	480.15198	475.30196	8.314319999999952	0.48791372606355266	475.99482	4.157159999999976	2.9702565439877078	
18A	4	a	480.84484	486.38772	485.002	5.542880000000025	0.3793138075304894	483.61628	2.7714400000000126	1.1398835041312256	
18A	4	a	487.08058	489.85202	488.4663	2.771439999999984	0.22369074969183922	488.4663	1.385719999999992	0.3929340291660879	
18A	4	a	490.54488	505.09494	498.8592	14.55006000000003	0.43895199790292017	497.47348	7.275030000000015	3.1082204403985223	
18A	4	a	505.7878	524.49502	521.03072	18.70721999999995	0.1894094947332441	514.79498	9.353609999999975	2.2086455785935755	
18A	4	a	527.26646	531.42362	527.95932	4.157159999999976	0.1352841334784176	529.34504	2.078579999999988	0.3530779286392083	
18A	4	a	532.11648	536.9665	532.80934	4.850019999999972	0.08705153239611274	534.19506	2.425009999999986	0.3012259618641857	
18A	4	a	537.65936	541.12366	539.04508	3.46429999999998	0.11906874234385656	539.04508	1.73214999999999	0.34613455197287335	
18A	4	a	541.81652	554.98086	548.74512	13.164340000000038	0.1825396424735417	548.05226	6.582170000000019	1.5527804327440817	
18A	4	a	555.67372	582.69526	567.45234	27.02153999999996	0.368442391085932	568.83806	13.51076999999998	7.342110438746094	
18A	4	a	583.38812	586.85242	585.4667	3.464300000000094	0.10385866276001954	584.77384	1.732150000000047	0.24565810333237592	
18A	4	a	587.54528	599.3239	596.55246	11.778619999999933	0.15771420658062674	593.08816	5.889309999999966	1.3946666932971838	
19A	4	a	1.38572	8.31432	3.4643	6.9286	0.1155919699063741	4.85002	3.4643	0.562238162685323	
19A	4	a	9.00718	13.8572	11.77862	4.850020000000001	0.05581011704366512	11.08576	2.4250100000000003	0.21380792496262702	
19A	4	a	14.55006	16.62864	14.55006	2.0785800000000005	0.038430162479776264	15.24292	1.0392900000000003	0.054696072819029995	
19A	4	a	17.3215	21.47866	19.40008	4.157160000000001	0.06702202250079425	19.40008	2.0785800000000005	0.1516491326586995	
19A	4	a	23.55724	27.02154	26.32868	3.4643000000000015	0.0208079038072424	24.94296	1.7321500000000007	0.0504631293269302	
19A	4	a	27.7144	48.5002	31.87156	20.7858	0.134433032191553	38.1073	10.3929	2.211037516276339	
19A	4	a	49.19306	64.43598	53.35022	15.242919999999998	0.24273714282963255	56.81452	7.621459999999999	2.7005573819020485	
19A	4	a	65.12884	67.90028	66.51456	2.7714399999999983	0.07213179679548576	66.51456	1.3857199999999992	0.16788901748770813	
19A	4	a	68.59314	73.44316	72.05744	4.850020000000001	0.1501400105770787	70.67172	2.4250100000000003	0.4904330300165034	
19A	4	a	75.52174	79.6789	77.60032	4.157160000000005	0.10009089380741809	77.60032	2.0785800000000023	0.29306103498058445	
19A	4	a	80.37176	103.929	94.22896	23.557240000000007	0.40275227719564777	92.15038	11.778620000000004	6.095033393923899	
19A	4	a	104.62186	121.2505	115.70762	16.628640000000004	0.1917873851347256	112.93618	8.314320000000002	2.766360740878053	
19A	4	a	121.94336	132.33626	127.48624	10.392900000000012	0.1936881751332611	126.79338	5.196450000000006	2.0274813709105004	
19A	4	a	133.02912	144.80774	137.87914	11.77861999999999	0.20086715425376234	138.572	5.889309999999995	2.3679348113293472	
19A	4	a	147.57918	153.12206	149.65776	5.542879999999997	0.11666840080433083	150.35062	2.7714399999999983	0.594380866043291	
19A	4	a	153.81492	164.20782	162.12924	10.392899999999997	0.11036226282617889	158.66494	5.196449999999999	0.9993654311642199	
19A	4	a	164.90068	182.91504	170.44356	18.01436000000001	0.27663498702197176	173.90786	9.007180000000005	4.2337885736404175	
19A	4	a	183.6079	188.45792	187.76506	4.850020000000001	0.05780217199721438	185.68648	2.4250100000000003	0.20115105561481395	
19A	4	a	190.5365	198.15796	196.77224	7.621460000000013	0.11612125766582793	194.0008	3.8107300000000066	0.8230709855735934	
19A	4	a	200.23654	212.01516	205.77942	11.778620000000018	0.165332686951984	205.77942	5.889310000000009	1.4483954256787004	
19A	4	a	212.70802	223.10092	216.86518	10.392899999999997	0.12816211593732385	217.55804	5.196449999999999	1.04102796663481	
19A	4	a	223.79378	234.18668	232.1081	10.392899999999997	0.11655003610567949	228.6438	5.196449999999999	0.9325549946293028	
19A	4	a	234.87954	240.42242	239.0367	5.542879999999997	0.05815202330495284	237.65098	2.7714399999999983	0.24564620023990003	
19A	4	a	242.501	253.58676	245.9653	11.085759999999993	0.10335000260734395	248.04388	5.542879999999997	0.8072759128641425	
19A	4	a	254.27962	259.8225	256.3582	5.542879999999997	0.039819171894298844	257.05106	2.7714399999999983	0.1304891410019029	
19A	4	a	260.51536	269.52254	261.90108	9.007180000000005	0.09396847226568283	264.67252	4.503590000000003	0.7199901049961606	
19A	4	a	270.2154	277.83686	272.98684	7.621460000000013	0.11532671664277228	273.6797	3.8107300000000066	0.6720614240326483	
19A	4	a	278.52972	296.54408	288.22976	18.01436000000001	0.26236429609035694	287.5369	9.007180000000005	2.822556106335745	
19A	4	a	297.23694	300.70124	298.62266	3.46429999999998	0.06801772948905294	298.62266	1.73214999999999	0.19435778013738259	
19A	4	a	301.3941	308.3227	305.55126	6.928600000000017	0.08168901923991179	304.8584	3.4643000000000086	0.5489329711036814	
19A	4	a	309.01556	334.65138	320.10132	25.635820000000024	0.16512909550862487	321.48704	12.817910000000012	3.1480445734528515	
19A	4	a	335.34424	354.74432	342.9657	19.400080000000003	0.16007415769371613	345.04428	9.700040000000001	2.4015483764091785	
19A	4	a	355.43718	374.1444	367.2158	18.707220000000007	0.15556968809187843	364.44436	9.353610000000003	1.626404162275709	
19A	4	a	374.83726	378.99442	376.22298	4.157159999999976	0.056894633717182064	376.91584	2.078579999999988	0.2054729937734021	
19A	4	a	379.68728	382.45872	381.073	2.771440000000041	0.08470135055592776	381.073	1.3857200000000205	0.15553948810140206	
19A	4	a	383.15158	385.92302	384.5373	2.771439999999984	0.05581524897281387	384.5373	1.385719999999992	0.08284956850571445	
19A	4	a	386.61588	390.08018	388.69446	3.46429999999998	0.1496876737390549	388.0016	1.73214999999999	0.4002862464858379	
19A	4	a	392.15876	401.16594	395.62306	9.007180000000005	0.11373959100405218	396.31592	4.503590000000003	0.5400058476994198	
19A	4	a	401.8588	403.93738	402.55166	2.078580000000045	0.01858318229686029	402.55166	1.0392900000000225	0.02842178854821542	
19A	4	a	406.01596	421.95174	414.33028	15.935779999999966	0.20871360816554096	413.63742	7.967889999999983	2.261480055175043	
19A	4	a	424.03032	430.26606	425.41604	6.235739999999964	0.10905856411643233	426.80176	3.117869999999982	0.5764126281948356	
19A	4	a	432.34464	463.52334	446.20184	31.178699999999992	0.2946433907790915	447.58756	15.589349999999996	4.6485403839490544	
19A	4	a	464.2162	473.22338	466.98764	9.007180000000005	0.13047129430494087	468.37336	4.503590000000003	0.8998435217418208	
19A	4	a	473.91624	513.40926	499.55206	39.49302	0.361422905765429	493.31632	19.74651	8.972829293531957	
19A	4	a	514.10212	517.56642	514.79498	3.46429999999998	0.033014111002803936	515.48784	1.73214999999999	0.07840090052112947	
19A	2	b	518.25928	520.33786	518.95214	2.078579999999988	-0.03210085138677776	518.95214	1.039289999999994	-0.04493384269725653	
19A	4	a	527.26646	531.42362	528.65218	4.157159999999976	0.11411711560489435	529.34504	2.078579999999988	0.3133577533728573	
19A	4	a	532.11648	543.20224	538.35222	11.085759999999937	0.2217730932752131	537.65936	5.542879999999968	1.0168863727988842	
19A	4	a	543.8951	554.288	548.74512	10.392900000000054	0.11945330399446874	548.74512	5.196450000000027	0.678633579949822	
19A	4	a	557.7523	574.38094	572.99522	16.62864000000002	0.087101233189391	566.06662	8.31432000000001	0.7300044300985684	
19A	4	a	576.45952	578.5381	577.15238	2.078579999999988	0.037909549808520904	577.15238	1.039289999999994	0.054649963282218605	
19A	4	a	582.69526	590.31672	583.38812	7.62146000000007	0.3728458604747189	586.15956	3.810730000000035	1.8334022378684522	
19A	4	a	592.3953	595.8596	592.3953	3.46429999999998	0.051500076624586555	593.78102	1.73214999999999	0.08910534816198101	
19A	4	a	596.55246	598.63104	597.24532	2.078579999999988	0.08393814257819932	597.24532	1.039289999999994	0.10584927285114598	
