										AB_Unfed#2_Anterograde_evts_formatted.txt
ROI	Quadrant	Direction	Start time (s)	End time (s)	Peak time (s)	Duration (s)	Amplitude	Midpoint (s)	Half Duration(s)	AUC
8A	2	b	0.0	2.305408	0.0	2.305408	-0.28253088442859475	1.152704	1.152704	-0.4706702800396525	
8A	4	a	5.76352	43.802752	12.679744	38.039232	1.1027474485120052	24.783136	19.019616	45.478987051599795	
8A	4	a	46.10816	53.024384	48.98992	6.916224	0.5654448243349526	49.566272	3.458112	3.891286862182645	
8A	4	a	54.75344	121.610272	67.433184	66.856832	3.0806602335761886	88.181856	33.428416	200.8754394002072	
8A	2	b	122.186624	133.137312	130.255552	10.950688000000014	-0.47611684770558593	127.373792	5.475344000000007	-5.888169460326181	
8A	4	a	133.713664	171.752896	143.511648	38.039232	3.2353417353777845	152.73328	19.019616	121.20388114746072	
8A	2	b	173.481952	194.806976	190.772512	21.325023999999985	-1.0569943683359337	183.856288	10.662511999999992	-24.35184432795877	
8A	4	a	195.383328	218.437408	201.146848	23.05408	1.4965620534379918	206.910368	11.52704	39.678908001015614	
8A	4	a	219.01376	221.319168	219.590112	2.305408	0.03727886466465424	220.166464	1.152704	0.061325256529993766	
8A	4	a	223.624576	248.984064	237.457024	25.359488	0.6644723785267406	236.30432	12.679744	14.826497517768079	
8A	2	b	249.560416	258.205696	255.323936	8.645279999999985	-0.3440713641317714	253.59488	4.322639999999993	-3.0758946457627676	
8A	4	a	258.782048	280.107072	265.698272	21.32502400000004	2.182940550159338	269.156384	10.66251200000002	49.95668680454463	
8A	2	b	280.683424	318.146304	307.771968	37.462879999999984	-1.1404564290927928	299.126688	18.731439999999992	-40.909476166072054	
8A	4	a	318.722656	333.131456	323.909824	14.408800000000042	0.9920232241207332	325.63888	7.204400000000021	13.544017987027491	
8A	2	b	334.860512	352.151072	341.200384	17.29055999999997	-0.21661249567162422	343.505792	8.645279999999985	-3.174742351868887	
8A	4	a	352.727424	372.899744	362.525408	20.172320000000013	0.4202700818978746	362.525408	10.086160000000007	9.95203710001945	
8A	2	b	375.205152	378.663264	376.934208	3.4581120000000283	-0.1010475636828394	376.934208	1.7290560000000141	-0.3949057943001004	
8A	4	a	379.239616	391.343008	386.732192	12.103391999999985	0.3691414506620889	385.003136	6.051695999999993	3.514969352159544	
8A	4	a	391.91936	437.451168	413.820736	45.53180800000001	0.9598839448240906	414.397088	22.765904000000006	38.436123953083666	
8A	2	b	440.332928	451.283616	446.6728	10.950688000000014	-0.31489907278538176	445.520096	5.475344000000007	-3.1322315030320014	
8A	4	a	451.859968	489.8992	465.116064	38.03923200000003	0.5769210344973912	470.879584	19.019616000000013	23.101671777849628	
8A	4	a	490.475552	492.204608	490.475552	1.7290560000000141	0.02518412965472816	491.051904	0.8645280000000071	0.030665664678733773	
8A	2	b	492.78096	507.766112	502.578944	14.985152000000028	-0.2629697090486456	500.273536	7.492576000000014	-3.424724357011098	
8A	4	a	510.07152	546.381696	536.00736	36.31017600000001	0.717783777282321	527.938432	18.155088000000006	25.7551848149712	
8A	4	a	546.958048	548.687104	546.958048	1.7290560000000141	0.024542868271320906	547.5344	0.8645280000000071	0.01769363292677051	
8A	2	b	550.41616	590.184448	575.775648	39.768287999999984	-0.6308392427322969	570.012128	19.884143999999992	-24.509494116350673	
8A	4	a	590.7608	599.40608	591.337152	8.645279999999957	0.16718214654300478	594.795264	4.3226399999999785	1.3429540749209297	
9A	2	b	0.0	9.221632	0.0	9.221632	-1.4747577366385647	4.610816	4.610816	-13.8726907770169	
9A	4	a	9.797984	23.630432	12.679744	13.832448	0.96729266572037	16.714208	6.916224	11.495444800751185	
9A	2	b	24.206784	47.260864	43.2264	23.05408	-0.3279122714492946	35.733824	11.52704	-7.395895928292928	
9A	4	a	47.837216	54.177088	50.142624	6.339872	0.24771489189433904	50.718976	3.169936	1.5666760184245379	
9A	2	b	54.75344	57.058848	55.906144	2.305408	-0.06482033087505545	55.906144	1.152704	-0.1301735392215051	
9A	4	a	57.6352	78.960224	68.009536	21.325024	1.9804969190184223	68.009536	10.662512	41.30462014824223	
9A	2	b	79.536576	102.014304	85.876448	22.477728	-0.3830427520686852	90.487264	11.238864	-9.591637183517076	
9A	4	a	102.590656	116.999456	110.083232	14.4088	0.2047758623610516	109.50688	7.2044	2.7567250756785042	
9A	2	b	117.575808	137.748128	133.713664	20.172320000000013	-0.8670120293222481	127.373792	10.086160000000007	-14.224862100432325	
9A	4	a	138.32448	154.462336	142.358944	16.137856	1.7133530391248923	146.393408	8.068928	28.668633245726237	
9A	2	b	155.038688	198.84144	192.501568	43.802752	-1.2536823656581069	176.940064	21.901376	-60.134597184802615	
9A	4	a	199.417792	214.402944	202.299552	14.985152	0.7378928549317276	206.910368	7.492576	11.053988737597072	
9A	2	b	214.979296	228.811744	222.471872	13.832448	-0.24794992751097977	221.89552	6.916224	-3.600395782178292	
9A	4	a	229.388096	251.289472	239.762432	21.901376	0.6027300545563179	240.338784	10.950688	12.428974193584907	
9A	4	a	254.747584	279.53072	265.698272	24.783135999999985	0.8710347608165696	266.850976	12.391567999999992	17.52483064351275	
9A	4	a	281.259776	302.5848	289.328704	21.325023999999985	0.3946494418751767	291.634112	10.662511999999992	7.547513162502762	
9A	2	b	303.161152	304.890208	304.313856	1.7290559999999573	-0.04798781904915028	303.737504	0.8645279999999786	-0.031693242516655395	
9A	4	a	305.46656	311.806432	306.619264	6.339871999999957	0.11067136005463318	308.34832	3.1699359999999785	0.5281144687539574	
9A	4	a	316.417248	330.249696	323.909824	13.832448	0.4222231688551892	323.333472	6.916224	5.387092729655974	
9A	4	a	330.826048	368.86528	349.845664	38.03923199999997	0.5471257690114468	349.845664	19.019615999999985	16.881243481998673	
9A	4	a	370.594336	372.899744	370.594336	2.305408	0.049595676537505184	371.74704	1.152704	0.11367718040219943	
9A	2	b	373.476096	378.663264	376.357856	5.187168000000042	-0.09770756419664384	375.781504	2.593584000000021	-0.3725217771378735	
9A	4	a	379.239616	391.91936	380.968672	12.679743999999971	0.14953558846088288	385.579488	6.3398719999999855	1.7150768134904206	
9A	4	a	392.495712	435.722112	408.633568	43.226399999999956	0.5007109717316736	413.820736	21.613199999999978	22.14322151225984	
9A	4	a	436.298464	441.485632	436.298464	5.187167999999986	0.10766119353706838	438.603872	2.593583999999993	0.37508709012735286	
9A	4	a	442.061984	447.249152	443.214688	5.187167999999986	0.037994168006523665	444.367392	2.593583999999993	0.20707614647203298	
9A	4	a	447.825504	450.130912	447.825504	2.305408	0.0800829821631579	448.978208	1.152704	0.17424706568986137	
9A	4	a	450.707264	488.170144	474.914048	37.462879999999984	0.3652733150899765	469.150528	18.731439999999992	14.439274814879484	
9A	4	a	488.746496	491.051904	489.322848	2.305408	0.0759082364355983	489.8992	1.152704	0.12240780235224147	
9A	2	b	491.628256	495.66272	492.78096	4.034463999999957	-0.05633101387517225	493.357312	2.0172319999999786	-0.16979663846152526	
9A	2	b	496.239072	499.120832	496.239072	2.8817599999999857	-0.03456538276747345	497.391776	1.4408799999999928	-0.09282214588610627	
9A	4	a	503.155296	504.884352	503.155296	1.7290559999999573	0.06993872310730787	503.731648	0.8645279999999786	0.0594089801864679	
9A	4	a	505.460704	526.785728	517.564096	21.325023999999928	0.15648738535444995	515.83504	10.662511999999964	2.0271715062375795	
9A	4	a	527.36208	555.603328	536.00736	28.24124800000004	0.3753224420659125	541.194528	14.12062400000002	7.738586903162801	
9A	2	b	556.17968	582.11552	567.130368	25.935839999999985	-0.15817401038241696	568.859424	12.967919999999992	-4.187986593390013	
9A	4	a	583.844576	599.982432	599.982432	16.137856000000056	0.4975852429707994	591.913504	8.068928000000028	7.003371193299033	
10A	2	b	2.305408	6.916224	5.187168	4.610816	-0.05024995902138052	4.610816	2.305408	-0.15399954156438778	
10A	4	a	7.492576	20.748672	11.52704	13.256096	0.21621209191159796	13.832448	6.628048	2.721919917402288	
10A	4	a	21.325024	23.05408	22.477728	1.729056	0.03870277591951998	21.901376	0.864528	0.06986073483753752	
10A	4	a	26.512192	37.46288	35.157472	10.950688	0.07219868917453454	31.69936	5.475344	0.6774281764791386	
10A	4	a	38.039232	53.024384	46.10816	14.985152	0.11984357402135659	45.531808	7.492576	1.617336857196267	
10A	4	a	55.329792	60.51696	55.329792	5.187168	0.06949138066311233	57.6352	2.593584	0.27423355799908444	
10A	4	a	62.822368	77.80752	69.738592	14.985152	0.22079276702424977	70.314944	7.492576	2.5464525274255942	
10A	2	b	80.112928	82.418336	80.68928	2.305408	-0.036717002051223524	81.265632	1.152704	-0.07022744475647169	
10A	4	a	85.300096	92.21632	87.605504	6.916224	0.05653496770127253	88.758208	3.458112	0.42624264173539617	
10A	4	a	92.792672	122.186624	114.694048	29.393952	0.17755745880530327	107.201472	14.696976	4.814378188132394	
10A	4	a	122.762976	125.644736	123.339328	2.88176	0.054510822285696925	123.91568	1.44088	0.1252595748953913	
10A	2	b	127.950144	136.019072	133.137312	8.068928	-0.09843838189072418	131.984608	4.034464	-0.7914304941822532	
10A	4	a	137.748128	153.885984	143.511648	16.137856	0.5935372237331284	145.817056	8.068928	7.657164589401358	
10A	2	b	157.344096	198.84144	187.3144	41.497344	-0.4811938272829668	178.092768	20.748672	-20.81772012386697	
10A	4	a	199.417792	214.979296	203.452256	15.561504000000014	0.43014538371116506	206.910368	7.780752000000007	6.639371133420067	
10A	2	b	216.708352	224.200928	220.166464	7.492576000000014	-0.15883850139780042	220.166464	3.746288000000007	-1.265010288826104	
10A	4	a	224.77728	228.235392	225.929984	3.458112	0.04962230786001287	226.506336	1.729056	0.17733323703753934	
10A	4	a	230.5408	258.205696	242.644192	27.664896	0.6011356465951594	244.373248	13.832448	18.01836495967116	
10A	4	a	258.782048	279.53072	265.12192	20.748672	0.9078720605850656	269.156384	10.374336	20.626965907136444	
10A	2	b	281.259776	285.29424	281.836128	4.034464000000014	-0.06362118824684782	282.988832	2.017232000000007	-0.17352677372638636	
10A	4	a	285.870592	299.126688	292.210464	13.256096000000014	0.24149141993690115	292.210464	6.628048000000007	3.1138377087387443	
10A	4	a	299.70304	315.264544	311.23008	15.561504000000014	0.3439011071838074	307.195616	7.780752000000007	4.810290236298266	
10A	4	a	315.840896	338.894976	319.299008	23.05408	0.8188466242101562	327.367936	11.52704	16.137096284588768	
10A	4	a	342.353088	368.288928	354.45648	25.935839999999985	0.36333110607584107	355.032832	12.967919999999992	8.393982093364208	
10A	4	a	368.86528	383.27408	378.663264	14.408800000000042	0.21236660830141663	375.781504	7.204400000000021	2.218250450805038	
10A	4	a	383.850432	388.461248	385.579488	4.610816	0.060436332957531924	386.15584	2.305408	0.2726836105080528	
10A	2	b	389.0376	397.106528	391.343008	8.068928000000028	-0.1619645387679518	393.072064	4.034464000000014	-0.9757981525596233	
10A	4	a	397.68288	436.874816	413.820736	39.191936	0.5477972824815849	417.278848	19.595968	20.60992872194182	
10A	2	b	439.756576	454.741728	446.6728	14.985152000000028	-0.135719768839202	447.249152	7.492576000000014	-1.8489077163612664	
10A	4	a	458.19984	478.37216	469.150528	20.172320000000013	0.15872668985285365	467.997824	10.086160000000007	2.5935360938926832	
10A	4	a	478.948512	500.849888	483.559328	21.901376000000027	0.16572998345351575	489.8992	10.950688000000014	3.33045453299854	
10A	2	b	503.155296	508.342464	504.884352	5.187167999999986	-0.0640927689874009	505.460704	2.593583999999993	-0.2590751240672433	
10A	2	b	508.918816	510.647872	508.918816	1.7290560000000141	-0.04141698850199038	509.495168	0.8645280000000071	-0.06453237413530521	
10A	4	a	512.376928	546.381696	531.972896	34.00476800000001	0.40150004680425555	529.091136	17.002384000000006	12.558500537347076	
10A	2	b	548.687104	599.982432	575.775648	51.29532800000004	-0.6137568572294496	574.046592	25.64766400000002	-34.9056405632456	
11A	4	a	0.0	9.221632	3.458112	9.221632	0.42753604354985386	4.610816	4.610816	4.535590613071973	
11A	4	a	9.797984	12.103392	9.797984	2.305408	0.02872944834920066	10.950688	1.152704	0.0700174782208196	
11A	2	b	12.679744	31.69936	24.206784	19.019616	-0.1844723065826659	21.901376	9.509808	-3.259751920431543	
11A	4	a	32.275712	45.531808	39.768288	13.256096	0.08499728438845411	38.615584	6.628048	1.2938811911404855	
11A	4	a	46.10816	49.566272	46.10816	3.458112	0.07473898397898049	47.837216	1.729056	0.13264588344359862	
11A	4	a	50.142624	69.16224	60.51696	19.019616	0.4499899248909571	59.364256	9.509808	5.578605136647031	
11A	4	a	69.738592	91.063616	87.605504	21.325024	0.11274438803484133	80.112928	10.662512	1.6507757669633756	
11A	4	a	91.639968	121.610272	107.201472	29.970304	0.14268992716437312	106.62512	14.985152	3.7625296808229196	
11A	4	a	122.186624	132.56096	123.339328	10.374336	0.07845767752320842	127.373792	5.187168	0.8327665046461745	
11A	4	a	133.137312	153.309632	137.748128	20.172319999999985	0.2978844454324032	142.935296	10.086159999999992	5.543973292519646	
11A	4	a	155.038688	167.718432	162.531264	12.679744	0.05735029752052245	161.37856	6.339872	0.7875285205230662	
11A	4	a	168.294784	185.008992	177.516416	16.714208000000013	0.10680215541292082	176.363712	8.357104000000007	1.727264513328762	
11A	4	a	190.19616	200.570496	195.383328	10.374336	0.3354445581465466	195.383328	5.187168	2.890254993294083	
11A	4	a	201.146848	211.521184	204.60496	10.374336	0.10379668669990227	206.334016	5.187168	1.1169378377547914	
11A	4	a	212.097536	213.826592	212.673888	1.7290560000000141	0.021981131412454058	212.673888	0.8645280000000071	0.02802253754757622	
11A	4	a	215.555648	220.166464	216.132	4.610816	0.06082777468355083	217.861056	2.305408	0.3367058358549866	
11A	4	a	223.048224	224.77728	223.048224	1.7290559999999857	0.052874208879459594	223.624576	0.8645279999999929	0.05079441144264085	
11A	4	a	229.964448	247.255008	238.609728	17.29056	0.7981339978500253	238.609728	8.64528	12.99136745125281	
11A	4	a	247.83136	251.289472	248.407712	3.458112	0.06378891859285307	249.560416	1.729056	0.18786174064341354	
11A	2	b	251.865824	264.545568	259.934752	12.679744	-0.20433806037974822	258.205696	6.339872	-2.672747272481134	
11A	4	a	265.12192	279.53072	271.461792	14.408799999999985	0.18067513060090334	272.038144	7.204399999999993	3.013697388606598	
11A	4	a	280.107072	316.9936	311.806432	36.886528	0.37416502385736816	298.550336	18.443264	14.503850854897617	
11A	4	a	317.569952	329.096992	323.909824	11.52704	0.5594880002318421	323.333472	5.76352	5.9571822486465225	
11A	4	a	329.673344	333.131456	331.978752	3.4581120000000283	0.06633148720332693	331.4024	1.7290560000000141	0.21291433477843946	
11A	4	a	333.707808	368.86528	346.963904	35.157471999999984	0.31335305454184104	350.998368	17.578735999999992	11.981107584725706	
11A	4	a	369.441632	372.899744	370.017984	3.4581119999999714	0.05530109469089828	371.170688	1.7290559999999857	0.11391156333678487	
11A	4	a	374.6288	376.357856	375.205152	1.7290560000000141	0.055923636950516276	375.205152	0.8645280000000071	0.09815928052125256	
11A	4	a	378.086912	396.530176	386.15584	18.443264	0.4359690480629532	387.308544	9.221632	6.434455058791777	
11A	4	a	397.106528	425.347776	408.633568	28.241247999999985	0.3531890011985883	410.938976	14.120623999999992	11.060702184603343	
11A	4	a	425.924128	429.958592	428.805888	4.034464000000014	0.050779592696251985	427.653184	2.017232000000007	0.1434262087725413	
11A	2	b	430.534944	447.825504	435.722112	17.290560000000028	-0.09268975020318138	439.180224	8.645280000000014	-1.4740522296383802	
11A	2	b	448.401856	451.283616	450.130912	2.8817599999999857	-0.06916988934104573	449.55456	1.4408799999999928	-0.1459635993819861	
11A	4	a	453.012672	477.219456	474.914048	24.20678399999997	0.1431032921942652	465.116064	12.103391999999985	3.4436619123166357	
11A	4	a	477.795808	502.578944	489.322848	24.783135999999956	0.18526326672350502	489.8992	12.391567999999978	4.974907087018703	
11A	4	a	503.155296	504.884352	503.155296	1.7290559999999573	0.03929916311424009	503.731648	0.8645279999999786	0.04449111204461298	
11A	2	b	505.460704	511.800576	507.18976	6.339871999999957	-0.04646864177848409	508.342464	3.1699359999999785	-0.218087318592735	
11A	4	a	513.529632	515.83504	514.105984	2.3054080000000567	0.0431605202500851	514.682336	1.1527040000000284	0.057071818328567225	
11A	4	a	516.411392	546.381696	534.854656	29.970304000000056	0.2747501199261353	531.396544	14.985152000000028	7.125713021805364	
11A	4	a	546.958048	549.263456	546.958048	2.3054080000000567	0.03567486564328437	548.110752	1.1527040000000284	0.06471785918153117	
11A	2	b	552.145216	553.874272	552.145216	1.7290560000000141	-0.019135921718454796	552.721568	0.8645280000000071	-0.02849941809219292	
11A	2	b	556.17968	557.908736	556.756032	1.7290560000000141	-0.017293941408104807	556.756032	0.8645280000000071	-0.028295383519460593	
11A	4	a	558.485088	567.130368	563.095904	8.645279999999957	0.11617473692809988	562.519552	4.3226399999999785	0.6240563809534871	
11A	4	a	567.70672	572.893888	572.317536	5.187167999999929	0.04194822745388871	570.012128	2.5935839999999644	0.21475902849492257	
11A	4	a	580.386464	599.982432	595.947968	19.59596799999997	0.13357982279949798	590.184448	9.797983999999985	2.279699517256966	
12A	4	a	4.034464	7.492576	6.339872	3.458112	0.06295612137818019	5.76352	1.729056	0.2688213569706881	
12A	4	a	8.068928	23.630432	10.950688	15.561504	0.2714139388873349	15.561504	7.780752	4.4196932307699015	
12A	4	a	24.206784	29.393952	27.664896	5.187168	0.05503001808807806	26.512192	2.593584	0.2378024043582314	
12A	2	b	29.970304	31.69936	31.123008	1.729056	-0.009369061244703936	30.546656	0.864528	-0.013485535515873615	
12A	2	b	32.275712	57.6352	43.2264	25.359488	-0.18742947343726346	44.955456	12.679744	-3.727713587220694	
12A	4	a	58.211552	80.112928	63.39872	21.901376	0.49952814988262206	69.16224	10.950688	8.747075279661207	
12A	4	a	80.68928	84.147392	82.418336	3.458112	0.035221774655252336	82.418336	1.729056	0.10527223585065815	
12A	2	b	88.181856	90.487264	88.181856	2.305408	-0.04234965821611958	89.33456	1.152704	-0.05896925542383835	
12A	2	b	93.945376	95.674432	95.09808	1.729056	-0.04699666317503137	94.521728	0.864528	-0.05006061624680913	
12A	4	a	100.285248	105.472416	104.319712	5.187168	0.05394399953144102	102.590656	2.593584	0.19437738254770331	
12A	4	a	106.048768	108.354176	107.201472	2.305408	0.06189439650058537	107.201472	1.152704	0.10816448586801819	
12A	4	a	108.930528	121.610272	109.50688	12.679744	0.07498871739705715	115.2704	6.339872	0.9998864730833732	
12A	2	b	126.221088	133.713664	131.408256	7.492576	-0.0668697165267722	129.6792	3.746288	-0.490991467504605	
12A	4	a	134.290016	153.885984	140.053536	19.595968	0.5424467614433737	144.088	9.797984	7.8951420769783915	
12A	4	a	154.462336	156.767744	155.038688	2.305408	0.04773424052747277	155.61504	1.152704	0.11747055017478636	
12A	4	a	158.4968	160.802208	159.649504	2.305408	0.04214925431554217	159.649504	1.152704	0.08921572635368347	
12A	4	a	161.37856	167.14208	162.531264	5.76352	0.06295085737686623	164.26032	2.88176	0.1817469130157634	
12A	2	b	167.718432	169.447488	167.718432	1.7290559999999857	-0.057191416969784026	168.294784	0.8645279999999929	-0.06938020054977412	
12A	2	b	170.02384	187.890752	173.481952	17.866911999999985	-0.06419359252587897	178.66912	8.933455999999993	-1.0484633436109443	
12A	4	a	188.467104	190.772512	188.467104	2.305408	0.024973253076889357	189.619808	1.152704	0.017636674108706174	
12A	4	a	191.348864	213.826592	198.265088	22.477728000000013	0.2504462725547447	202.299552	11.238864000000007	4.974778169083033	
12A	4	a	214.402944	220.166464	217.861056	5.76352	0.05761401659018084	217.284704	2.88176	0.24506016344906456	
12A	4	a	220.742816	225.929984	221.319168	5.187167999999986	0.03436529643366404	223.048224	2.593583999999993	0.20247272994665044	
12A	4	a	226.506336	230.5408	227.082688	4.034463999999986	0.048475204959752105	228.235392	2.017231999999993	0.17140135193683914	
12A	4	a	231.117152	234.575264	233.42256	3.458112	0.043808762396212675	232.846208	1.729056	0.09958129064473398	
12A	4	a	235.151616	247.255008	239.18608	12.103392000000014	0.37119857888714414	240.915136	6.051696000000007	3.409527527878119	
12A	4	a	247.83136	263.969216	258.782048	16.137856000000028	0.12560633038795688	255.900288	8.068928000000014	1.8584386305594611	
12A	4	a	264.545568	279.53072	272.614496	14.985151999999971	0.10479803708492419	272.038144	7.4925759999999855	1.2182327697523556	
12A	2	b	280.107072	288.176	286.446944	8.068927999999971	-0.11818099258603976	284.141536	4.034463999999986	-0.8356625758472844	
12A	4	a	288.752352	299.70304	293.363168	10.950688000000014	0.2908551355915754	293.93952	5.475344000000007	3.308308037024263	
12A	4	a	300.279392	308.34832	303.737504	8.068928000000028	0.07326502878226426	304.313856	4.034464000000014	0.49401707465289424	
12A	4	a	308.924672	318.722656	315.264544	9.797983999999985	0.4354740895038849	313.535488	4.898991999999993	4.0737640009485485	
12A	4	a	319.299008	329.673344	325.062528	10.374335999999971	0.31449144633116477	324.486176	5.187167999999986	2.978038853629379	
12A	4	a	331.978752	368.288928	354.45648	36.31017600000001	0.4301656053596923	349.845664	18.155088000000006	14.409725648202787	
12A	4	a	368.86528	377.51056	368.86528	8.645280000000014	0.06566666197053728	372.899744	4.322640000000007	0.37687513034871567	
12A	4	a	378.086912	383.27408	378.663264	5.187168000000042	0.10706063915535369	380.39232	2.593584000000021	0.5209373260282153	
12A	4	a	383.850432	389.613952	387.884896	5.763519999999971	0.06575423750054332	386.732192	2.8817599999999857	0.3311275597772998	
12A	2	b	391.343008	393.072064	391.91936	1.7290560000000141	-0.05317789595513789	391.91936	0.8645280000000071	-0.06664768697757784	
12A	4	a	393.648416	425.347776	412.09168	31.699360000000013	0.3829802177898869	409.20992	15.849680000000006	12.171847992512614	
12A	4	a	425.924128	427.653184	425.924128	1.7290560000000141	0.010117568082507855	426.50048	0.8645280000000071	0.014123353030232488	
12A	4	a	428.229536	429.958592	428.805888	1.7290560000000141	0.050313303456600345	428.805888	0.8645280000000071	0.05923133665853908	
12A	2	b	432.840352	453.012672	435.722112	20.172320000000013	-0.13166776187683915	442.638336	10.086160000000007	-2.508927886293859	
12A	4	a	453.589024	478.37216	471.455936	24.783136000000013	0.25418476918681066	465.692416	12.391568000000007	5.841590214326874	
12A	4	a	478.948512	500.849888	485.288384	21.901376000000027	0.20175810407665917	489.8992	10.950688000000014	4.841449730623531	
12A	2	b	502.578944	515.83504	504.884352	13.25609600000007	-0.08109172759028827	508.918816	6.628048000000035	-0.7748415300112979	
12A	4	a	516.411392	547.5344	536.00736	31.123008000000027	0.37573745354169663	531.972896	15.561504000000014	9.279244422818111	
12A	4	a	549.839808	552.721568	551.568864	2.8817600000000994	0.04946277280687417	550.992512	1.4408800000000497	0.10319124104461563	
12A	2	b	555.026976	563.095904	561.9432	8.068928000000028	-0.057379721592484056	559.06144	4.034464000000014	-0.41096274054404014	
12A	2	b	563.672256	574.046592	567.130368	10.374336000000085	-0.07572355466052683	568.859424	5.187168000000042	-0.7372362685019558	
12A	4	a	579.23376	599.982432	599.982432	20.748672000000056	0.39517417042181746	589.608096	10.374336000000028	7.007084969035667	
13A	4	a	5.187168	24.206784	14.985152	19.019616	0.2651495054100277	14.4088	9.509808	4.954116536868005	
13A	4	a	24.783136	38.615584	26.512192	13.832448	0.09326913571950124	31.69936	6.916224	1.188938212301805	
13A	4	a	39.191936	41.497344	40.920992	2.305408	0.03789829701673897	40.34464	1.152704	0.06075312423365675	
13A	4	a	42.073696	43.802752	42.073696	1.729056	0.02521387843831313	42.650048	0.864528	0.038444366821476894	
13A	4	a	46.684512	55.329792	52.448032	8.64528	0.13217259397832448	50.718976	4.32264	1.2377742074997822	
13A	4	a	55.906144	79.536576	69.738592	23.630432	0.30553224212045427	67.433184	11.815216	5.501415700955821	
13A	2	b	83.57104	138.32448	127.373792	54.75344	-0.28558679853595414	110.659584	27.37672	-14.721847260660665	
13A	4	a	138.900832	156.191392	142.358944	17.29056	0.4494733562887885	147.546112	8.64528	6.596628422922716	
13A	2	b	157.920448	187.890752	178.66912	29.970304	-0.1326840460325407	172.9056	14.985152	-2.8995418731019678	
13A	4	a	188.467104	190.19616	189.619808	1.7290559999999857	0.014194193031466629	189.043456	0.8645279999999929	0.024221146716287834	
13A	4	a	194.230624	214.979296	201.146848	20.748672	0.42706530926747854	204.60496	10.374336	8.236129507561825	
13A	4	a	215.555648	218.437408	216.708352	2.881760000000014	0.03171073265407642	216.708352	1.440880000000007	0.08183213244297693	
13A	2	b	220.166464	223.624576	220.166464	3.458112	-0.038167838602293	221.89552	1.729056	-0.11416245332768948	
13A	2	b	225.353632	237.457024	231.117152	12.103391999999985	-0.062716834113544	231.117152	6.051695999999993	-0.6705831641961022	
13A	4	a	238.033376	260.511104	242.06784	22.477727999999985	0.5685802921232037	248.984064	11.238863999999992	10.223046284930945	
13A	4	a	261.087456	279.53072	265.12192	18.443264	0.11221747697440243	270.309088	9.221632	1.6262081908524082	
13A	2	b	281.836128	290.481408	287.599648	8.645280000000014	-0.0888083018313206	285.870592	4.322640000000007	-0.5906425468219798	
13A	4	a	291.05776	299.70304	292.786816	8.645280000000014	0.2739225136721726	295.092224	4.322640000000007	2.0792310545953265	
13A	4	a	300.279392	307.195616	303.737504	6.916224	0.134482763463458	303.737504	3.458112	0.9047532611651077	
13A	4	a	307.771968	318.722656	314.11184	10.950687999999957	0.2374622422330095	312.959136	5.4753439999999785	2.0468687122468943	
13A	4	a	319.299008	329.673344	325.062528	10.374335999999971	0.1798599969896042	324.486176	5.187167999999986	1.5645231367600358	
13A	4	a	330.249696	335.436864	331.978752	5.187168000000042	0.11322453188927284	332.555104	2.593584000000021	0.4986898697601505	
13A	4	a	337.16592	338.894976	337.742272	1.7290559999999573	0.018943860818191993	337.742272	0.8645279999999786	0.034433158582787726	
13A	4	a	342.353088	371.74704	355.609184	29.393952000000013	0.3512818716038155	356.761888	14.696976000000006	9.883154321992489	
13A	4	a	372.323392	385.003136	379.815968	12.679743999999971	0.2211475697373495	378.663264	6.3398719999999855	2.140767244052439	
13A	4	a	387.884896	391.91936	389.0376	4.034463999999957	0.05233488909911532	389.613952	2.0172319999999786	0.18977972295270495	
13A	4	a	392.495712	425.924128	412.09168	33.42841599999997	0.4807595564997933	409.20992	16.714207999999985	14.405026207156373	
13A	4	a	426.50048	432.264	428.229536	5.763520000000028	0.08489872435690637	429.38224	2.881760000000014	0.4673321390005232	
13A	2	b	435.722112	442.061984	439.756576	6.339872000000014	-0.06889879090898043	438.603872	3.169936000000007	-0.36677401357632755	
13A	2	b	442.638336	447.825504	443.79104	5.187168000000042	-0.08535979516266767	444.943744	2.593584000000021	-0.2898952604777463	
13A	4	a	451.859968	477.795808	470.303232	25.93584000000004	0.4284809533210936	464.539712	12.96792000000002	12.365528946906368	
13A	4	a	478.37216	487.593792	484.712032	9.221632	0.2034214211083225	482.982976	4.610816	1.6355671580231146	
13A	4	a	488.170144	502.578944	493.357312	14.408799999999985	0.21562403548722964	495.086368	7.204399999999993	3.0098068834786575	
13A	4	a	503.155296	510.07152	506.613408	6.916224	0.12463067007361772	506.613408	3.458112	0.7355960941639326	
13A	4	a	510.647872	515.258688	511.800576	4.610816	0.0762462632537062	512.95328	2.305408	0.3986771631890771	
13A	4	a	515.83504	548.110752	534.854656	32.275712	0.3895080071459125	531.972896	16.137856	8.828640542243832	
13A	2	b	552.145216	599.982432	574.622944	47.83721600000001	-0.39872855977631394	575.775648	23.918608000000006	-24.631813738442563	
14A	4	a	0.0	2.305408	0.0	2.305408	0.085780550124686	1.152704	1.152704	0.19315523368071652	
14A	2	b	2.88176	5.76352	4.034464	2.88176	-0.032373505693185756	4.034464	1.44088	-0.07995978692962491	
14A	4	a	6.339872	25.359488	12.679744	19.019616	0.48654521437164355	15.561504	9.509808	7.950885151083864	
14A	4	a	25.93584	28.241248	27.664896	2.305408	0.04691266124677096	27.088544	1.152704	0.0835691860392096	
14A	4	a	29.970304	38.615584	35.157472	8.64528	0.08246650449774995	34.004768	4.32264	0.41743175718499126	
14A	2	b	40.34464	42.073696	40.34464	1.729056	-0.06493241477911438	40.920992	0.864528	-0.039206974071188894	
14A	4	a	43.802752	61.093312	51.87168	17.29056	0.556581326346294	52.448032	8.64528	9.342589576173769	
14A	2	b	61.669664	63.975072	62.246016	2.305408	-0.052134968655732195	62.822368	1.152704	-0.09933289273370494	
14A	4	a	64.551424	119.304864	70.314944	54.75344	0.3910054102990457	91.639968	27.37672	18.507734618833254	
14A	4	a	119.881216	124.492032	121.03392	4.610816	0.061129973817314553	122.186624	2.305408	0.12562227741586152	
14A	4	a	131.408256	157.920448	142.358944	26.512192	0.28364189347041835	144.664352	13.256096	5.624882072397376	
14A	4	a	158.4968	160.802208	160.225856	2.305408	0.028164147702296027	159.649504	1.152704	0.0711327148849541	
14A	2	b	167.14208	199.417792	193.07792	32.275712	-0.1502782648464489	183.279936	16.137856	-5.1310416588542225	
14A	4	a	199.994144	214.979296	204.60496	14.985152	0.2280835414181741	207.48672	7.492576	3.3478869475850064	
14A	4	a	215.555648	220.742816	216.708352	5.187168000000014	0.046354688421806234	217.861056	2.593584000000007	0.18362835256800447	
14A	4	a	223.048224	234.575264	224.77728	11.52704	0.0813465560143185	228.811744	5.76352	0.8268765707394194	
14A	4	a	238.033376	256.47664	242.644192	18.44326399999997	0.5586047937691268	247.255008	9.221631999999985	10.074601180000407	
14A	4	a	257.052992	270.309088	263.392864	13.256095999999957	0.38186713516835447	263.392864	6.628047999999978	4.491013236882002	
14A	4	a	270.88544	274.343552	273.7672	3.4581119999999714	0.050402054638173155	272.614496	1.7290559999999857	0.1529573538619573	
14A	2	b	276.072608	292.210464	287.599648	16.137856	-0.2605032963536944	284.141536	8.068928	-4.519017616056841	
14A	4	a	292.786816	296.82128	293.93952	4.034464000000014	0.16366789751864674	294.515872	2.017232000000007	0.6850898612798078	
14A	4	a	298.550336	306.619264	302.008448	8.068927999999971	0.27174045369541444	302.5848	4.034463999999986	2.0215365274016435	
14A	4	a	307.195616	317.569952	314.688192	10.374336000000028	0.309768528182528	312.382784	5.187168000000014	2.7193664259600165	
14A	4	a	318.146304	329.673344	323.909824	11.52704	0.2339769996288683	323.909824	5.76352	2.7257980727456976	
14A	4	a	330.249696	335.436864	331.4024	5.187168000000042	0.4079999835616084	332.555104	2.593584000000021	2.096520208883339	
14A	2	b	336.013216	342.353088	339.471328	6.339872000000014	-0.10227181449145561	338.894976	3.169936000000007	-0.5867205487274638	
14A	4	a	342.92944	391.91936	347.540256	48.989919999999984	0.2806349983945524	367.136224	24.494959999999992	13.06375968478318	
14A	4	a	394.224768	425.347776	412.09168	31.123008000000027	0.4665339598230407	409.786272	15.561504000000014	14.28690092731618	
14A	4	a	425.924128	432.264	428.229536	6.339872000000014	0.07247689765998278	428.805888	3.169936000000007	0.3905840838607202	
14A	4	a	432.840352	435.14576	434.569408	2.305408	0.032148842559348356	433.993056	1.152704	0.03795064387151248	
14A	2	b	435.722112	448.401856	443.79104	12.679744000000028	-0.126731262643776	442.061984	6.339872000000014	-1.1235246309783873	
14A	4	a	451.859968	477.795808	471.455936	25.93584000000004	0.4551250169439798	464.539712	12.96792000000002	12.150790030880424	
14A	4	a	479.524864	488.170144	483.559328	8.645280000000014	0.21922481254988213	483.559328	4.322640000000007	1.7922759253208964	
14A	4	a	488.746496	502.578944	493.933664	13.832448	0.2770167734683264	495.66272	6.916224	4.384682706226386	
14A	4	a	503.155296	510.07152	507.766112	6.916224	0.1583280498128694	506.613408	3.458112	1.092688297964193	
14A	4	a	510.647872	516.411392	512.95328	5.763519999999971	0.12295726142411212	513.529632	2.8817599999999857	0.5166145787122203	
14A	4	a	516.987744	528.514784	521.022208	11.527039999999943	0.1855259099676565	522.751264	5.763519999999971	2.0542529108705194	
14A	4	a	529.091136	545.805344	534.854656	16.714207999999985	0.5081805479334367	537.160064	8.357103999999993	7.740198867277967	
14A	4	a	546.381696	555.603328	551.568864	9.221632	0.17158229673331515	550.992512	4.610816	0.99361910227509	
14A	4	a	556.17968	567.130368	559.637792	10.950688000000014	0.16355302077624412	561.366848	5.475344000000007	1.5203771941851334	
14A	4	a	570.012128	575.199296	570.58848	5.187168000000042	0.09867627004243351	572.317536	2.593584000000021	0.43875616941186224	
14A	4	a	576.928352	579.23376	577.504704	2.305407999999943	0.05248184473433737	578.081056	1.1527039999999715	0.1062868956750227	
14A	2	b	579.810112	582.11552	580.386464	2.305407999999943	-0.07383838389585495	580.962816	1.1527039999999715	-0.14533871628665995	
14A	4	a	584.420928	599.982432	593.64256	15.561504000000014	0.14574956156667707	591.913504	7.780752000000007	1.780972245113271	
15A	4	a	0.0	1.729056	0.576352	1.729056	0.07471551756568218	0.576352	0.864528	0.11887828666917355	
15A	4	a	4.610816	9.221632	5.187168	4.610816	0.07907447712356319	6.916224	2.305408	0.2883471926412078	
15A	4	a	9.797984	19.595968	14.4088	9.797984	0.06735851779964452	14.4088	4.898992	0.5097730177641102	
15A	4	a	20.17232	23.630432	21.901376	3.458112	0.041083982978388	21.901376	1.729056	0.13931587140634316	
15A	4	a	25.359488	40.34464	27.664896	14.985152	0.09424542783913603	32.852064	7.492576	1.0946105798646775	
15A	4	a	40.920992	44.379104	42.650048	3.458112	0.1042062684233711	42.650048	1.729056	0.30353312984181646	
15A	4	a	46.10816	62.246016	52.448032	16.137856	0.4468128972376797	54.177088	8.068928	6.980907915578888	
15A	4	a	62.822368	71.467648	68.585888	8.64528	0.21955533671652816	66.856832	4.32264	1.9038120082846552	
15A	4	a	72.044	74.349408	73.196704	2.305408	0.03500697432845623	73.196704	1.152704	0.0650371564023442	
15A	4	a	74.92576	81.841984	78.383872	6.916224	0.087474273085129	78.383872	3.458112	0.586194540041943	
15A	4	a	82.418336	99.132544	91.639968	16.714208	0.11329005780220136	90.487264	8.357104	1.912365948340409	
15A	4	a	99.708896	119.304864	109.50688	19.595968	0.12356951568991104	109.50688	9.797984	2.0809223266086354	
15A	4	a	119.881216	141.782592	137.748128	21.901376	0.17320519878382834	130.831904	10.950688	2.871880108226356	
15A	4	a	142.358944	148.698816	145.817056	6.3398719999999855	0.08951340531881558	145.240704	3.1699359999999928	0.4800623371928836	
15A	2	b	149.275168	152.156928	149.85152	2.8817599999999857	-0.06381714601507094	150.427872	1.4408799999999928	-0.11855733453706363	
15A	4	a	154.462336	173.481952	162.531264	19.019616000000013	0.13722008878840253	163.683968	9.509808000000007	2.550418420188626	
15A	4	a	174.058304	178.66912	175.78736	4.610816	0.03729216230625054	176.363712	2.305408	0.12078319702216556	
15A	4	a	181.55088	184.43264	182.127232	2.8817599999999857	0.050462045596798344	182.703584	1.4408799999999928	0.11424682664446362	
15A	4	a	185.008992	187.3144	185.585344	2.305408	0.051947380094199413	186.161696	1.152704	0.10595603405343046	
15A	4	a	187.890752	194.806976	189.043456	6.916224	0.05034797300935612	191.348864	3.458112	0.23706584192216185	
15A	4	a	195.383328	197.112384	196.536032	1.7290559999999857	0.015126239845415057	195.95968	0.8645279999999929	0.01966164478262633	
15A	4	a	197.688736	217.861056	201.146848	20.172319999999985	0.11816710339338243	207.48672	10.086159999999992	2.2656148943352443	
15A	4	a	218.437408	225.929984	223.048224	7.4925759999999855	0.0649029480743959	221.89552	3.7462879999999927	0.36953349607543706	
15A	4	a	226.506336	232.269856	231.693504	5.76352	0.06182698256242558	229.388096	2.88176	0.3920727392080523	
15A	4	a	232.846208	234.575264	233.998912	1.7290560000000141	0.09350540194278789	233.42256	0.8645280000000071	0.13371445005011484	
15A	4	a	235.151616	274.343552	265.698272	39.191936	0.6108730018771071	254.747584	19.595968	21.002094107380533	
15A	2	b	276.64896	293.363168	285.29424	16.714207999999985	-0.3934360063107136	284.717888	8.357103999999993	-7.392649362087927	
15A	4	a	293.93952	304.313856	300.279392	10.374335999999971	0.6964119123115378	299.126688	5.187167999999986	7.149106969684086	
15A	4	a	306.042912	310.653728	307.195616	4.610816	0.18012110015652238	308.34832	2.305408	0.6948919757530323	
15A	4	a	311.23008	334.860512	330.826048	23.63043200000004	0.9339837677474283	322.75712	11.81521600000002	18.43059570977193	
15A	4	a	338.318624	340.04768	338.318624	1.7290560000000141	0.027383588803505887	338.894976	0.8645280000000071	0.018000932943831982	
15A	4	a	344.658496	356.185536	347.540256	11.52704	0.2542810932160635	350.422016	5.76352	2.962231892318423	
15A	4	a	356.761888	390.766656	380.39232	34.00476800000001	1.1053024156734894	373.476096	17.002384000000006	39.49294682686614	
15A	4	a	392.495712	435.722112	413.820736	43.226399999999956	1.1180786976325483	413.820736	21.613199999999978	45.29035644760347	
15A	4	a	436.298464	438.603872	436.874816	2.305408	0.04865468547512197	437.451168	1.152704	0.11276159046016909	
15A	2	b	441.485632	451.859968	443.79104	10.374335999999971	-0.08139191771700549	446.6728	5.187167999999986	-0.782887707560616	
15A	4	a	452.43632	477.795808	470.879584	25.359488	0.6579521766058978	465.116064	12.679744	18.015899854289813	
15A	4	a	478.37216	486.441088	483.559328	8.068927999999971	0.3554330592436763	482.406624	4.034463999999986	2.9639701470274336	
15A	4	a	488.746496	495.086368	493.933664	6.339872000000014	0.21668787778214238	491.628256	3.169936000000007	1.4545607612301228	
15A	4	a	495.66272	502.578944	499.120832	6.916224	0.32169491121893934	499.120832	3.458112	1.9498928773151338	
15A	4	a	503.155296	515.83504	508.342464	12.679744000000028	0.3707657886165854	509.495168	6.339872000000014	4.809717924606963	
15A	4	a	516.411392	527.36208	520.445856	10.950688000000014	0.27308723778327826	521.59856	5.475344000000007	2.970680999802627	
15A	4	a	529.091136	545.805344	535.431008	16.714207999999985	0.8541923011178474	537.160064	8.357103999999993	13.473859038289664	
15A	4	a	546.381696	566.554016	549.839808	20.172320000000013	0.2371026299964214	556.17968	10.086160000000007	3.679065521376868	
15A	2	b	567.130368	569.435776	567.130368	2.3054080000000567	-0.113700441941893	568.283072	1.1527040000000284	-0.21982456825186314	
15A	4	a	570.012128	580.962816	577.504704	10.950688000000014	0.2348302036411658	575.199296	5.475344000000007	1.8850457126920852	
15A	4	a	581.539168	588.455392	586.726336	6.916223999999943	0.15483366151187994	584.99728	3.4581119999999714	1.0694237650534248	
15A	4	a	589.031744	596.52432	593.64256	7.4925759999999855	0.2528247448014822	592.489856	3.7462879999999927	1.8181171726414969	
15A	4	a	597.100672	599.982432	599.982432	2.8817599999999857	0.2023663744825579	598.253376	1.4408799999999928	0.3978486016387832	
16A	4	a	0.0	2.305408	0.576352	2.305408	0.040293071973903416	1.152704	1.152704	0.09112148948394805	
16A	4	a	2.88176	4.610816	3.458112	1.729056	0.02780923458808493	3.458112	0.864528	0.03391501281538334	
16A	4	a	5.187168	6.916224	5.187168	1.729056	0.03205252246745305	5.76352	0.864528	0.03582754873897853	
16A	2	b	7.492576	9.221632	7.492576	1.729056	-0.06862821819561438	8.068928	0.864528	-0.037153668269324314	
16A	4	a	9.797984	20.17232	15.561504	10.374336	0.2043076176939027	14.985152	5.187168	2.553666020233492	
16A	4	a	20.748672	31.123008	26.512192	10.374336	0.11807692910261514	25.93584	5.187168	1.092483215223232	
16A	4	a	31.69936	43.802752	39.768288	12.103392	0.12674294376458617	37.46288	6.051696	1.305760886882618	
16A	4	a	44.379104	59.364256	48.98992	14.985152	0.27016472284345827	51.87168	7.492576	3.1205938308400576	
16A	4	a	59.940608	80.112928	67.433184	20.17232	0.19782341713491602	69.738592	10.08616	3.0052877159627718	
16A	4	a	80.68928	86.4528	84.147392	5.76352	0.04408125503090954	83.57104	2.88176	0.21778175428569613	
16A	4	a	88.758208	96.827136	93.945376	8.068928	0.05832253732486459	92.792672	4.034464	0.4345362220112927	
16A	4	a	97.403488	100.285248	98.556192	2.88176	0.07440584144165241	98.556192	1.44088	0.17881310921319482	
16A	4	a	100.8616	105.472416	101.437952	4.610816	0.027955207357354794	103.167008	2.305408	0.1280621384832783	
16A	4	a	106.048768	119.304864	107.201472	13.256096	0.07241736043119307	112.38864	6.628048	0.856908989564815	
16A	4	a	119.881216	138.900832	133.713664	19.019616000000013	0.23251618336191937	129.102848	9.509808000000007	3.850826364002586	
16A	4	a	139.477184	150.427872	146.393408	10.950688000000014	0.18090406745707632	144.664352	5.475344000000007	2.0728636703421257	
16A	4	a	151.004224	178.66912	160.225856	27.664896	0.07967016723875853	164.836672	13.832448	2.2928617473479784	
16A	4	a	179.245472	187.3144	180.398176	8.068928	0.0895989831894628	183.279936	4.034464	0.6784343827911845	
16A	4	a	187.890752	197.112384	189.043456	9.221632	0.06097618569703567	192.501568	4.610816	0.42517482384266336	
16A	4	a	197.688736	199.994144	198.84144	2.305408	0.043356091346346215	198.84144	1.152704	0.1059522284558434	
16A	4	a	200.570496	220.166464	213.25024	19.595968	0.07361641080666681	210.36848	9.797984	1.6010980237750825	
16A	4	a	220.742816	234.575264	224.77728	13.832448	0.14215613796089466	227.65904	6.916224	1.380309610147462	
16A	4	a	235.151616	240.915136	240.338784	5.76352	0.06273032067288709	238.033376	2.88176	0.3368171239446922	
16A	2	b	242.644192	249.560416	243.796896	6.916224	-0.06814356486683781	246.102304	3.458112	-0.32085016000575384	
16A	4	a	251.289472	284.717888	272.614496	33.42841600000003	0.5438595735179401	268.00368	16.714208000000013	14.305613224834522	
16A	2	b	285.29424	293.363168	288.176	8.068927999999971	-0.1012278714179331	289.328704	4.034463999999986	-0.9074636183535991	
16A	4	a	293.93952	312.382784	298.550336	18.443264	0.6672062997258559	303.161152	9.221632	12.661896664393304	
16A	4	a	312.959136	334.860512	328.52064	21.901376000000027	2.843584222269782	323.909824	10.950688000000014	45.57532519723924	
16A	4	a	336.589568	338.318624	337.742272	1.7290560000000141	0.04880563018911799	337.16592	0.8645280000000071	0.0809887261387554	
16A	2	b	338.894976	344.658496	339.471328	5.763520000000028	-0.14147028416711427	341.776736	2.881760000000014	-0.7381318399557586	
16A	2	b	345.234848	352.727424	347.540256	7.4925759999999855	-0.06362489704814989	348.69296	3.7462879999999927	-0.4874479755512493	
16A	4	a	353.303776	360.22	355.032832	6.916224	0.1948998990368742	356.761888	3.458112	1.0060360565304916	
16A	4	a	362.525408	383.27408	367.712576	20.748672	0.8899428424909788	372.899744	10.374336	22.647028196751084	
16A	4	a	383.850432	391.343008	386.15584	7.4925759999999855	0.8693884428728786	387.308544	3.7462879999999927	6.007194696204223	
16A	2	b	391.91936	393.648416	392.495712	1.7290560000000141	-0.08644473929561425	392.495712	0.8645280000000071	-0.15926660016375327	
16A	4	a	394.224768	397.106528	394.80112	2.8817600000000425	0.36589619692050057	395.377472	1.4408800000000213	0.9063945795534996	
16A	2	b	397.68288	406.32816	400.56464	8.645280000000014	-0.522060397933684	401.717344	4.322640000000007	-5.612143350138996	
16A	4	a	406.904512	425.924128	416.702496	19.019615999999985	0.7638793113162938	416.126144	9.509807999999992	17.279531824050842	
16A	4	a	426.50048	432.264	429.958592	5.763520000000028	0.16188140886767233	429.38224	2.881760000000014	0.9923927581755594	
16A	2	b	436.874816	452.43632	446.6728	15.561504000000014	-0.1866829383211286	444.367392	7.780752000000007	-2.8582514785538407	
16A	4	a	453.012672	477.795808	474.914048	24.783136000000013	0.7169556464999358	465.116064	12.391568000000007	18.993499276549187	
16A	4	a	478.37216	486.441088	483.559328	8.068927999999971	0.39756829493321	482.406624	4.034463999999986	3.3618974275879423	
16A	4	a	487.01744	495.086368	493.357312	8.068927999999971	0.25827452627193814	491.051904	4.034463999999986	1.9202896685813067	
16A	4	a	495.66272	502.578944	498.54448	6.916224	0.40757180539829907	499.120832	3.458112	2.450036420685582	
16A	4	a	503.155296	516.411392	508.342464	13.256095999999957	0.4511533780608463	509.495168	6.628047999999978	5.761192580711263	
16A	4	a	518.140448	522.174912	518.7168	4.034463999999957	0.2538889266561428	519.869504	2.0172319999999786	1.2204320758027278	
16A	4	a	522.751264	527.36208	525.633024	4.610816	0.2006846531524733	525.056672	2.305408	0.8461655786625673	
16A	4	a	529.091136	545.228992	534.278304	16.137855999999942	1.0967504701883364	537.160064	8.068927999999971	17.584804324057334	
16A	4	a	545.805344	553.29792	551.568864	7.4925759999999855	0.3299093655140446	549.263456	3.7462879999999927	2.2064654483587414	
16A	4	a	553.874272	567.130368	559.637792	13.256095999999957	0.34315354143713694	560.214144	6.628047999999978	3.993300475231707	
16A	4	a	567.70672	581.539168	577.504704	13.832448	0.27977711408204	574.622944	6.916224	3.3414930484858125	
16A	4	a	582.11552	588.455392	585.573632	6.339872000000014	0.30150822098136176	584.99728	3.169936000000007	1.7649119678974678	
16A	4	a	589.031744	596.52432	593.64256	7.4925759999999855	0.35774196850825835	592.489856	3.7462879999999927	2.618377506544921	
16A	4	a	597.100672	599.982432	599.982432	2.8817599999999857	0.2858905612703344	598.253376	1.4408799999999928	0.46496869382728434	
17A	4	a	0.0	2.305408	0.576352	2.305408	0.07578703577959311	1.152704	1.152704	0.20456206928441611	
17A	4	a	2.88176	7.492576	4.034464	4.610816	0.05253255738100382	5.187168	2.305408	0.2502075890311892	
17A	4	a	8.068928	11.52704	10.374336	3.458112	0.03833132903841063	9.797984	1.729056	0.08296515282732364	
17A	4	a	12.103392	13.832448	12.679744	1.729056	0.0342465660827318	12.679744	0.864528	0.054654840467772026	
17A	4	a	14.4088	34.004768	19.595968	19.595968	0.13953971024930878	24.206784	9.797984	2.8713062672571956	
17A	4	a	34.58112	37.46288	35.157472	2.88176	0.050722559370025344	35.733824	1.44088	0.1279573680056325	
17A	4	a	39.191936	42.073696	39.768288	2.88176	0.03221558044947059	40.34464	1.44088	0.08028387602038856	
17A	4	a	44.379104	51.295328	47.837216	6.916224	0.15259282472948188	47.837216	3.458112	0.9410653093235226	
17A	4	a	51.87168	64.551424	57.058848	12.679744	0.12954981719486192	58.211552	6.339872	1.3058458084189382	
17A	4	a	65.127776	88.758208	77.231168	23.630432	0.1129159191153506	76.654816	11.815216	2.258119912992612	
17A	4	a	89.33456	95.09808	92.21632	5.76352	0.0478204733328047	92.21632	2.88176	0.2763790114794833	
17A	4	a	95.674432	101.437952	99.132544	5.76352	0.044734535688029986	98.556192	2.88176	0.25023279141746224	
17A	4	a	102.014304	111.235936	109.50688	9.221632	0.09003913595692925	106.62512	4.610816	0.5035703775399365	
17A	4	a	112.964992	115.846752	115.2704	2.88176	0.04077178437719242	114.117696	1.44088	0.09233298892872521	
17A	4	a	116.423104	119.304864	116.423104	2.88176	0.04468117628138568	117.575808	1.44088	0.0942343791079785	
17A	4	a	119.881216	124.492032	123.339328	4.610816	0.05924995124524557	122.186624	2.305408	0.21278770182683293	
17A	4	a	125.068384	130.831904	127.950144	5.763520000000014	0.10143069500589741	127.950144	2.881760000000007	0.5529176819753645	
17A	4	a	133.137312	136.595424	133.713664	3.458112	0.04454430873841053	134.866368	1.729056	0.15137354722438978	
17A	2	b	137.171776	140.053536	137.748128	2.881760000000014	-0.06273170576695541	138.32448	1.440880000000007	-0.21193593547237288	
17A	4	a	142.935296	147.546112	146.393408	4.610816	0.04631300486611245	145.240704	2.305408	0.20928121887394613	
17A	4	a	148.122464	176.363712	166.565728	28.241247999999985	0.10644047567020287	161.954912	14.120623999999992	2.635114988585703	
17A	4	a	176.940064	200.570496	185.008992	23.630431999999985	0.11532760737305914	188.467104	11.815215999999992	2.4608971983606818	
17A	4	a	201.146848	221.319168	216.708352	20.172319999999985	0.1326436750400508	210.944832	10.086159999999992	2.496857774355486	
17A	4	a	221.89552	226.506336	223.048224	4.610816	0.0799768313505389	224.200928	2.305408	0.3890335087283414	
17A	4	a	227.082688	232.269856	229.964448	5.187168000000014	0.08322078752763717	229.388096	2.593584000000007	0.3600128618451288	
17A	4	a	233.998912	243.220544	239.762432	9.221632	0.12018251202301666	238.609728	4.610816	1.1023900136318217	
17A	4	a	243.796896	246.678656	244.373248	2.8817599999999857	0.05414744399075788	244.9496	1.4408799999999928	0.11360786123041988	
17A	2	b	247.255008	264.545568	257.052992	17.29056	-0.11344395242035121	255.900288	8.64528	-1.654405705447702	
17A	4	a	266.850976	286.446944	276.072608	19.59596799999997	0.33830691642820465	276.64896	9.797983999999985	6.039913348985628	
17A	4	a	287.023296	311.806432	306.619264	24.783135999999956	0.8970223808834494	299.126688	12.391567999999978	15.925065325745281	
17A	4	a	312.382784	323.333472	316.417248	10.950687999999957	0.7942691119497112	317.569952	5.4753439999999785	7.917776265920256	
17A	4	a	323.909824	326.215232	323.909824	2.305408	0.038954974403629716	325.062528	1.152704	0.04899306341176812	
17A	4	a	326.791584	330.826048	327.944288	4.034464000000014	0.25390114084641624	328.52064	2.017232000000007	0.9359878837503459	
17A	2	b	331.4024	344.082144	333.707808	12.679744000000028	-0.19033416218674892	337.742272	6.339872000000014	-2.3749705555063483	
17A	4	a	344.658496	350.422016	346.963904	5.763519999999971	0.1064646627762742	347.540256	2.8817599999999857	0.45220381246696095	
17A	4	a	352.727424	400.56464	383.850432	47.83721600000001	1.8610224057267084	376.357856	23.918608000000006	79.87033066490064	
17A	2	b	401.140992	407.480864	405.751808	6.339872000000014	-0.25801201870519197	404.022752	3.169936000000007	-1.5959975428517568	
17A	2	b	409.20992	413.244384	411.515328	4.034464000000014	-0.43797520082391683	410.938976	2.017232000000007	-2.2135385762889745	
17A	4	a	413.820736	441.485632	421.313312	27.664896	1.0409575026813824	427.653184	13.832448	31.56317566012906	
17A	4	a	446.096448	448.978208	446.096448	2.8817599999999857	0.036724122073476195	447.249152	1.4408799999999928	0.08554400998394263	
17A	4	a	450.707264	477.795808	474.337696	27.088544000000013	0.8771242198159941	463.96336	13.544272000000007	23.145082575195715	
17A	4	a	478.37216	486.441088	483.559328	8.068927999999971	0.47170802414073876	482.406624	4.034463999999986	4.645523004756482	
17A	4	a	487.01744	495.086368	493.933664	8.068927999999971	0.35241837839256007	491.051904	4.034463999999986	2.62792000027047	
17A	4	a	495.66272	502.578944	499.120832	6.916224	0.5096155698828104	499.120832	3.458112	2.923338926333687	
17A	4	a	503.155296	516.411392	508.342464	13.256095999999957	0.59610555706369	509.495168	6.628047999999978	7.636515623499438	
17A	4	a	516.987744	522.174912	518.7168	5.187167999999929	0.3433582758390221	519.293152	2.5935839999999644	2.0538744403453757	
17A	4	a	522.751264	527.36208	525.633024	4.610816	0.2759731243112604	525.056672	2.305408	1.0988795459510001	
17A	4	a	529.091136	545.805344	534.854656	16.714207999999985	1.418314025134138	537.160064	8.357103999999993	22.353198083480397	
17A	4	a	546.381696	553.874272	551.568864	7.4925759999999855	0.38585049905148416	549.839808	3.7462879999999927	2.6171053450568764	
17A	4	a	554.450624	567.130368	560.214144	12.679744000000028	0.40339703827738393	560.790496	6.339872000000014	5.183803106372158	
17A	4	a	567.70672	581.539168	577.504704	13.832448	0.36386227021190365	574.622944	6.916224	5.153711727876923	
17A	4	a	582.11552	588.455392	586.726336	6.339872000000014	0.3212851670936425	584.99728	3.169936000000007	2.2228968122183717	
17A	4	a	589.031744	596.52432	593.64256	7.4925759999999855	0.5139856970118588	592.489856	3.7462879999999927	3.615716950346777	
17A	4	a	597.100672	599.982432	599.982432	2.8817599999999857	0.410670777570588	598.253376	1.4408799999999928	0.7831177465433998	
18A	4	a	1.152704	9.221632	5.187168	8.068928	0.14770046796771386	5.187168	4.034464	1.2551978298867799	
18A	4	a	16.714208	21.901376	21.325024	5.187168	0.10015346850161366	19.019616	2.593584	0.5783706190278735	
18A	4	a	22.477728	39.768288	27.664896	17.29056	0.09744841555125872	31.123008	8.64528	1.6863559776412884	
18A	4	a	40.34464	46.684512	43.802752	6.339872	0.18479410684686215	43.2264	3.169936	1.0447866189050523	
18A	4	a	47.260864	62.246016	52.448032	14.985152	0.18091847720569643	54.75344	7.492576	2.634426876564401	
18A	4	a	62.822368	67.433184	62.822368	4.610816	0.09100743892006324	65.127776	2.305408	0.1917451259154057	
18A	4	a	72.044	96.827136	87.605504	24.783136	0.1622884821019972	84.147392	12.391568	4.211134629759936	
18A	4	a	97.403488	105.472416	102.590656	8.068928	0.12290249621730887	101.437952	4.034464	0.998919890022063	
18A	4	a	106.048768	142.935296	130.255552	36.886528	0.3106129700213893	124.492032	18.443264	11.692279926361397	
18A	4	a	143.511648	161.954912	150.427872	18.443264	0.18892352188358608	152.73328	9.221632	2.730409789015604	
18A	4	a	162.531264	167.718432	164.26032	5.187168000000014	0.1010858120277276	164.836672	2.593584000000007	0.49911578637696996	
18A	4	a	168.294784	186.161696	180.398176	17.866912000000013	0.09415817313240282	176.940064	8.933456000000007	1.3845637150487802	
18A	4	a	186.738048	189.619808	187.890752	2.881760000000014	0.0657933959135324	187.890752	1.440880000000007	0.12289641326329881	
18A	4	a	190.19616	197.688736	191.348864	7.492576000000014	0.06978931016123768	193.654272	3.746288000000007	0.43537320774179733	
18A	4	a	198.265088	208.063072	205.757664	9.797984000000014	0.06734671347000543	202.875904	4.898992000000007	0.6576571802899629	
18A	4	a	208.639424	238.033376	223.048224	29.393952000000013	0.19353767041413095	223.048224	14.696976000000006	4.441122684710477	
18A	2	b	238.609728	240.338784	239.762432	1.7290560000000141	-0.00404417367280363	239.18608	0.8645280000000071	-0.004914265863690925	
18A	4	a	240.915136	247.255008	246.678656	6.339872000000014	0.06987903658195371	243.796896	3.169936000000007	0.3719457478912298	
18A	4	a	247.83136	250.136768	249.560416	2.305408	0.07186332762353942	248.984064	1.152704	0.13175488062947305	
18A	4	a	250.71312	259.3584	254.747584	8.645280000000014	0.1300155716039897	254.747584	4.322640000000007	0.8687876895043414	
18A	4	a	259.934752	269.156384	266.850976	9.221632	0.18206720001086207	264.545568	4.610816	1.0113717981016817	
18A	4	a	269.732736	280.107072	274.919904	10.374336000000028	0.634087154365166	274.919904	5.187168000000014	3.1054622269463614	
18A	4	a	280.683424	288.752352	285.29424	8.068927999999971	0.5921079310241231	284.717888	4.034463999999986	4.01057376019868	
18A	2	b	290.481408	292.210464	291.634112	1.7290560000000141	-0.027668430071495997	291.05776	0.8645280000000071	-0.04936180595136275	
18A	4	a	292.786816	300.279392	297.397632	7.4925759999999855	1.1338146487906906	296.244928	3.7462879999999927	8.052505650058881	
18A	4	a	302.008448	308.34832	306.042912	6.339872000000014	1.3163761025569651	304.890208	3.169936000000007	5.360070101762086	
18A	4	a	311.23008	322.180768	319.299008	10.950688000000014	1.4959649716345584	316.417248	5.475344000000007	12.723003943159622	
18A	4	a	322.75712	331.4024	328.52064	8.645280000000014	0.20127548978047072	326.791584	4.322640000000007	1.0720003570466754	
18A	4	a	331.978752	336.589568	333.131456	4.610816	0.10796282455459627	334.28416	2.305408	0.5268938206381069	
18A	4	a	337.16592	342.92944	340.04768	5.763519999999971	0.14235487938200464	340.04768	2.8817599999999857	0.8630227564820363	
18A	4	a	343.505792	348.69296	345.8112	5.187168000000042	0.07349594310672458	345.8112	2.593584000000021	0.3430482087517368	
18A	4	a	349.269312	356.761888	352.727424	7.4925759999999855	0.1186153116876878	352.727424	3.7462879999999927	0.5923401726133048	
18A	4	a	357.33824	364.830816	362.525408	7.492576000000042	0.07897503451867616	360.796352	3.746288000000021	0.4851066372613786	
18A	4	a	366.559872	369.441632	367.712576	2.8817600000000425	0.10044513473407468	367.712576	1.4408800000000213	0.24487651668048627	
18A	4	a	371.74704	379.239616	374.052448	7.4925759999999855	0.09935422583406295	375.205152	3.7462879999999927	0.6210984145272662	
18A	4	a	379.815968	399.411936	382.697728	19.595968000000028	1.4603781540133958	389.613952	9.797984000000014	19.61973246309538	
18A	4	a	399.988288	404.022752	401.717344	4.034464000000014	0.25644210184019123	401.717344	2.017232000000007	0.9773123447215035	
18A	2	b	404.599104	406.32816	405.175456	1.7290560000000141	-0.05525618192504611	405.175456	0.8645280000000071	-0.08748566542035996	
18A	4	a	406.904512	414.97344	412.09168	8.068927999999971	0.3183379089166052	410.938976	4.034463999999986	2.0764115854296117	
18A	4	a	415.549792	422.466016	420.160608	6.916224	0.4688992495805899	419.007904	3.458112	1.3894581792953404	
18A	4	a	423.042368	432.840352	427.653184	9.797983999999985	2.8134156717609407	427.653184	4.898991999999993	20.212676119989002	
18A	4	a	435.14576	440.332928	436.298464	5.187167999999986	1.901884747714663	437.451168	2.593583999999993	10.01605353651446	
18A	2	b	440.90928	442.638336	441.485632	1.7290559999999573	-0.14892862358412806	441.485632	0.8645279999999786	-0.19367506865448525	
18A	4	a	443.214688	448.401856	444.367392	5.187167999999986	1.3186153166078256	445.520096	2.593583999999993	6.888581812521615	
18A	4	a	448.978208	455.894432	452.43632	6.916224	2.059971883067503	452.43632	3.458112	13.457744372028468	
18A	4	a	457.623488	462.810656	459.352544	5.187167999999986	2.4642402014026796	459.928896	2.593583999999993	13.88292746928225	
18A	4	a	464.539712	484.13568	474.914048	19.59596799999997	3.585776845528664	474.337696	9.797983999999985	80.87352848924074	
18A	4	a	484.712032	492.204608	488.746496	7.4925759999999855	2.232141714857425	488.170144	3.7462879999999927	18.914681200490854	
18A	4	a	494.510016	502.002592	496.815424	7.4925759999999855	1.3486788933895708	497.968128	3.7462879999999927	11.85196239216276	
18A	4	a	502.578944	507.766112	505.460704	5.187168000000042	1.1773688245022997	504.884352	2.593584000000021	6.088031115899901	
18A	4	a	508.342464	519.293152	513.529632	10.950687999999957	1.9884544704659044	513.529632	5.4753439999999785	24.46416149337392	
18A	4	a	521.022208	534.278304	530.820192	13.25609600000007	2.4861350670958933	527.36208	6.628048000000035	36.78262756392497	
18A	4	a	536.00736	541.194528	538.312768	5.187168000000042	1.6167507937116525	538.312768	2.593584000000021	7.762330464636015	
18A	4	a	541.77088	550.41616	547.5344	8.645279999999957	1.3091549820591242	545.805344	4.3226399999999785	11.577066654698003	
18A	4	a	550.992512	559.06144	555.603328	8.068927999999914	1.4284572079390863	555.026976	4.034463999999957	11.611902774098311	
18A	4	a	560.790496	571.164832	563.095904	10.374336000000085	1.099897078798599	565.977664	5.187168000000042	11.45884874606375	
18A	4	a	571.741184	580.962816	575.199296	9.221632	0.4681663328127641	576.352	4.610816	3.9275119529957125	
18A	4	a	581.539168	596.52432	590.7608	14.985151999999971	0.5664928884698996	589.031744	7.4925759999999855	7.620541491240128	
18A	4	a	597.100672	599.982432	598.253376	2.8817599999999857	0.5121002264861989	598.253376	1.4408799999999928	1.5689605842036456	
19A	4	a	3.458112	8.068928	5.187168	4.610816	0.10543240678207999	5.76352	2.305408	0.39873162499306547	
19A	4	a	8.64528	13.832448	10.374336	5.187168	0.13563219439598972	10.950688	2.593584	0.43035076297999475	
19A	4	a	14.4088	50.142624	46.10816	35.733824	0.17874781580555021	32.275712	17.866912	6.245483713576992	
19A	4	a	50.718976	69.16224	59.940608	18.443264	0.19914315881417988	59.940608	9.221632	3.332652867654267	
19A	4	a	73.196704	102.590656	96.250784	29.393952	0.18068792138049616	87.605504	14.696976	5.379549122738596	
19A	4	a	103.167008	129.102848	123.339328	25.93584	0.165956358705468	115.846752	12.96792	4.1738418597070615	
19A	4	a	129.6792	141.20624	131.984608	11.52704	0.20762490256259847	135.44272	5.76352	2.820594942482467	
19A	4	a	141.782592	168.294784	164.26032	26.512192	0.1781318540747252	155.038688	13.256096	3.790451968954435	
19A	4	a	168.871136	195.383328	185.008992	26.512192	0.22091146335501177	182.127232	13.256096	6.211440214209116	
19A	4	a	195.95968	198.265088	197.688736	2.305408	0.049438254145534266	197.112384	1.152704	0.07509289701990896	
19A	2	b	201.7232	203.452256	202.299552	1.7290560000000141	-0.08760697167759979	202.299552	0.8645280000000071	-0.13533533054644975	
19A	4	a	208.063072	209.792128	208.063072	1.7290559999999857	0.05756403539025712	208.639424	0.8645279999999929	0.0820951794835032	
19A	4	a	214.979296	232.846208	221.89552	17.866911999999985	0.1691728454841459	223.624576	8.933455999999993	2.447495742861706	
19A	4	a	233.42256	243.796896	239.762432	10.374336	0.1245282583848093	238.609728	5.187168	0.9941088382806627	
19A	4	a	244.373248	259.934752	255.323936	15.561504000000014	0.15445359142396864	251.865824	7.780752000000007	2.160566489912396	
19A	4	a	260.511104	262.24016	261.087456	1.7290560000000141	0.02250650769294582	261.087456	0.8645280000000071	0.03839182125923668	
19A	4	a	262.816512	264.545568	263.392864	1.7290560000000141	0.022604205684959133	263.392864	0.8645280000000071	0.031922576178142315	
19A	2	b	265.12192	274.919904	272.038144	9.797983999999985	-0.10079501119832512	269.732736	4.898991999999993	-0.8401988090129979	
19A	4	a	275.496256	286.446944	282.41248	10.950687999999957	0.0682875259933029	280.683424	5.4753439999999785	0.644285662304894	
19A	2	b	291.05776	295.092224	291.634112	4.034464000000014	-0.06170006178670917	292.786816	2.017232000000007	-0.1905686001417406	
19A	4	a	295.668576	304.313856	296.82128	8.645280000000014	0.5440471523870825	299.70304	4.322640000000007	4.157796739242775	
19A	4	a	304.890208	313.535488	305.46656	8.645280000000014	0.5651302654494952	308.924672	4.322640000000007	3.0161426770508917	
19A	4	a	315.264544	327.944288	316.9936	12.679743999999971	1.7926841508094897	321.604416	6.3398719999999855	14.765714052748896	
19A	4	a	328.52064	333.131456	330.826048	4.610816	0.22171071583262858	330.826048	2.305408	0.8495081889067198	
19A	4	a	334.860512	339.471328	337.16592	4.610816	0.10449151153958969	337.16592	2.305408	0.5025145998579985	
19A	2	b	341.776736	346.387552	342.92944	4.610816	-0.08276814188121939	344.082144	2.305408	-0.25669287858367484	
19A	2	b	350.422016	356.761888	352.151072	6.339872000000014	-0.1551795147505004	353.303776	3.169936000000007	-0.6048815005839501	
19A	4	a	358.490944	360.22	358.490944	1.7290560000000141	0.037256745318417384	359.067296	0.8645280000000071	0.04994154176075005	
19A	4	a	360.796352	363.10176	360.796352	2.305408	0.04488633266837194	361.949056	1.152704	0.059408231656381094	
19A	4	a	363.678112	366.559872	365.407168	2.8817599999999857	0.06192115088772532	364.830816	1.4408799999999928	0.11809668060820688	
19A	4	a	367.136224	369.441632	367.712576	2.305408	0.06540025327416066	368.288928	1.152704	0.16569755606524228	
19A	4	a	370.017984	373.476096	370.017984	3.4581119999999714	0.07693605267817372	371.74704	1.7290559999999857	0.24606696961986807	
19A	4	a	374.052448	379.239616	374.6288	5.187167999999986	0.08440642722379721	376.357856	2.593583999999993	0.5069058123307633	
19A	4	a	382.121376	387.884896	382.121376	5.763520000000028	1.2318567426764786	385.003136	2.881760000000014	3.751324829245564	
19A	4	a	388.461248	396.530176	389.613952	8.068927999999971	1.1854787085677385	392.495712	4.034463999999986	11.494370071235682	
19A	4	a	397.106528	404.022752	399.411936	6.916224	0.850698002974946	400.56464	3.458112	5.225329761725886	
19A	4	a	404.599104	408.057216	406.904512	3.4581119999999714	0.1027755860556967	406.32816	1.7290559999999857	0.3698243568664181	
19A	2	b	409.786272	425.347776	423.61872	15.561504000000014	-0.3349156526554755	417.278848	7.780752000000007	-6.496799674802619	
19A	4	a	425.924128	432.264	425.924128	6.339872000000014	2.087983793677465	428.805888	3.169936000000007	4.620832077425833	
19A	4	a	434.569408	439.180224	435.14576	4.610816	0.916334716391189	436.874816	2.305408	3.334787867041749	
19A	4	a	442.638336	448.401856	443.214688	5.763520000000028	1.481871373452833	445.520096	2.881760000000014	4.865191086388829	
19A	4	a	448.978208	455.31808	450.130912	6.339872000000014	1.0115188388591845	451.859968	3.169936000000007	4.128913179913457	
19A	4	a	455.894432	463.387008	457.623488	7.4925759999999855	2.0179444269846227	459.352544	3.7462879999999927	7.234610227099388	
19A	4	a	463.96336	470.303232	465.116064	6.339871999999957	2.905012583036776	466.84512	3.1699359999999785	14.639371544636425	
19A	4	a	470.879584	484.13568	477.795808	13.256095999999957	3.3757185408016044	477.219456	6.628047999999978	35.374399741217175	
19A	4	a	484.712032	491.051904	486.441088	6.339871999999957	3.33092296540059	487.593792	3.1699359999999785	16.222656366972384	
19A	2	b	491.628256	494.510016	493.357312	2.8817599999999857	-0.18612884659304685	492.78096	1.4408799999999928	-0.5598430933529626	
19A	4	a	495.086368	507.18976	502.002592	12.103391999999985	3.5315516782393637	500.849888	6.051695999999993	35.47805037898408	
19A	2	b	507.766112	509.495168	508.918816	1.7290559999999573	-0.3241947772789402	508.342464	0.8645279999999786	-0.34972414264361706	
19A	4	a	513.529632	519.869504	515.83504	6.339872000000014	2.6681763919102615	516.411392	3.169936000000007	14.292984241677907	
19A	4	a	520.445856	523.903968	522.174912	3.4581119999999146	1.672409581265649	522.174912	1.7290559999999573	4.299776369420776	
19A	4	a	525.633024	534.854656	528.514784	9.221632	2.6149092014482784	530.24384	4.610816	22.041982383102102	
19A	4	a	536.583712	540.041824	537.160064	3.4581120000000283	2.9890970214895063	538.312768	1.7290560000000141	8.820671441071164	
19A	4	a	542.923584	550.41616	544.076288	7.4925759999999855	2.7586266119055525	546.381696	3.7462879999999927	14.375817853599212	
19A	4	a	550.992512	556.17968	553.29792	5.187167999999929	2.1202004783728934	553.29792	2.5935839999999644	6.653016442765139	
19A	2	b	557.908736	561.366848	559.06144	3.4581120000000283	-0.1635284564552868	559.637792	1.7290560000000141	-0.5839143498985124	
19A	4	a	561.9432	572.317536	566.554016	10.374335999999971	2.22227356184747	567.130368	5.187167999999986	13.163524710175707	
19A	4	a	572.893888	576.928352	573.47024	4.034464000000071	1.0704919272262314	574.622944	2.0172320000000354	3.8921728854845505	
19A	4	a	577.504704	586.149984	581.539168	8.64528000000007	2.1047820699713466	581.539168	4.322640000000035	16.61145289081977	
19A	4	a	586.726336	592.489856	588.455392	5.763520000000085	2.219863118487075	589.608096	2.8817600000000425	11.537285018438377	
19A	4	a	593.066208	599.982432	595.947968	6.9162240000000565	2.1539712592562346	596.52432	3.4581120000000283	13.489212672007026	
