										AB_Unfed#3_Cloaca_evts_formatted.txt
ROI	Quadrant	Direction	Start time (s)	End time (s)	Peak time (s)	Duration (s)	Amplitude	Midpoint (s)	Half Duration(s)	AUC
17A	2	b	0.982904	2.948712	1.474356	1.965808	-0.03469048249682638	1.965808	0.982904	-0.08459354225943083	
17A	2	b	3.440164	9.337588	4.91452	5.897424	-0.074514445328133	6.388876	2.948712	-0.5035439380064545	
17A	2	b	9.82904	12.2863	10.320492	2.4572599999999998	-0.05625438683405104	10.811944	1.2286299999999999	-0.12443082844403819	
17A	2	b	13.760656	16.217916	14.74356	2.457259999999998	-0.030783051239921644	14.74356	1.228629999999999	-0.08733650083289202	
17A	2	b	19.166628	25.064052	22.606792	5.897424000000001	-0.07894572499380947	22.11534	2.9487120000000004	-0.5008659516778261	
17A	2	b	26.538408	29.48712	28.504216	2.9487120000000004	-0.06449425438986034	28.012764	1.4743560000000002	-0.25065166762524993	
17A	2	b	34.893092	39.31616	36.367448	4.423068000000001	-0.06687703114888888	36.8589	2.2115340000000003	-0.31373428438918516	
17A	2	b	39.807612	43.739228	40.790516	3.9316159999999982	-0.05550180620498013	41.77342	1.9658079999999991	-0.2765355185972531	
17A	2	b	44.23068	47.670844	46.68794	3.440164000000003	-0.04772204034628569	45.705036	1.7200820000000014	-0.20007474284677174	
17A	2	b	48.162296	53.076816	49.636652	4.914520000000003	-0.08072675341282731	50.619556	2.4572600000000016	-0.4225380605118725	
17A	2	b	54.551172	57.991336	54.551172	3.440163999999996	-0.035268206043638006	56.025528	1.720081999999998	-0.11149152706455545	
17A	2	b	60.940048	64.380212	62.905856	3.440164000000003	-0.07389200359938908	62.414404	1.7200820000000014	-0.27317672625381717	
17A	2	b	64.871664	68.311828	65.854568	3.44016400000001	-0.06490208957431576	66.34602	1.720082000000005	-0.20399187618737114	
17A	2	b	68.80328	74.700704	70.769088	5.897424000000001	-0.08451186900470642	71.751992	2.9487120000000004	-0.5134909342991063	
17A	2	b	75.192156	80.598128	76.666512	5.4059720000000056	-0.06697404631948967	77.649416	2.7029860000000028	-0.36814981019960835	
17A	2	b	83.055388	86.495552	85.512648	3.44016400000001	-0.06927905466976947	84.529744	1.720082000000005	-0.21347801924385024	
17A	2	b	86.987004	93.37588	91.901524	6.388875999999996	-0.10583020080703376	89.935716	3.194437999999998	-0.7582650051095324	
17A	2	b	93.867332	95.83314	94.358784	1.9658079999999956	-0.027572909069783602	94.850236	0.9829039999999978	-0.059670879262450516	
17A	2	b	96.324592	100.256208	98.2904	3.9316160000000053	-0.0553168635917316	98.2904	1.9658080000000027	-0.27500588424801453	
17A	2	b	100.74766	103.696372	102.713468	2.9487120000000004	-0.052764420351950614	102.222016	1.4743560000000002	-0.1736740171966945	
17A	2	b	105.170728	107.136536	105.66218	1.9658080000000098	-0.04515602473596947	106.153632	0.9829040000000049	-0.10234637908090694	
17A	2	b	107.627988	116.965576	113.525412	9.337587999999997	-0.1230767866102569	112.051056	4.668793999999998	-1.494499898506123	
17A	2	b	117.457028	126.794616	118.439932	9.33758800000001	-0.11962967559224147	121.880096	4.668794000000005	-1.3506081882724743	
17A	2	b	128.268972	132.200588	129.743328	3.9316160000000195	-0.055916908531852494	130.23478	1.9658080000000098	-0.23718819210558706	
17A	2	b	132.69204	134.657848	133.183492	1.9658080000000098	-0.03520188362119603	133.674944	0.9829040000000049	-0.07747282454960558	
17A	2	b	135.1493	142.52108	140.06382	7.371780000000001	-0.0659064855279563	138.589464	3.6858900000000006	-0.5699695880691349	
17A	2	b	143.012532	146.944148	144.97834	3.9316160000000195	-0.10045231597046911	144.97834	1.9658080000000098	-0.5690883513785552	
17A	2	b	147.4356	149.89286	147.4356	2.4572600000000193	-0.0405034844137393	148.418504	1.2286300000000097	-0.09524091629335474	
17A	2	b	151.858668	153.333024	152.35012	1.4743560000000002	-0.026954613836170038	152.35012	0.7371780000000001	-0.043223672236866406	
17A	2	b	156.773188	158.738996	157.26464	1.9658079999999813	-0.04470665684236885	157.756092	0.9829039999999907	-0.10303092331798969	
17A	2	b	159.230448	161.196256	160.213352	1.9658080000000098	-0.0543141649268426	160.213352	0.9829040000000049	-0.12969985905185022	
17A	2	b	161.687708	164.63642	163.653516	2.9487120000000004	-0.07928831371155853	163.162064	1.4743560000000002	-0.2516916883390824	
17A	2	b	166.110776	169.059488	166.602228	2.9487120000000004	-0.036312495175596204	167.585132	1.4743560000000002	-0.1523430749989345	
17A	2	b	169.55094	175.448364	171.516748	5.897424000000001	-0.06854809163348996	172.499652	2.9487120000000004	-0.4380509548956796	
17A	2	b	178.397076	179.871432	178.397076	1.4743560000000002	-0.017635124731187446	178.888528	0.7371780000000001	-0.01541359930409325	
17A	2	b	181.83724	184.2945	183.803048	2.457259999999991	-0.02664037328208524	182.820144	1.2286299999999954	-0.07589146058755447	
17A	2	b	184.785952	186.260308	185.277404	1.4743560000000002	-0.045054612514003445	185.277404	0.7371780000000001	-0.06474614626511921	
17A	2	b	186.75176	195.106444	189.700472	8.35468400000002	-0.1144266958134803	190.683376	4.17734200000001	-1.0068896768625453	
17A	2	b	195.597896	202.478224	196.089348	6.88032800000002	-0.06367132076674831	199.03806	3.44016400000001	-0.490729664043154	
17A	2	b	203.95258	205.918388	203.95258	1.9658079999999813	-0.0452615239120191	204.935484	0.9829039999999907	-0.09373106355095306	
17A	2	b	207.392744	210.832908	209.358552	3.44016400000001	-0.014198040087394892	208.8671	1.720082000000005	-0.038877577707369326	
17A	2	b	211.32436	217.221784	215.255976	5.897424000000001	-0.049952423514843414	214.273072	2.9487120000000004	-0.37576635000939795	
17A	2	b	220.170496	224.102112	222.136304	3.931615999999991	-0.08538388139835407	222.136304	1.9658079999999956	-0.3264330005775242	
17A	2	b	224.593564	226.06792	225.085016	1.4743560000000002	-0.05615622737737991	225.085016	0.7371780000000001	-0.07889807066308796	
17A	2	b	230.490988	235.405508	232.456796	4.91452000000001	-0.08653576290967657	232.948248	2.457260000000005	-0.43680754124323007	
17A	2	b	235.89696	237.862768	236.879864	1.9658079999999813	-0.03867865190021269	236.879864	0.9829039999999907	-0.0644460523349889	
17A	2	b	239.337124	245.726	239.828576	6.38887600000001	-0.07577708499824709	242.285836	3.194438000000005	-0.589654708191137	
17A	2	b	247.200356	250.64052	248.18326	3.44016400000001	-0.033279771035135575	248.674712	1.720082000000005	-0.11854512343862	
17A	2	b	252.606328	257.520848	255.55504	4.91452000000001	-0.09227452862467289	255.063588	2.457260000000005	-0.5727339788983301	
17A	2	b	258.0123	259.978108	259.486656	1.9658080000000382	-0.04565781078937481	258.995204	0.9829040000000191	-0.0823693082055661	
17A	2	b	260.46956	264.892628	262.435368	4.423068000000001	-0.12336892110533881	262.435368	2.2115340000000003	-0.6505796972486508	
17A	2	b	265.38408	270.2986	267.349888	4.914520000000039	-0.06365678429269739	267.84134	2.4572600000000193	-0.33356164081153716	
17A	2	b	271.772956	276.196024	273.738764	4.423068000000001	-0.05801086772026509	273.738764	2.2115340000000003	-0.27995836492652126	
17A	2	b	276.687476	280.619092	278.653284	3.9316160000000195	-0.04197580474263218	278.653284	1.9658080000000098	-0.16349713134839605	
17A	2	b	284.550708	291.922488	285.533612	7.371780000000001	-0.053263605476532305	287.990872	3.6858900000000006	-0.4887446283246081	
17A	2	b	292.41394	295.362652	293.888296	2.9487120000000004	-0.06635152800853139	293.888296	1.4743560000000002	-0.2026146200644482	
17A	2	b	295.854104	302.734432	297.32846	6.88032800000002	-0.066923701526036	299.294268	3.44016400000001	-0.6138193665182768	
17A	2	b	303.225884	305.191692	303.717336	1.9658079999999813	-0.04999422143804155	304.208788	0.9829039999999907	-0.11646104047366246	
17A	2	b	306.666048	310.106212	307.648952	3.4401640000000384	-0.0639143238327482	308.140404	1.7200820000000192	-0.24494886957885809	
17A	2	b	310.597664	317.477992	316.003636	6.880327999999963	-0.041670094230967125	314.037828	3.4401639999999816	-0.26968454350721294	
17A	2	b	317.969444	319.4438	318.460896	1.4743560000000002	-0.04126607191841658	318.460896	0.7371780000000001	-0.049514633473765834	
17A	2	b	319.935252	324.849772	322.883964	4.914519999999982	-0.05376265643347855	322.392512	2.457259999999991	-0.29043056842749015	
17A	2	b	325.341224	327.798484	326.324128	2.4572599999999625	-0.06849088475190102	326.324128	1.2286299999999812	-0.19113881322046034	
17A	2	b	329.27284	331.238648	330.255744	1.9658080000000382	-0.059148596335287795	330.255744	0.9829040000000191	-0.1518264646831522	
17A	2	b	332.713004	336.153168	334.18736	3.4401639999999816	-0.10703766708576135	334.18736	1.7200819999999908	-0.45571228721177515	
17A	2	b	336.64462	341.55914	338.610428	4.914520000000039	-0.11533705261895344	339.10188	2.4572600000000193	-0.6935054360768584	
17A	2	b	342.050592	345.982208	343.524948	3.9316160000000195	-0.09468636180474754	344.0164	1.9658080000000098	-0.49329272010017655	
17A	2	b	346.47366	348.439468	347.948016	1.9658079999999813	-0.020105609261761304	347.456564	0.9829039999999907	-0.028648298300285036	
17A	2	b	348.93092	350.896728	349.422372	1.9658079999999813	-0.04796316480740059	349.913824	0.9829039999999907	-0.07893007507239169	
17A	2	b	351.38818	356.3027	355.811248	4.914520000000039	-0.039287857350789324	353.84544	2.4572600000000193	-0.23998408265331128	
17A	2	b	357.777056	364.657384	361.708672	6.880327999999963	-0.0891779536706292	361.21722	3.4401639999999816	-0.7577471049347405	
17A	2	b	367.114644	369.080452	368.097548	1.9658079999999813	-0.04815848909639531	368.097548	0.9829039999999907	-0.11359792355363396	
17A	2	b	369.571904	372.520616	371.537712	2.9487120000000004	-0.06730640545999789	371.04626	1.4743560000000002	-0.18594914042467303	
17A	2	b	373.012068	376.452232	374.486424	3.4401639999999816	-0.07068177045675839	374.486424	1.7200819999999908	-0.20742678915586332	
17A	2	b	376.943684	378.41804	377.435136	1.4743560000000002	-0.014202550443307427	377.435136	0.7371780000000001	-0.02008257114881984	
17A	2	b	378.909492	385.78982	380.383848	6.88032800000002	-0.04247546927458945	382.349656	3.44016400000001	-0.2895215534887564	
17A	2	b	386.281272	389.229984	387.264176	2.9487120000000004	-0.046407535623186336	387.755628	1.4743560000000002	-0.18008862778840107	
17A	2	b	390.70434	392.178696	391.687244	1.4743560000000002	-0.043305586952572916	391.195792	0.7371780000000001	-0.07727781598502426	
17A	2	b	393.653052	395.61886	394.144504	1.9658079999999813	-0.04948451528307585	394.635956	0.9829039999999907	-0.10150618536295064	
17A	2	b	396.110312	399.059024	398.07612	2.9487120000000004	-0.04562841431743703	397.584668	1.4743560000000002	-0.15470247922029257	
17A	2	b	401.516284	404.956448	403.973544	3.4401640000000384	-0.05647947758134553	402.99064	1.7200820000000192	-0.1904449693093334	
17A	2	b	413.311132	423.140172	419.700008	9.82904000000002	-0.1133930411274704	418.225652	4.91452000000001	-1.3940165906220636	
17A	2	b	428.546144	431.986308	430.0205	3.4401639999999816	-0.06988103769972986	430.0205	1.7200819999999908	-0.2689653444236678	
17A	2	b	433.460664	435.426472	434.443568	1.9658079999999813	-0.02252157739680638	434.443568	0.9829039999999907	-0.05670497752134929	
17A	2	b	435.917924	437.883732	436.900828	1.9658079999999813	-0.03252012176894614	436.900828	0.9829039999999907	-0.06610517971351448	
17A	2	b	438.375184	444.272608	440.832444	5.897424000000001	-0.15007673765863871	441.323896	2.9487120000000004	-0.7027193375858515	
17A	2	b	446.729868	449.67858	447.22132	2.9487120000000004	-0.022231623239160392	448.204224	1.4743560000000002	-0.09601520130367569	
17A	2	b	450.170032	454.101648	452.13584	3.9316160000000195	-0.0643829067778332	452.13584	1.9658080000000098	-0.2683051405935942	
17A	2	b	454.5931	457.541812	456.067456	2.9487120000000004	-0.08380983806021147	456.067456	1.4743560000000002	-0.2860606610188329	
17A	2	b	458.033264	461.96488	459.999072	3.9316160000000195	-0.07418653344766435	459.999072	1.9658080000000098	-0.38507405670034744	
17A	2	b	462.456332	464.42214	462.947784	1.9658080000000382	-0.03240850346710844	463.439236	0.9829040000000191	-0.06929785676763256	
17A	2	b	467.370852	469.33666	467.862304	1.9658079999999813	-0.024170332721907384	468.353756	0.9829039999999907	-0.04341031147867036	
17A	2	b	469.828112	472.285372	470.811016	2.4572600000000193	-0.028820195943333182	470.811016	1.2286300000000097	-0.06475154776035086	
17A	2	b	472.776824	479.657152	476.216988	6.88032800000002	-0.09028159130997859	476.216988	3.44016400000001	-0.692718460732323	
17A	2	b	480.148604	483.097316	481.62296	2.9487120000000004	-0.04164449405150461	481.62296	1.4743560000000002	-0.12150325003165008	
17A	2	b	484.571672	487.520384	486.53748	2.9487120000000004	-0.06529643963406939	486.046028	1.4743560000000002	-0.23993438268114398	
17A	2	b	488.011836	489.977644	488.503288	1.9658079999999813	-0.07314181983789436	488.99474	0.9829039999999907	-0.1533264469275225	
17A	2	b	491.452	493.90926	492.434904	2.4572600000000193	-0.05832983904730238	492.434904	1.2286300000000097	-0.1950290468187491	
17A	2	b	495.383616	497.840876	496.857972	2.4572599999999625	-0.026874584139230162	496.36652	1.2286299999999812	-0.06389987944210862	
17A	2	b	498.332328	506.687012	500.298136	8.354683999999963	-0.09509527465529866	502.263944	4.177341999999982	-0.8309231290244802	
17A	2	b	507.178464	512.584436	508.65282	5.405971999999963	-0.10269446521408376	509.635724	2.7029859999999815	-0.636613450191636	
17A	2	b	513.075888	515.533148	514.058792	2.4572600000000193	-0.05738787955144953	514.058792	1.2286300000000097	-0.11874645714848553	
17A	2	b	516.0246	527.819448	521.922024	11.794848000000002	-0.12666893189255068	521.922024	5.897424000000001	-1.8615515892459897	
17A	2	b	528.3109	545.020268	541.580104	16.70936800000004	-0.07411911632836121	536.665584	8.35468400000002	-1.450147570118553	
17A	2	b	545.51172	552.392048	548.951884	6.880328000000077	-0.08116424307662062	548.951884	3.4401640000000384	-0.4170745146468656	
17A	2	b	552.8835	556.815116	553.374952	3.9316159999999627	-0.049537631647691205	554.849308	1.9658079999999813	-0.22476640645669443	
17A	2	b	557.306568	561.729636	559.763828	4.4230680000000575	-0.06538275617794609	559.272376	2.2115340000000288	-0.28065253354501674	
17A	2	b	562.221088	563.695444	562.221088	1.4743559999999434	-0.024683183813951626	562.71254	0.7371779999999717	-0.020046991568418382	
17A	2	b	566.644156	569.101416	567.62706	2.4572600000000193	-0.06198187133470512	567.62706	1.2286300000000097	-0.11459021850872864	
17A	2	b	570.575772	573.033032	571.067224	2.4572600000000193	-0.04458397013975213	571.558676	1.2286300000000097	-0.11072952454083129	
17A	2	b	573.524484	578.930456	575.490292	5.40597200000002	-0.0609734769560939	575.981744	2.70298600000001	-0.46715337214323616	
17A	2	b	579.421908	583.353524	581.879168	3.9316159999999627	-0.08666888860045896	581.387716	1.9658079999999813	-0.33101757020769773	
17A	2	b	583.844976	585.810784	585.319332	1.9658080000000382	-0.049374630845870904	584.82788	0.9829040000000191	-0.08061216156090134	
17A	2	b	587.28514	592.691112	590.233852	5.40597200000002	-0.0920899477305559	589.7424	2.70298600000001	-0.6698315332167705	
17A	4	a	594.165468	596.131276	594.165468	1.9658079999999245	0.012510520329422903	595.148372	0.9829039999999623	0.03136970127937466	
17A	2	b	598.588536	599.57144	598.588536	0.9829040000000759	-0.026754621859263805	599.079988	0.49145200000003797	-0.021095537617302207	
18A	2	b	0.982904	2.948712	1.474356	1.965808	-0.031144221256991456	1.965808	0.982904	-0.08353873283702362	
18A	2	b	3.440164	8.354684	5.405972	4.91452	-0.048610906771227036	5.897424	2.45726	-0.2416537054626695	
18A	2	b	9.82904	12.777752	10.320492	2.9487119999999987	-0.07119737163628259	11.303396	1.4743559999999993	-0.17783331472060004	
18A	2	b	13.269204	25.555504	22.606792	12.286299999999999	-0.07827040063464974	19.166628	6.1431499999999994	-0.9314428913869882	
18A	2	b	28.012764	33.418736	28.504216	5.405972000000002	-0.042265104091206984	30.470024	2.702986000000001	-0.25422890452272673	
18A	2	b	33.910188	37.350352	36.367448	3.440164000000003	-0.04260073882926596	35.384544	1.7200820000000014	-0.1485230591596376	
18A	2	b	39.31616	43.739228	40.790516	4.423067999999994	-0.06460465909243651	41.281968	2.211533999999997	-0.3960039787137095	
18A	2	b	48.162296	53.076816	51.60246	4.914520000000003	-0.07824868388639827	50.619556	2.4572600000000016	-0.40344707557769055	
18A	2	b	54.551172	57.991336	57.008432	3.440163999999996	-0.05010966082855339	56.025528	1.720081999999998	-0.18763184914039266	
18A	2	b	58.482788	64.380212	62.414404	5.897424000000001	-0.1060671023855686	61.4315	2.9487120000000004	-0.6150112413595795	
18A	2	b	64.871664	68.311828	66.34602	3.44016400000001	-0.09604554353462014	66.34602	1.720082000000005	-0.36219147031303367	
18A	2	b	69.786184	73.226348	71.751992	3.440163999999996	-0.05812066121201087	71.26054	1.720081999999998	-0.21807999702024794	
18A	2	b	75.683608	79.123772	76.666512	3.440163999999996	-0.06734296988407751	77.157964	1.720081999999998	-0.226849986280665	
18A	2	b	81.08958	83.055388	81.581032	1.9658079999999956	-0.026928551074398177	82.072484	0.9829039999999978	-0.05331157736592185	
18A	2	b	84.529744	86.495552	85.512648	1.9658080000000098	-0.041289540189687335	85.512648	0.9829040000000049	-0.08941532378222561	
18A	2	b	86.987004	90.427168	88.952812	3.440163999999996	-0.08239420222082594	88.46136	1.720081999999998	-0.3086706467033714	
18A	2	b	90.91862	100.74766	94.850236	9.829039999999992	-0.10358601658401234	95.83314	4.914519999999996	-1.2097697175017372	
18A	2	b	101.239112	104.187824	102.222016	2.9487120000000004	-0.06352857040686355	102.713468	1.4743560000000002	-0.21201020862902853	
18A	2	b	104.679276	107.627988	106.153632	2.9487120000000004	-0.028654511030782315	106.153632	1.4743560000000002	-0.09746489904598232	
18A	2	b	108.11944	115.982672	111.559604	7.8632319999999964	-0.08337140223569528	112.051056	3.9316159999999982	-0.8296973964262024	
18A	2	b	116.474124	118.931384	116.965576	2.457259999999991	-0.03052140537571879	117.457028	1.2286299999999954	-0.06673689482010692	
18A	2	b	119.422836	122.863	121.388644	3.440163999999996	-0.055795588811398567	120.897192	1.720081999999998	-0.26104387461189604	
18A	2	b	124.337356	131.709136	125.811712	7.371780000000001	-0.09743523420640532	127.77752	3.6858900000000006	-0.9392563059997295	
18A	2	b	132.200588	141.046724	137.60656	8.846136000000001	-0.11830574588320197	136.623656	4.423068000000001	-1.2063539119803122	
18A	2	b	141.538176	148.909956	143.995436	7.371780000000001	-0.07839763353413232	144.97834	3.6858900000000006	-0.6908073787033889	
18A	2	b	149.401408	156.281736	154.315928	6.880327999999992	-0.035654220870778186	152.841572	3.440163999999996	-0.27741503588337546	
18A	2	b	156.773188	159.230448	157.26464	2.457259999999991	-0.04124178006169865	157.756092	1.2286299999999954	-0.1124030013480144	
18A	2	b	159.7219	161.196256	160.213352	1.4743560000000002	-0.03816967937715576	160.213352	0.7371780000000001	-0.07291481097247032	
18A	2	b	162.670612	165.127872	162.670612	2.457259999999991	-0.06058420803443609	163.653516	1.2286299999999954	-0.12866991182006215	
18A	2	b	166.602228	172.499652	168.568036	5.897424000000001	-0.057162922822686646	169.55094	2.9487120000000004	-0.3873533320969932	
18A	2	b	173.974008	175.448364	174.46546	1.4743560000000002	-0.03014347480827695	174.46546	0.7371780000000001	-0.048194939531463254	
18A	2	b	175.939816	178.888528	176.431268	2.9487120000000004	-0.02592781929279475	177.414172	1.4743560000000002	-0.07892596337464841	
18A	2	b	179.37998	184.2945	180.362884	4.91452000000001	-0.06750301454667396	181.83724	2.457260000000005	-0.4058422177694889	
18A	4	a	185.768856	187.734664	186.260308	1.9658080000000098	0.04325541346777162	186.75176	0.9829040000000049	0.06605845378779385	
18A	2	b	188.226116	195.106444	193.632088	6.88032800000002	-0.0631082309242399	191.66628	3.44016400000001	-0.38651298116666244	
18A	2	b	195.597896	199.529512	196.089348	3.9316160000000195	-0.05319811768540883	197.563704	1.9658080000000098	-0.2678653819225353	
18A	2	b	200.020964	202.478224	201.49532	2.4572600000000193	-0.03335890628964222	201.003868	1.2286300000000097	-0.0891729510540431	
18A	2	b	203.95258	205.918388	203.95258	1.9658079999999813	-0.03489055185268741	204.935484	0.9829039999999907	-0.03449436283654839	
18A	2	b	206.40984	211.815812	209.358552	5.405971999999991	-0.04943268713703364	208.8671	2.7029859999999957	-0.3318950684520676	
18A	2	b	212.307264	217.221784	213.78162	4.91452000000001	-0.03422693699146606	214.764524	2.457260000000005	-0.19798765256888318	
18A	2	b	220.661948	229.508084	225.576468	8.846136000000001	-0.07149177489020597	225.085016	4.423068000000001	-0.7474913696722322	
18A	2	b	229.999536	238.35422	233.931152	8.354683999999992	-0.1280282808373443	233.931152	4.177341999999996	-1.236160466529244	
18A	2	b	238.845672	242.285836	240.81148	3.4401639999999816	-0.03941311844741935	240.320028	1.7200819999999908	-0.17650598714654953	
18A	2	b	242.777288	251.131972	244.743096	8.354683999999992	-0.09730625304463492	246.708904	4.177341999999996	-1.0549941815511157	
18A	2	b	255.063588	260.961012	259.486656	5.8974239999999725	-0.07521930379970598	258.0123	2.9487119999999862	-0.32056704906516775	
18A	2	b	261.452464	268.332792	263.418272	6.880327999999963	-0.06659023710938405	264.892628	3.4401639999999816	-0.5692742390424048	
18A	2	b	268.824244	276.196024	270.2986	7.371780000000001	-0.09058844099159491	272.264408	3.6858900000000006	-0.7724547071712394	
18A	2	b	276.687476	282.093448	279.144736	5.40597200000002	-0.04431943394639215	279.144736	2.70298600000001	-0.22165989218194115	
18A	2	b	284.059256	291.922488	288.973776	7.863231999999982	-0.050774101480896894	287.990872	3.931615999999991	-0.5624032729436443	
18A	2	b	292.41394	296.837008	294.379748	4.423068000000001	-0.04601552135356557	294.379748	2.2115340000000003	-0.2255420350132109	
18A	2	b	297.32846	302.24298	299.294268	4.914519999999982	-0.058993022770774894	299.78572	2.457259999999991	-0.4055276847376902	
18A	2	b	302.734432	305.191692	304.208788	2.4572599999999625	-0.04443643110674089	303.717336	1.2286299999999812	-0.11899602887234217	
18A	2	b	305.683144	310.106212	307.648952	4.423068000000001	-0.035741390134939044	307.648952	2.2115340000000003	-0.15332287932031863	
18A	2	b	310.597664	312.07202	311.580568	1.4743560000000002	-0.014914674213048151	311.089116	0.7371780000000001	-0.02009266790048192	
18A	2	b	314.037828	319.4438	316.003636	5.40597200000002	-0.056598775606578	316.495088	2.70298600000001	-0.35014961274699996	
18A	2	b	319.935252	324.849772	322.392512	4.914519999999982	-0.06184650340753861	322.392512	2.457259999999991	-0.35126950071916885	
18A	2	b	326.324128	328.289936	327.307032	1.9658080000000382	-0.04222777772342656	327.307032	0.9829040000000191	-0.08031331319820656	
18A	2	b	328.781388	331.7301	329.764292	2.9487120000000004	-0.05001558268554551	330.255744	1.4743560000000002	-0.20066901366355205	
18A	2	b	333.204456	337.627524	335.170264	4.423068000000001	-0.045713043623164085	335.170264	2.2115340000000003	-0.22114065858834153	
18A	2	b	339.10188	341.55914	339.10188	2.4572600000000193	-0.029860973671727242	340.084784	1.2286300000000097	-0.09291032576441716	
18A	2	b	345.982208	356.3027	353.84544	10.320492000000002	-0.09294400154097238	350.896728	5.160246000000001	-1.0143873238208339	
18A	2	b	357.777056	360.725768	358.75996	2.9487120000000004	-0.07131527251919123	359.251412	1.4743560000000002	-0.16859872684590516	
18A	4	a	363.183028	365.148836	364.657384	1.9658080000000382	0.015892759470101048	364.165932	0.9829040000000191	0.0212137786486577	
18A	2	b	365.640288	370.063356	367.606096	4.423068000000001	-0.027727543300419377	367.606096	2.2115340000000003	-0.147462897409677	
18A	2	b	371.537712	373.012068	371.537712	1.4743560000000002	-0.034668094630672996	372.029164	0.7371780000000001	-0.04189622563947615	
18A	2	b	373.50352	376.452232	373.994972	2.9487120000000004	-0.04594886544366639	374.977876	1.4743560000000002	-0.12494165375710609	
18A	2	b	376.943684	385.78982	380.8753	8.846136000000001	-0.037196901549821915	381.366752	4.423068000000001	-0.3216284521004519	
18A	2	b	386.281272	389.229984	386.772724	2.9487120000000004	-0.02425317916827585	387.755628	1.4743560000000002	-0.09705124454023617	
18A	2	b	394.144504	395.61886	394.144504	1.4743560000000002	-0.022902304220044467	394.635956	0.7371780000000001	-0.025015200852229857	
18A	2	b	398.07612	400.53338	398.567572	2.4572600000000193	-0.029655492545150652	399.059024	1.2286300000000097	-0.08975767798514078	
18A	2	b	401.024832	405.4479	402.99064	4.423068000000001	-0.023363366986981493	402.99064	2.2115340000000003	-0.14920128342757877	
18A	2	b	405.939352	411.345324	406.922256	5.40597200000002	-0.028982706177464568	408.396612	2.70298600000001	-0.1606518199400262	
18A	2	b	411.836776	413.311132	412.328228	1.4743560000000002	-0.022121000362710586	412.328228	0.7371780000000001	-0.03971301362974489	
18A	2	b	414.785488	424.123076	421.665816	9.33758800000004	-0.046591965804651636	419.208556	4.66879400000002	-0.44765848877422165	
18A	2	b	424.614528	427.56324	426.580336	2.9487120000000004	-0.06404981018226708	426.088884	1.4743560000000002	-0.18361665001579908	
18A	2	b	428.054692	431.494856	430.511952	3.4401640000000384	-0.05153436734806416	429.529048	1.7200820000000192	-0.13158281595895038	
18A	2	b	432.969212	437.39228	434.443568	4.423068000000001	-0.03659225123946985	434.93502	2.2115340000000003	-0.1326779044859141	
18A	2	b	439.84954	443.289704	440.832444	3.4401639999999816	-0.0678042601665545	441.323896	1.7200819999999908	-0.2434734264099907	
18A	2	b	443.781156	448.695676	446.238416	4.914519999999982	-0.09314695077394086	446.238416	2.457259999999991	-0.6152843171151864	
18A	2	b	449.187128	461.473428	452.13584	12.28630000000004	-0.10809478415041984	455.084552	6.14315000000002	-1.2420938753214237	
18A	2	b	462.947784	465.896496	463.439236	2.9487120000000004	-0.02807130835250171	464.42214	1.4743560000000002	-0.09340958187074688	
18A	2	b	466.387948	469.828112	467.862304	3.4401639999999816	-0.023007503897523485	467.862304	1.7200819999999908	-0.07206128802685563	
18A	2	b	472.285372	480.640056	477.199892	8.35468400000002	-0.04273832382509979	476.216988	4.17734200000001	-0.33994023700467546	
18A	2	b	481.131508	482.605864	481.62296	1.4743560000000002	-0.008887975334803455	481.62296	0.7371780000000001	-0.014295459761252238	
18A	2	b	483.097316	484.571672	483.588768	1.4743560000000002	-0.019376088969772942	483.588768	0.7371780000000001	-0.030134651937609447	
18A	2	b	485.063124	487.520384	486.53748	2.4572599999999625	-0.04303633401243001	486.046028	1.2286299999999812	-0.12387856368745354	
18A	2	b	490.469096	493.90926	492.926356	3.4401640000000384	-0.04424455683792927	491.943452	1.7200820000000192	-0.1984198974223168	
18A	2	b	494.400712	497.840876	496.36652	3.4401639999999816	-0.023405844253300945	495.875068	1.7200819999999908	-0.06813226238935066	
18A	2	b	498.332328	505.704108	504.721204	7.371780000000001	-0.03121299518495868	501.772492	3.6858900000000006	-0.24178942776248868	
18A	2	b	506.19556	508.161368	506.687012	1.9658079999999813	-0.022100259964793034	507.178464	0.9829039999999907	-0.03969094825549746	
18A	2	b	508.65282	511.601532	510.618628	2.9487120000000004	-0.025448939197259213	510.127176	1.4743560000000002	-0.07221013160659662	
18A	2	b	514.058792	519.956216	518.973312	5.897424000000001	-0.03453049386118612	517.007504	2.9487120000000004	-0.24677547906332242	
18A	2	b	521.430572	523.39638	521.922024	1.9658080000000382	-0.03566416573564135	522.413476	0.9829040000000191	-0.07637994511703994	
18A	2	b	525.362188	527.327996	525.362188	1.9658080000000382	-0.013229445772711568	526.345092	0.9829040000000191	-0.028241533983611955	
18A	2	b	527.819448	529.293804	528.3109	1.474356000000057	-0.013629158284027332	528.3109	0.7371780000000285	-0.02148408863576834	
18A	2	b	530.76816	532.733968	530.76816	1.9658080000000382	-0.02394330876553341	531.751064	0.9829040000000191	-0.04211929788531976	
18A	2	b	533.22542	535.191228	534.208324	1.9658080000000382	-0.011111408159088176	534.208324	0.9829040000000191	-0.028697780069716905	
18A	2	b	535.68268	538.13994	535.68268	2.4572600000000193	-0.03010945309778501	536.665584	1.2286300000000097	-0.06142611262121245	
18A	2	b	540.5972	543.545912	543.05446	2.9487120000000004	-0.02212049520348436	542.071556	1.4743560000000002	-0.0462601076184066	
18A	2	b	544.037364	549.934788	548.951884	5.897424000000001	-0.0418353083076386	546.986076	2.9487120000000004	-0.1794509332708707	
18A	2	b	550.42624	558.780924	554.849308	8.35468400000002	-0.08271069259063091	554.357856	4.17734200000001	-0.8005435669823676	
18A	2	b	560.25528	561.729636	561.238184	1.474356000000057	-0.027186544493480902	560.746732	0.7371780000000285	-0.02833418261541165	
18A	2	b	562.221088	570.08432	566.152704	7.863232000000039	-0.07536319105415346	566.152704	3.9316160000000195	-0.5045952472598733	
18A	2	b	570.575772	583.844976	579.91336	13.269203999999945	-0.07080173736204709	576.964648	6.634601999999973	-1.0716700418170582	
18A	2	b	584.336428	586.302236	584.82788	1.9658080000000382	-0.06124969817193926	585.319332	0.9829040000000191	-0.13746259560966667	
18A	2	b	586.793688	589.250948	587.776592	2.4572600000000193	-0.022091186212181535	587.776592	1.2286300000000097	-0.032249129268836496	
18A	2	b	589.7424	599.57144	598.588536	9.829040000000077	-0.07546862212298677	594.65692	4.914520000000039	-0.46085040479579864	
19A	2	b	0.982904	2.948712	1.965808	1.965808	-0.015710805251174298	1.965808	0.982904	-0.03349620308551726	
19A	2	b	4.423068	9.337588	7.37178	4.91452	-0.03735042129450172	6.880328	2.45726	-0.21782904150279547	
19A	2	b	9.82904	11.303396	10.320492	1.4743559999999984	-0.034938678941153656	10.320492	0.7371779999999992	-0.05374628124202574	
19A	2	b	12.777752	17.20082	15.235012	4.423068000000001	-0.042559937374193724	14.74356	2.2115340000000003	-0.1714087927632385	
19A	2	b	17.692272	19.65808	19.166628	1.9658080000000027	-0.007355296432055569	18.675176	0.9829040000000013	-0.015563764391630097	
19A	2	b	20.149532	25.555504	23.098244	5.4059719999999984	-0.04392193837923619	22.606792	2.7029859999999992	-0.2486777859057545	
19A	2	b	26.046956	27.521312	26.538408	1.4743560000000002	-0.015689450768257007	26.538408	0.7371780000000001	-0.024405301516260414	
19A	2	b	30.470024	31.94438	31.452928	1.4743560000000002	-0.010188506392837526	30.961476	0.7371780000000001	-0.00835268214109497	
19A	2	b	33.910188	37.350352	36.367448	3.440164000000003	-0.03716717314036311	35.384544	1.7200820000000014	-0.12073922212122323	
19A	2	b	39.807612	42.264872	40.790516	2.457259999999998	-0.027706685049870616	40.790516	1.228629999999999	-0.0876773204811877	
19A	2	b	42.756324	47.670844	46.196488	4.914520000000003	-0.03451228064533951	45.213584	2.4572600000000016	-0.14414132604453433	
19A	2	b	49.1452	50.619556	49.636652	1.4743560000000002	-0.031403191160713995	49.636652	0.7371780000000001	-0.0521633775250796	
19A	2	b	51.111008	53.076816	52.093912	1.9658080000000027	-0.0508664906523324	52.093912	0.9829040000000013	-0.1201970312511289	
19A	2	b	53.568268	60.940048	57.008432	7.371779999999994	-0.040507842326456656	57.008432	3.685889999999997	-0.3386661061864221	
19A	2	b	61.4315	64.380212	61.922952	2.9487120000000004	-0.025260386772912646	62.905856	1.4743560000000002	-0.08918793505124822	
19A	2	b	64.871664	67.328924	65.854568	2.457260000000005	-0.03216980556357152	65.854568	1.2286300000000026	-0.10311799946903122	
19A	2	b	68.80328	74.700704	70.769088	5.897424000000001	-0.052122816824764606	71.751992	2.9487120000000004	-0.2624787960451448	
19A	2	b	75.192156	80.598128	76.666512	5.4059720000000056	-0.034462855822536054	77.649416	2.7029860000000028	-0.13271545106376292	
19A	2	b	81.08958	83.54684	82.563936	2.457260000000005	-0.028941890104666967	82.072484	1.2286300000000026	-0.0738698996972399	
19A	2	b	84.038292	86.495552	85.512648	2.457260000000005	-0.0450906129757811	85.021196	1.2286300000000026	-0.12012486990150695	
19A	2	b	87.969908	89.935716	88.46136	1.9658079999999956	-0.028568818120418005	88.952812	0.9829039999999978	-0.07501082092189504	
19A	2	b	90.427168	93.37588	91.901524	2.9487120000000004	-0.04245511994044704	91.901524	1.4743560000000002	-0.17707467274461697	
19A	2	b	93.867332	100.256208	95.83314	6.388875999999996	-0.04874522124477476	96.816044	3.194437999999998	-0.4495721821355255	
19A	2	b	100.74766	103.696372	102.222016	2.9487120000000004	-0.022991717422637947	102.222016	1.4743560000000002	-0.0827227310524613	
19A	2	b	104.187824	107.136536	106.153632	2.9487120000000004	-0.02369852740947498	105.66218	1.4743560000000002	-0.06406057034313051	
19A	2	b	108.610892	112.051056	110.5767	3.440163999999996	-0.026937042407468414	110.085248	1.720081999999998	-0.09511128866559448	
19A	2	b	119.422836	121.880096	121.388644	2.457259999999991	-0.04192444228604164	120.40574	1.2286299999999954	-0.09843296595740414	
19A	2	b	122.371548	124.337356	122.371548	1.9658079999999956	-0.04077935273518318	123.354452	0.9829039999999978	-0.04492891612588412	
19A	2	b	124.828808	131.709136	129.251876	6.880328000000006	-0.06707942622371976	128.268972	3.440164000000003	-0.5870347702085361	
19A	2	b	132.200588	141.046724	134.166396	8.846136000000001	-0.040826882991247926	136.623656	4.423068000000001	-0.4157373556334586	
19A	2	b	144.486888	146.944148	146.452696	2.4572600000000193	-0.03386547739592993	145.469792	1.2286300000000097	-0.0670384839253827	
19A	2	b	148.909956	155.298832	151.858668	6.38887600000001	-0.019434900477162564	151.858668	3.194438000000005	-0.11458281651391866	
19A	2	b	157.26464	161.196256	158.247544	3.931615999999991	-0.04209206921247444	159.230448	1.9658079999999956	-0.14524014968388632	
19A	2	b	162.670612	164.63642	163.653516	1.9658079999999813	-0.039745363321843086	163.653516	0.9829039999999907	-0.09271013339555012	
19A	2	b	169.55094	172.499652	171.516748	2.9487120000000004	-0.020324483877818933	171.025296	1.4743560000000002	-0.07079593850265131	
19A	2	b	172.991104	174.46546	173.974008	1.4743560000000002	-0.01778133692082995	173.482556	0.7371780000000001	-0.018235571475663792	
19A	2	b	175.939816	178.888528	176.92272	2.9487120000000004	-0.020286484056648568	177.414172	1.4743560000000002	-0.055661877070116605	
19A	2	b	179.37998	185.768856	180.854336	6.38887600000001	-0.02919575311001754	182.328692	3.194438000000005	-0.19793720877645382	
19A	2	b	186.260308	194.614992	190.683376	8.354683999999992	-0.0463098987080941	190.191924	4.177341999999996	-0.44335462847669715	
19A	2	b	197.072252	200.020964	198.055156	2.9487120000000004	-0.024666658094596672	198.546608	1.4743560000000002	-0.06321368317255993	
19A	2	b	206.901292	211.32436	207.884196	4.423068000000001	-0.035822890147430675	208.8671	2.2115340000000003	-0.2006938809060974	
19A	2	b	211.815812	217.221784	216.730332	5.40597200000002	-0.030521095211870408	214.273072	2.70298600000001	-0.14021387355555315	
19A	2	b	219.679044	223.61066	222.136304	3.931615999999991	-0.04028556230194402	221.644852	1.9658079999999956	-0.17844002179898077	
19A	2	b	225.085016	228.52518	227.050824	3.44016400000001	-0.0409261432306357	226.559372	1.720082000000005	-0.17895656152013728	
19A	2	b	229.016632	234.914056	232.948248	5.897424000000001	-0.014073551823226893	231.965344	2.9487120000000004	-0.10656177836442349	
19A	2	b	238.845672	243.26874	241.302932	4.423068000000001	-0.029961461060255434	240.81148	2.2115340000000003	-0.14751281005273886	
19A	2	b	243.760192	245.726	244.743096	1.9658080000000098	-0.025077664835371105	244.743096	0.9829040000000049	-0.054718651921087935	
19A	2	b	246.217452	252.114876	248.674712	5.897424000000001	-0.03784433332907611	249.166164	2.9487120000000004	-0.20059537098052027	
19A	2	b	254.572136	257.520848	256.537944	2.9487120000000004	-0.03108458196074526	256.046492	1.4743560000000002	-0.12120542387542155	
19A	2	b	258.0123	260.961012	259.486656	2.9487120000000004	-0.06240906588764272	259.486656	1.4743560000000002	-0.18975132751859913	
19A	2	b	261.452464	264.892628	262.435368	3.4401639999999816	-0.04371126696797223	262.92682	1.7200819999999908	-0.19339350492062546	
19A	2	b	265.38408	271.772956	268.824244	6.388876000000039	-0.04152832596650724	268.332792	3.1944380000000194	-0.25584174016204797	
19A	2	b	273.738764	276.196024	275.704572	2.4572600000000193	-0.020178681967651713	274.721668	1.2286300000000097	-0.0558206875957562	
19A	2	b	281.110544	283.567804	283.076352	2.4572600000000193	-0.00769549922292545	282.093448	1.2286300000000097	-0.019737039857864236	
19A	2	b	285.04216	291.922488	287.990872	6.880327999999963	-0.029963518624035457	288.482324	3.4401639999999816	-0.2447523129208088	
19A	2	b	294.379748	296.837008	294.379748	2.4572600000000193	-0.018429901327803533	295.362652	1.2286300000000097	-0.015690093584178832	
19A	2	b	297.32846	302.734432	298.802816	5.40597200000002	-0.036802930605855266	299.78572	2.70298600000001	-0.2822787381484143	
19A	2	b	303.225884	305.191692	304.208788	1.9658079999999813	-0.022626904521005464	304.208788	0.9829039999999907	-0.05825734104557978	
19A	2	b	306.666048	311.089116	307.648952	4.423068000000001	-0.03472823100291167	308.631856	2.2115340000000003	-0.15640413639618123	
19A	2	b	312.563472	317.477992	316.003636	4.914519999999982	-0.02360769504044824	315.020732	2.457259999999991	-0.07680658412180708	
19A	2	b	319.935252	321.409608	320.918156	1.4743560000000002	-0.01478459909828378	320.426704	0.7371780000000001	-0.01070866646898816	
19A	2	b	321.90106	323.375416	321.90106	1.4743560000000002	-0.010371036964376579	322.392512	0.7371780000000001	-0.016827661902206414	
19A	2	b	326.324128	334.18736	330.747196	7.863232000000039	-0.053422750521834095	330.255744	3.9316160000000195	-0.37252550524649464	
19A	2	b	334.678812	336.153168	335.170264	1.4743560000000002	-0.026205155137909886	335.170264	0.7371780000000001	-0.04374292649150563	
19A	2	b	338.610428	341.55914	338.610428	2.9487120000000004	-0.028109273657037526	340.084784	1.4743560000000002	-0.08604985656823555	
19A	2	b	342.050592	344.0164	343.524948	1.9658079999999813	-0.02102694369846314	343.033496	0.9829039999999907	-0.020680696783230923	
19A	2	b	344.507852	345.982208	344.999304	1.4743560000000002	-0.020007589131953663	344.999304	0.7371780000000001	-0.030253784098903502	
19A	2	b	348.439468	350.405276	348.93092	1.9658080000000382	-0.029378062542097627	349.422372	0.9829040000000191	-0.06613678300179388	
19A	2	b	350.896728	353.353988	350.896728	2.4572600000000193	-0.005820264451052659	351.879632	1.2286300000000097	-0.011902530459420912	
19A	2	b	355.319796	357.285604	355.811248	1.9658079999999813	-0.023772424533680225	356.3027	0.9829039999999907	-0.04495481528785822	
19A	2	b	357.777056	359.742864	358.75996	1.9658079999999813	-0.047695665450117164	358.75996	0.9829039999999907	-0.0812510048886177	
19A	2	b	360.234316	361.708672	361.21722	1.4743560000000002	-0.01044554390672947	360.725768	0.7371780000000001	-0.010432108002209395	
19A	2	b	363.183028	370.063356	366.623192	6.88032800000002	-0.053210938071697744	366.623192	3.44016400000001	-0.33161371114486826	
19A	2	b	370.554808	373.012068	371.04626	2.4572600000000193	-0.03796073722280102	371.537712	1.2286300000000097	-0.08270622380363846	
19A	2	b	373.50352	374.977876	373.994972	1.4743560000000002	-0.029065691912780522	373.994972	0.7371780000000001	-0.04805670209534596	
19A	2	b	376.943684	381.858204	377.926588	4.914519999999982	-0.02111765885793615	379.400944	2.457259999999991	-0.13084282286073462	
19A	2	b	383.33256	385.78982	384.806916	2.4572600000000193	-0.015920608289754612	384.315464	1.2286300000000097	-0.03581627453260222	
19A	2	b	388.24708	389.721436	388.738532	1.4743560000000002	-0.03168516577474134	388.738532	0.7371780000000001	-0.044404638117894524	
19A	2	b	393.1616	395.61886	394.635956	2.4572599999999625	-0.027365477661357995	394.144504	1.2286299999999812	-0.09421403945104295	
19A	2	b	396.110312	397.584668	396.110312	1.4743560000000002	-0.021181284837765935	396.601764	0.7371780000000001	-0.030109808029256557	
19A	2	b	402.007736	405.4479	403.482092	3.4401639999999816	-0.03011125400113468	403.482092	1.7200819999999908	-0.12576918237708778	
19A	2	b	408.888064	410.36242	409.379516	1.4743560000000002	-0.005621636877604863	409.379516	0.7371780000000001	-0.007416094055039957	
19A	2	b	410.853872	412.81968	410.853872	1.9658079999999813	-0.015252842520650955	411.836776	0.9829039999999907	-0.032009333467072465	
19A	2	b	414.294036	418.717104	417.7342	4.423068000000001	-0.033651788535198235	416.259844	2.2115340000000003	-0.13806819261017944	
19A	2	b	419.208556	425.10598	421.665816	5.897424000000001	-0.04601300275192266	422.157268	2.9487120000000004	-0.2527644587161934	
19A	2	b	429.529048	432.47776	430.511952	2.9487120000000004	-0.031963446191524914	431.003404	1.4743560000000002	-0.09958471929504281	
19A	2	b	432.969212	437.39228	434.443568	4.423068000000001	-0.020979015159550474	434.93502	2.2115340000000003	-0.09937847319045517	
19A	2	b	439.84954	444.272608	440.832444	4.423068000000001	-0.029554444149008874	441.815348	2.2115340000000003	-0.10587426675607436	
19A	2	b	446.238416	448.695676	446.729868	2.4572600000000193	-0.015803406018735977	447.22132	1.2286300000000097	-0.03456872460962429	
19A	2	b	449.187128	450.661484	450.170032	1.4743560000000002	-0.013223171589750504	449.67858	0.7371780000000001	-0.020081324754750496	
19A	2	b	452.627292	455.576004	453.118744	2.9487120000000004	-0.022581742186680964	454.101648	1.4743560000000002	-0.038688541951727884	
19A	2	b	456.067456	457.541812	456.558908	1.4743560000000002	-0.030610316543089322	456.558908	0.7371780000000001	-0.056522479931693737	
19A	2	b	458.033264	461.473428	459.999072	3.4401640000000384	-0.03790800244653214	459.50762	1.7200820000000192	-0.16258776425038451	
19A	2	b	461.96488	470.811016	466.387948	8.846136000000001	-0.025227914517854888	466.387948	4.423068000000001	-0.32289109473245936	
19A	2	b	472.776824	475.725536	472.776824	2.9487120000000004	-0.032262059807889876	474.25118	1.4743560000000002	-0.09396667923601043	
19A	2	b	477.199892	479.657152	477.199892	2.4572600000000193	-0.023173490192604396	478.182796	1.2286300000000097	-0.04273126796644411	
19A	2	b	481.131508	482.605864	482.114412	1.4743560000000002	-0.011825496619628506	481.62296	0.7371780000000001	-0.00862606364008045	
19A	2	b	485.554576	488.011836	486.53748	2.4572600000000193	-0.03206180764273758	486.53748	1.2286300000000097	-0.09209115783427785	
19A	2	b	488.503288	490.469096	489.486192	1.9658079999999813	-0.03934416317659861	489.486192	0.9829039999999907	-0.0931719408286118	
19A	2	b	490.960548	492.434904	491.452	1.4743560000000002	-0.017487607890470436	491.452	0.7371780000000001	-0.03299448429498081	
19A	2	b	499.315232	503.246848	502.263944	3.9316160000000195	-0.014201634749535064	501.28104	1.9658080000000098	-0.061907662482025116	
19A	2	b	505.704108	511.601532	508.65282	5.897424000000001	-0.025910740601331916	508.65282	2.9487120000000004	-0.1787565131526429	
19A	2	b	513.075888	515.533148	514.058792	2.4572600000000193	-0.034492625121890774	514.058792	1.2286300000000097	-0.06925720000003877	
19A	2	b	516.0246	519.956216	517.498956	3.9316160000000764	-0.026918951439020122	517.990408	1.9658080000000382	-0.10394800867749532	
19A	2	b	521.430572	523.39638	521.922024	1.9658080000000382	-0.021790204391865742	522.413476	0.9829040000000191	-0.0562852405310969	
19A	2	b	526.836544	529.293804	528.3109	2.4572600000000193	-0.026581857918555607	527.819448	1.2286300000000097	-0.05971306898232498	
19A	2	b	529.785256	531.751064	530.76816	1.9658080000000382	-0.029625456735850153	530.76816	0.9829040000000191	-0.06492916804031629	
19A	2	b	533.22542	536.665584	533.716872	3.4401639999999816	-0.01861738740157548	534.699776	1.7200819999999908	-0.055121905286541206	
19A	2	b	538.631392	546.986076	541.580104	8.35468400000002	-0.02866901645750941	542.563008	4.17734200000001	-0.26439840029259504	
19A	2	b	547.477528	549.934788	548.951884	2.4572600000000193	-0.03278060102724134	548.460432	1.2286300000000097	-0.10199294694626942	
19A	2	b	550.42624	552.392048	551.409144	1.9658080000000382	-0.02254745967597971	551.409144	0.9829040000000191	-0.05673604691861994	
19A	2	b	552.8835	554.357856	553.374952	1.4743559999999434	-0.01726720950549987	553.374952	0.7371779999999717	-0.02443722740497245	
19A	2	b	556.323664	557.79802	556.815116	1.4743559999999434	-0.010821363607517065	556.815116	0.7371779999999717	-0.019758765643528575	
19A	4	a	559.272376	562.71254	561.729636	3.4401639999999816	0.014146318218837828	560.746732	1.7200819999999908	0.03677154540769756	
19A	2	b	563.203992	576.964648	564.186896	13.76065600000004	-0.03026147277412583	570.08432	6.88032800000002	-0.41765800059360403	
19A	2	b	581.387716	583.353524	582.37062	1.9658080000000382	-0.034126583343623396	582.37062	0.9829040000000191	-0.06059512841947562	
19A	2	b	584.82788	586.302236	585.319332	1.4743559999999434	-0.030661214385727553	585.319332	0.7371779999999717	-0.05591689074174738	
19A	2	b	586.793688	592.691112	588.759496	5.897424000000001	-0.03729072147725332	589.7424	2.9487120000000004	-0.2198881952657804	
19A	2	b	593.182564	595.639824	594.65692	2.4572600000000193	-0.024675419435420287	594.165468	1.2286300000000097	-0.05348351550203978	
