										AB_Unfed#1_Retrograde_evts_formatted.txt
ROI	Quadrant	Direction	Start time (s)	End time (s)	Peak time (s)	Duration (s)	Amplitude	Midpoint (s)	Half Duration(s)	AUC
1A	2	b	0.0	14.311584	5.452032	14.311584	-3.1099213742432603	6.81504	7.155792	-42.24726542890036	
1A	2	b	14.993088	34.0752	22.489632	19.082112000000002	-1.1641264928540398	24.534144	9.541056000000001	-18.032855470859765	
1A	2	b	34.756704	38.845728	37.48272	4.089024000000002	-0.101227601216209	36.801216	2.044512000000001	-0.3824694061609968	
1A	2	b	39.527232	41.571744	39.527232	2.0445120000000045	-0.32789162286121964	40.208736	1.0222560000000023	-0.44961950735024914	
1A	2	b	43.616256	79.735968	60.653856	36.119712	-2.4136836539208204	61.33536	18.059856	-71.04581439189894	
1A	2	b	80.417472	113.811168	96.773568	33.39369599999999	-2.00983813963804	96.773568	16.696847999999996	-52.142961141747335	
1A	2	b	116.537184	125.396736	121.307712	8.859552000000008	-0.7446203492194918	120.626208	4.429776000000004	-3.993166850688662	
1A	2	b	126.07824	146.52336	136.3008	20.445120000000003	-1.5938589583702782	136.3008	10.222560000000001	-21.17048558661059	
1A	2	b	147.204864	181.961568	177.19104	34.75670400000001	-1.7383801180738967	164.242464	17.378352000000007	-31.50536928795602	
1A	2	b	182.643072	204.4512	194.910144	21.80812800000001	-2.369071816909864	193.547136	10.904064000000005	-35.491010899152926	
1A	2	b	205.132704	210.584736	207.177216	5.452032000000003	-0.189369871713847	207.85872	2.7260160000000013	-1.1285742319194005	
1A	2	b	213.310752	220.807296	218.08128	7.496544	-0.7394948783263082	216.718272	3.748272	-4.545755745150975	
1A	2	b	221.4888	224.214816	222.851808	2.7260160000000155	-0.24341776311988994	222.851808	1.3630080000000078	-0.6023700069183748	
1A	2	b	226.940832	229.666848	227.622336	2.726015999999987	-0.1835577609237049	228.30384	1.3630079999999936	-0.31672634506433806	
1A	2	b	230.348352	243.296928	238.5264	12.948576000000003	-0.5132723027829709	236.481888	6.474288000000001	-5.025717552832073	
1A	2	b	243.978432	247.385952	245.34144	3.407520000000005	-0.25129429922865576	245.34144	1.7037600000000026	-0.6065504625170854	
1A	2	b	248.067456	302.587776	255.564	54.52032000000003	-1.58560961145154	275.327616	27.260160000000013	-59.40284572071778	
1A	2	b	303.26928	323.032896	313.49184	19.763616000000013	-1.1383527117113843	312.810336	9.881808000000007	-14.393359610883712	
1A	2	b	326.440416	355.745088	333.93696	29.304671999999982	-1.4032937860009138	340.752	14.652335999999991	-28.13910961296568	
1A	2	b	357.7896	380.279232	365.967648	22.489631999999972	-0.9575950407591698	368.693664	11.244815999999986	-16.902694189821048	
1A	2	b	380.960736	434.799552	427.984512	53.83881600000001	-2.376225705404739	407.539392	26.919408000000004	-68.63077644969617	
1A	2	b	435.481056	494.771904	477.734304	59.29084799999998	-2.385653309818557	464.785728	29.64542399999999	-124.82244658252573	
1A	2	b	495.453408	511.128	498.179424	15.674591999999961	-0.6660527037214177	502.949952	7.837295999999981	-7.48161553382394	
1A	2	b	511.809504	551.336736	541.79568	39.52723199999997	-2.2670733377884806	531.57312	19.763615999999985	-61.73985479578107	
1A	2	b	554.062752	571.781856	560.196288	17.719103999999902	-1.0809568990972505	562.922304	8.859551999999951	-17.65296163251352	
1A	2	b	572.46336	599.72352	577.915392	27.26016000000004	-0.9376731328045693	586.09344	13.63008000000002	-19.651461011163157	
2A	2	b	0.0	14.311584	4.770528	14.311584	-2.3758925760348966	6.81504	7.155792	-27.44011570130738	
2A	2	b	14.993088	34.756704	26.578656	19.763616	-2.4553033213311686	24.534144	9.881808	-38.90440396936722	
2A	2	b	35.438208	51.794304	39.527232	16.356095999999994	-2.6445129887790007	43.616256	8.178047999999997	-39.64806975208613	
2A	2	b	52.475808	79.735968	60.653856	27.26016	-4.21407815581008	66.105888	13.63008	-99.6080168499483	
2A	2	b	80.417472	110.403648	95.41056	29.986176	-1.6597078068375737	95.41056	14.993088	-32.77261708923385	
2A	2	b	111.085152	126.07824	121.307712	14.993088	-1.3194459860148466	118.581696	7.496544	-10.851554621439373	
2A	2	b	126.759744	163.56096	136.3008	36.801216	-2.936158576935963	145.160352	18.400608	-64.79159590361292	
2A	2	b	164.242464	169.012992	166.286976	4.770527999999985	-0.3669944098924347	166.286976	2.3852639999999923	-1.6952174593948914	
2A	2	b	169.694496	172.420512	171.057504	2.7260160000000155	-0.21367153019209795	171.057504	1.3630080000000078	-0.4232616831497005	
2A	2	b	174.465024	184.687584	177.19104	10.222559999999987	-1.6510698234073242	179.235552	5.111279999999994	-13.328098299442091	
2A	2	b	185.369088	250.111968	193.547136	64.74287999999999	-1.635273442271295	217.399776	32.37143999999999	-90.19026383144424	
2A	2	b	250.793472	259.653024	254.882496	8.859552000000008	-0.7403656747382463	254.882496	4.429776000000004	-3.6762554599760513	
2A	2	b	260.334528	265.105056	261.697536	4.770528000000013	-0.909238182719708	262.37904	2.3852640000000065	-3.2203932375623694	
2A	2	b	265.78656	275.327616	267.831072	9.54105599999997	-1.350687978717481	270.557088	4.770527999999985	-12.305509979755204	
2A	2	b	276.00912	292.365216	284.868672	16.35609599999998	-1.6533792236754579	284.187168	8.17804799999999	-19.2470925941876	
2A	2	b	293.04672	305.995296	300.543264	12.948576000000003	-1.16163214009131	299.180256	6.474288000000001	-13.020684058675636	
2A	2	b	306.6768	310.08432	307.358304	3.407519999999977	-0.4036520308484839	308.039808	1.7037599999999884	-0.7484415208701876	
2A	2	b	312.128832	341.433504	318.262368	29.30467200000004	-2.3341045767048563	326.440416	14.65233600000002	-48.83201615965257	
2A	2	b	342.115008	367.330656	348.930048	25.215647999999987	-0.9795118862801502	354.38208	12.607823999999994	-20.890815581749187	
2A	4	a	369.375168	372.101184	370.738176	2.7260160000000155	0.5043485240457315	370.738176	1.3630080000000078	1.2408686090276468	
2A	2	b	374.8272	400.042848	385.04976	25.215647999999987	-2.230177876921127	387.094272	12.607823999999994	-43.66886874883683	
2A	2	b	400.724352	414.354432	404.813376	13.630079999999964	-1.0181747901006108	407.539392	6.815039999999982	-10.330354361540818	
2A	2	b	415.035936	432.073536	420.487968	17.037599999999998	-1.3711051321304986	423.213984	8.518799999999999	-22.557003857344597	
2A	2	b	434.118048	452.518656	440.251584	18.400608000000034	-1.4947072299845239	442.9776	9.200304000000017	-20.697108954490073	
2A	2	b	453.20016	469.556256	455.926176	16.356096000000036	-0.6898307822095511	461.378208	8.178048000000018	-8.512506713667062	
2A	2	b	471.600768	487.956864	477.734304	16.35609599999998	-1.4904871029075224	479.778816	8.17804799999999	-19.248813595128706	
2A	2	b	488.638368	506.357472	496.816416	17.71910399999996	-1.3582936431405432	497.49792	8.85955199999998	-17.773213324264308	
2A	2	b	507.038976	510.446496	509.764992	3.4075200000000336	-0.21905626933953926	508.401984	1.7037600000000168	-0.6937835296306325	
2A	2	b	512.491008	524.75808	518.624544	12.267071999999985	-2.1291769763226327	518.624544	6.133535999999992	-19.89180758581717	
2A	2	b	529.528608	550.655232	541.79568	21.126623999999993	-1.4991845264707973	539.751168	10.563311999999996	-23.59613639967912	
2A	2	b	551.336736	569.737344	558.151776	18.400608000000034	-1.345259746144965	560.196288	9.200304000000017	-20.4928725444991	
2A	2	b	570.418848	580.641408	575.87088	10.22255999999993	-1.075057637815208	575.189376	5.111279999999965	-10.20845518897282	
2A	2	b	586.09344	599.72352	596.997504	13.63008000000002	-1.3545959018024654	592.90848	6.81504000000001	-13.577690967197796	
3A	2	b	0.0	53.157312	18.400608	53.157312	-11.568248914968152	26.578656	26.578656	-584.50716341674	
3A	2	b	53.838816	111.766656	77.691456	57.927839999999996	-9.360878118696906	82.461984	28.963919999999998	-489.6296563905704	
3A	2	b	112.44816	126.759744	121.307712	14.311583999999996	-3.1695395694049573	119.2632	7.155791999999998	-29.039721484958825	
3A	2	b	128.804256	173.102016	149.249376	44.29775999999998	-8.353865527520984	150.612384	22.14887999999999	-278.2679369460304	
3A	2	b	173.78352	181.280064	175.828032	7.496544	-0.9114992583479591	177.19104	3.748272	-6.784626396354367	
3A	2	b	181.961568	184.00608	183.324576	2.0445119999999974	-0.3404484247653876	182.643072	1.0222559999999987	-0.273669507843902	
3A	4	a	184.687584	190.82112	188.776608	6.133536000000021	0.7477447570556137	187.4136	3.0667680000000104	3.439236767158288	
3A	2	b	191.502624	234.437376	206.495712	42.934752	-7.71407990037131	212.629248	21.467376	-283.8796151194251	
3A	2	b	235.11888	247.385952	241.93392	12.267072000000013	-1.4620361562631317	241.252416	6.1335360000000065	-18.036575747449042	
3A	2	b	248.067456	250.111968	248.067456	2.0445119999999974	-0.3674158050284646	248.74896	1.0222559999999987	-0.4594498702254537	
3A	4	a	250.793472	252.837984	251.474976	2.0445119999999974	0.6497331460086002	251.474976	1.0222559999999987	0.9204321171201819	
3A	2	b	253.519488	291.002208	267.831072	37.48272	-9.327885047587532	271.920096	18.74136	-267.95211312200115	
3A	2	b	293.728224	305.313792	297.135744	11.585567999999967	-1.9744144824158383	299.180256	5.792783999999983	-19.297093640085265	
3A	2	b	308.721312	344.15952	326.440416	35.438207999999975	-11.404567102352779	326.440416	17.719103999999987	-302.81521037994713	
3A	2	b	344.841024	355.063584	348.248544	10.222559999999987	-1.096043800005713	349.611552	5.111279999999994	-7.564812390457499	
3A	2	b	357.7896	367.330656	363.923136	9.54105599999997	-1.46135578561832	362.560128	4.770527999999985	-11.265291888388788	
3A	2	b	370.056672	411.628416	385.04976	41.571744000000024	-8.180941732787215	390.501792	20.785872000000012	-259.632384716234	
3A	2	b	413.672928	421.850976	417.761952	8.17804799999999	-1.20125594144222	417.761952	4.089023999999995	-6.944139747391365	
3A	4	a	422.53248	430.710528	425.94	8.17804799999999	1.0503522837461894	426.621504	4.089023999999995	6.408832251263837	
3A	2	b	431.392032	460.696704	438.888576	29.30467200000004	-5.18567818447843	445.703616	14.65233600000002	-140.76969029448966	
3A	2	b	461.378208	480.46032	472.963776	19.082112000000052	-2.555674834064913	470.919264	9.541056000000026	-35.20288748952497	
3A	2	b	481.141824	524.076576	492.727392	42.93475200000006	-7.693584740055517	502.268448	21.46737600000003	-245.36917045762655	
3A	4	a	528.1656	534.98064	533.617632	6.815039999999954	0.6558318025615293	531.57312	3.407519999999977	4.856218339388111	
3A	2	b	535.662144	580.641408	552.699744	44.979263999999944	-7.688440793014717	558.151776	22.489631999999972	-280.8236285367297	
3A	2	b	581.322912	599.72352	599.72352	18.400608000000034	-5.666074575936559	590.182464	9.200304000000017	-44.52971741270185	
4A	2	b	0.0	2.726016	1.363008	2.726016	-1.3031059475874969	1.363008	1.363008	-3.3308952296490872	
4A	2	b	3.40752	55.883328	22.489632	52.475808	-15.455530987421497	29.304672	26.237904	-685.9640408423487	
4A	2	b	58.609344	71.55792	64.74288	12.948575999999996	-5.9743279916494885	64.74288	6.474287999999998	-71.89808316420074	
4A	2	b	72.239424	111.766656	88.59552	39.527232	-5.68106354800441	92.00304	19.763616	-187.80508578092662	
4A	2	b	112.44816	132.211776	123.352224	19.763615999999985	-4.386104822828827	121.989216	9.881807999999992	-54.964866537039015	
4A	2	b	134.256288	188.776608	151.975392	54.52032	-13.365115156738732	161.516448	27.26016	-484.0099522340383	
4A	2	b	189.458112	256.927008	209.903232	67.468896	-15.413768972803265	222.851808	33.734448	-731.243823985015	
4A	4	a	257.608512	260.334528	259.653024	2.7260159999999587	0.7861110176574329	258.97152	1.3630079999999793	0.7744366558286266	
4A	2	b	261.016032	288.276192	268.512576	27.260159999999985	-20.21605547116754	274.646112	13.630079999999992	-393.5250906608924	
4A	2	b	288.957696	317.580864	300.543264	28.62316800000002	-4.376861672416112	303.26928	14.31158400000001	-107.30706763658749	
4A	2	b	318.262368	355.745088	329.847936	37.48272000000003	-22.54633319162309	336.662976	18.741360000000014	-557.7484159401262	
4A	2	b	356.426592	366.649152	363.241632	10.222559999999987	-1.294457984450034	361.19712	5.111279999999994	-8.011717030099117	
4A	4	a	367.330656	383.005248	374.8272	15.674592000000018	4.092490987639572	374.8272	7.837296000000009	62.24487704811388	
4A	2	b	383.686752	402.768864	391.183296	19.082111999999995	-4.230567852042789	393.227808	9.541055999999998	-67.98637807899317	
4A	2	b	403.450368	432.75504	417.761952	29.304671999999982	-5.724152143748967	417.761952	14.652335999999991	-156.77389902002884	
4A	2	b	434.799552	487.27536	464.785728	52.47580799999997	-8.574699478159062	460.696704	26.237903999999986	-437.24691242809615	
4A	2	b	489.319872	524.75808	518.624544	35.438207999999975	-3.443684066441975	507.038976	17.719103999999987	-110.07945084521316	
4A	2	b	525.439584	539.751168	528.1656	14.311584000000039	-1.4535827739224132	532.254624	7.1557920000000195	-18.06963964814303	
4A	2	b	540.432672	545.2032	541.79568	4.770528000000013	-1.3515207530051825	542.477184	2.3852640000000065	-5.557047391254645	
4A	2	b	545.884704	580.641408	556.788768	34.7567039999999	-5.929148743109337	562.922304	17.37835199999995	-155.00559263844085	
4A	2	b	581.322912	599.72352	589.50096	18.400608000000034	-3.7524081428710687	590.182464	9.200304000000017	-39.71761061263966	
5A	2	b	0.0	2.726016	0.0	2.726016	-3.622190490854287	1.363008	1.363008	-8.96508881739572	
5A	2	b	5.452032	57.246336	25.215648	51.794304	-14.779603735664935	31.349184	25.897152	-576.4610837542929	
5A	2	b	57.92784	65.424384	60.653856	7.496544	-2.1888958632363966	61.33536	3.748272	-16.21399770249	
5A	4	a	66.105888	72.920928	68.1504	6.81504000000001	2.779687017791474	69.513408	3.407520000000005	13.809121060885818	
5A	2	b	73.602432	111.085152	83.143488	37.48272	-12.738180563496861	92.00304	18.74136	-343.97890150038177	
5A	2	b	111.766656	132.211776	123.352224	20.44511999999999	-7.511945024014956	121.989216	10.222559999999994	-100.18635150129133	
5A	4	a	136.3008	139.026816	136.982304	2.726015999999987	0.6071407763707697	137.663808	1.3630079999999936	1.2308525441711176	
5A	2	b	141.071328	184.687584	154.019904	43.61625599999999	-20.26649284177509	162.879456	21.808127999999996	-639.0474364774057	
5A	2	b	185.369088	188.095104	185.369088	2.726015999999987	-0.7614659755932109	186.732096	1.3630079999999936	-1.8218989975209823	
5A	4	a	188.776608	198.317664	196.954656	9.541055999999998	1.9704114755362738	193.547136	4.770527999999999	13.792731116026577	
5A	2	b	198.999168	241.252416	213.310752	42.25324800000001	-21.52150792094188	220.125792	21.126624000000007	-602.9943854751376	
5A	2	b	241.93392	254.200992	245.34144	12.267072000000013	-9.476365191989181	248.067456	6.1335360000000065	-80.50883612324218	
5A	2	b	254.882496	297.817248	267.149568	42.934752	-22.703771853881772	276.00912	21.467376	-789.1995496991723	
5A	4	a	298.498752	306.6768	305.313792	8.17804799999999	1.8486160906065692	302.587776	4.089023999999995	11.18983715524039	
5A	2	b	307.358304	312.810336	308.721312	5.452032000000031	-0.8175911155978852	310.08432	2.7260160000000155	-3.375199147684338	
5A	4	a	313.49184	316.89936	315.536352	3.407519999999977	1.7336724715141685	314.854848	1.7037599999999884	4.63872254722158	
5A	2	b	317.580864	355.745088	331.210944	38.16422399999999	-24.47620405296027	336.662976	19.082111999999995	-813.0103382813209	
5A	4	a	356.426592	362.560128	359.834112	6.133535999999992	0.7255309517624084	359.152608	3.066767999999996	2.7455882699934193	
5A	2	b	363.241632	369.375168	365.286144	6.133535999999992	-3.22575159497962	365.967648	3.066767999999996	-15.885914629587251	
5A	4	a	370.056672	377.553216	374.8272	7.4965440000000285	2.091965012078319	373.464192	3.7482720000000143	13.133497133054188	
5A	2	b	378.23472	432.75504	391.8648	54.52032000000003	-12.518534899067951	405.49488	27.260160000000013	-537.1762015183281	
5A	2	b	433.436544	480.46032	450.474144	47.023776	-15.874841778110046	456.60768	23.511888	-518.7015503094432	
5A	2	b	481.141824	485.912352	483.186336	4.770528000000013	-1.835014826628253	483.186336	2.3852640000000065	-8.097826514787673	
5A	4	a	486.593856	492.045888	487.956864	5.452031999999974	1.446846738404993	489.319872	2.726015999999987	4.823502286897067	
5A	2	b	492.727392	534.299136	502.949952	41.57174399999997	-16.753085693603083	513.172512	20.785871999999983	-453.4985944872312	
5A	2	b	534.98064	544.521696	537.706656	9.541056000000026	-3.651044808395909	539.751168	4.770528000000013	-32.4563025556676	
5A	4	a	545.2032	547.929216	545.2032	2.7260159999999587	0.7032341156342525	546.566208	1.3630079999999793	0.8942829457272694	
5A	2	b	548.61072	553.381248	549.292224	4.770528000000013	-1.3610998798700535	550.655232	2.3852640000000065	-4.986259396503588	
5A	2	b	554.062752	571.781856	558.83328	17.719103999999902	-5.917998594974726	562.922304	8.859551999999951	-94.90285893298775	
5A	2	b	572.46336	580.641408	574.507872	8.17804799999999	-2.1869384825899374	576.552384	4.089023999999995	-17.870478791423615	
5A	2	b	581.322912	596.997504	589.50096	15.674592000000075	-4.185437256836465	588.819456	7.837296000000038	-59.29620144295656	
5A	2	b	597.679008	599.72352	599.72352	2.0445120000000543	-3.3869403431964784	598.360512	1.0222560000000271	-2.735547206395289	
6A	2	b	3.40752	47.70528	29.304672	44.297760000000004	-24.416421979317096	25.215648	22.148880000000002	-805.493873103873	
6A	4	a	50.431296	54.52032	53.157312	4.089023999999995	1.5853535914447363	52.475808	2.0445119999999974	4.747145644902201	
6A	2	b	55.201824	119.944704	83.824992	64.74288	-22.93599784756202	87.232512	32.37144	-1303.9818448555616	
6A	4	a	120.626208	128.122752	124.715232	7.496543999999986	2.9993803182054	124.033728	3.748271999999993	20.717678137557943	
6A	2	b	128.804256	133.574784	130.167264	4.770527999999985	-2.2912022958228064	130.848768	2.3852639999999923	-10.277876387503133	
6A	2	b	134.256288	184.00608	166.286976	49.749791999999985	-13.316354477349023	158.790432	24.874895999999993	-566.5898103893506	
6A	2	b	184.687584	240.570912	208.540224	55.883328000000006	-12.810526300413963	212.629248	27.941664000000003	-726.3978131441123	
6A	2	b	241.252416	271.238592	258.290016	29.986175999999972	-10.848199467704482	256.245504	14.993087999999986	-287.98346737029624	
6A	2	b	273.283104	301.224768	281.461152	27.941664000000003	-10.0615116954257	286.913184	13.970832000000001	-248.3679536340436	
6A	2	b	303.26928	315.536352	308.721312	12.267072000000041	-1.6055841912517437	309.402816	6.133536000000021	-19.474615718624513	
6A	2	b	316.217856	325.758912	318.943872	9.541056000000026	-1.6891703903768214	320.988384	4.770528000000013	-12.928970759811218	
6A	2	b	326.440416	366.649152	345.522528	40.20873599999999	-11.29523297749503	346.204032	20.104367999999994	-327.8579631804739	
6A	2	b	367.330656	415.035936	396.635328	47.705280000000016	-19.491934328402337	391.183296	23.852640000000008	-567.880742041026	
6A	2	b	415.71744	475.008288	451.155648	59.29084799999998	-23.745808094090428	445.022112	29.64542399999999	-1209.2096454065436	
6A	2	b	475.689792	528.847104	507.038976	53.15731199999993	-19.49947983231538	502.268448	26.578655999999967	-843.9083986628071	
6A	4	a	529.528608	540.432672	534.299136	10.904064000000062	1.2868879846996677	534.98064	5.452032000000031	12.190627620983665	
6A	2	b	541.114176	581.322912	564.966816	40.20873599999993	-15.707283276247953	560.877792	20.104367999999965	-451.708710467075	
6A	2	b	582.004416	588.819456	586.09344	6.815039999999954	-1.234341390461168	585.411936	3.407519999999977	-6.972065407295002	
6A	4	a	589.50096	598.360512	592.226976	8.859552000000008	2.5823478820370127	593.589984	4.429776000000004	21.32982796039384	
7A	2	b	0.0	2.726016	0.0	2.726016	-1.6158138746893727	1.363008	1.363008	-3.4625412137411224	
7A	4	a	3.40752	7.496544	4.089024	4.089024	0.2502040141275046	5.452032	2.044512	0.9275901157109825	
7A	2	b	8.178048	68.1504	32.712192	59.972352	-9.497272560661344	38.164224	29.986176	-532.0530481564258	
7A	2	b	70.194912	121.989216	108.359136	51.794304	-8.05642410873034	96.092064	25.897152	-472.8040414803802	
7A	2	b	122.67072	132.211776	128.122752	9.541055999999983	-2.5785592864438147	127.441248	4.770527999999992	-23.471066755305284	
7A	4	a	132.89328	138.345312	133.574784	5.452032000000003	1.1421869169498038	135.619296	2.7260160000000013	5.6392211678952355	
7A	4	a	139.026816	141.071328	139.70832	2.0445119999999974	0.17154357887033633	139.70832	1.0222559999999987	0.2277960880562615	
7A	2	b	141.752832	147.204864	143.797344	5.452031999999974	-0.7625878349329369	144.478848	2.726015999999987	-3.5903047327162705	
7A	2	b	149.93088	196.273152	177.872544	46.34227200000001	-5.998273009873062	173.102016	23.171136000000004	-199.86075012317897	
7A	2	b	198.999168	270.557088	245.34144	71.55792000000002	-13.95587596332749	234.437376	35.77896000000001	-738.6269883835403	
7A	4	a	271.238592	291.683712	288.276192	20.44512000000003	1.3727521416874175	281.461152	10.222560000000016	22.160133417349627	
7A	2	b	292.365216	322.351392	300.543264	29.986176	-8.57562158118768	307.358304	14.993088	-188.14068923110605	
7A	2	b	323.032896	382.323744	359.152608	59.29084799999998	-17.967552682949066	352.337568	29.64542399999999	-824.461407772758	
7A	2	b	389.820288	443.659104	410.946912	53.83881600000001	-11.70206678722707	416.398944	26.919408000000004	-559.9401308029362	
7A	2	b	444.340608	501.586944	470.919264	57.24633600000004	-8.223770394315538	472.963776	28.62316800000002	-441.33075745459377	
7A	4	a	502.268448	506.357472	504.994464	4.089023999999995	0.3525237402096444	504.31296	2.0445119999999974	1.2981829081497427	
7A	2	b	507.038976	546.566208	532.254624	39.52723199999997	-8.84611968038538	526.802592	19.763615999999985	-298.1457762701177	
7A	2	b	548.61072	592.226976	573.826368	43.61625600000002	-8.551563641108547	570.418848	21.80812800000001	-306.67918756599084	
7A	2	b	592.90848	599.72352	599.72352	6.815039999999954	-5.21896460564785	596.316	3.407519999999977	-19.91743771615826	
