										Kaede_Unfed#9_Cloaca_evts_formatted.txt
ROI	Quadrant	Direction	Start time (s)	End time (s)	Peak time (s)	Duration (s)	Amplitude	Midpoint (s)	Half Duration(s)	AUC
17A	2	b	3.29724	10.551168	8.572824	7.253928	-0.24084882679404007	6.59448	3.626964	-1.5507706503837348	
17A	4	a	13.848408	20.442888	17.805096	6.594480000000001	0.18459163567351622	17.145648	3.2972400000000004	1.131122256412294	
17A	2	b	22.421232	26.37792	24.399576	3.9566879999999998	-0.28495618593744165	24.399576	1.9783439999999999	-0.9447162855204125	
17A	2	b	27.037368	33.631848	28.356264	6.594479999999997	-0.24919579487432042	30.334608	3.2972399999999986	-1.548923351213125	
17A	2	b	34.291296	47.480256	38.907432	13.188959999999994	-0.12051119524778331	40.885776	6.594479999999997	-1.4864090002616368	
17A	2	b	49.4586	65.285352	58.690872	15.826752000000006	-0.10900993233033462	57.371976	7.913376000000003	-1.5051461110407287	
17A	2	b	65.9448	81.112104	67.263696	15.167304000000001	-0.07803868375285994	73.198728	7.583652000000001	-0.9091801720103061	
17A	2	b	83.090448	89.02548	86.387688	5.935032000000007	-0.0581032342922394	85.72824	2.9675160000000034	-0.2410131116689853	
17A	2	b	89.684928	94.301064	93.641616	4.616135999999997	-0.048280719708274855	91.663272	2.3080679999999987	-0.1616744534732879	
17A	2	b	96.279408	98.257752	96.279408	1.9783439999999928	-0.053962026404859476	96.938856	0.9891719999999964	-0.09014231900598357	
17A	4	a	100.236096	102.21444	100.236096	1.9783439999999928	0.0026272115034320365	100.895544	0.9891719999999964	0.0026396362334695223	
17A	2	b	102.873888	106.830576	103.533336	3.9566879999999998	-0.04413744752554605	104.852232	1.9783439999999999	-0.11907198714147382	
17A	2	b	114.084504	117.381744	114.084504	3.297240000000002	-0.03814169003872747	115.4034	1.648620000000001	-0.10948513202382215	
17A	2	b	118.041192	122.657328	121.338432	4.616136000000012	-0.06569996092488362	120.019536	2.308068000000006	-0.22328619895917545	
17A	2	b	124.635672	126.614016	124.635672	1.978344000000007	-0.05084193222923883	125.29512	0.9891720000000035	-0.06945524606910802	
17A	2	b	138.48408	147.056904	144.419112	8.572823999999997	-0.1003784860242698	142.440768	4.286411999999999	-0.6961387197946929	
17A	2	b	147.716352	149.694696	149.035248	1.9783439999999928	-0.043146336669633634	148.3758	0.9891719999999964	-0.08042534112347988	
17A	2	b	150.354144	157.608072	151.013592	7.253928000000002	-0.0561442346693477	153.651384	3.626964000000001	-0.3395724617509417	
17A	2	b	158.26752	163.543104	161.56476	5.275584000000009	-0.096685895192409	160.905312	2.6377920000000046	-0.47596431400011596	
17A	2	b	164.202552	170.797032	166.840344	6.594480000000004	-0.20735097111696055	167.499792	3.297240000000002	-1.1268269572177396	
17A	2	b	171.45648	180.688752	173.434824	9.232271999999995	-0.2534623428063556	176.072616	4.616135999999997	-1.8231993580549355	
17A	2	b	184.64544	194.53716	191.23992	9.891719999999992	-0.33738223846740567	189.261576	4.945859999999996	-2.2843423961913274	
17A	2	b	195.196608	201.791088	197.174952	6.594480000000004	-0.34363060906111365	198.493848	3.297240000000002	-1.8458918681820957	
17A	2	b	202.450536	205.747776	204.42888	3.297239999999988	-0.0792761223783276	203.769432	1.648619999999994	-0.23207497019989765	
17A	2	b	206.407224	213.001704	210.363912	6.594479999999976	-0.27747776941531654	209.704464	3.297239999999988	-1.8616728541827114	
17A	2	b	215.639496	218.936736	216.298944	3.297239999999988	-0.22979389970250264	216.958392	1.648619999999994	-0.7617290431461106	
17A	2	b	220.91508	230.147352	222.893424	9.232272000000023	-0.21912288872432573	225.531216	4.616136000000012	-1.7164538423100635	
17A	2	b	230.8068	253.88748	247.293	23.08068	-0.15997823868508343	242.017416	11.54034	-3.490081307237971	
17A	2	b	254.546928	257.18472	255.206376	2.637792000000019	-0.07378199458613821	255.865824	1.3188960000000094	-0.1704671401253084	
17A	2	b	257.844168	263.7792	261.141408	5.935031999999978	-0.0845074812160056	260.48196	2.967515999999989	-0.44766689342540067	
17A	2	b	264.438648	269.054784	267.07644	4.616135999999983	-0.12449853564030455	266.416992	2.3080679999999916	-0.41986356784177814	
17A	2	b	269.714232	272.352024	270.37368	2.6377919999999904	-0.05392995469241191	271.033128	1.3188959999999952	-0.09809631761291149	
17A	2	b	279.605952	281.584296	280.924848	1.9783439999999928	-0.014521125468578422	280.2654	0.9891719999999964	-0.022233274694021032	
17A	2	b	283.56264	289.497672	286.85988	5.935032000000035	-0.07192723064309936	286.200432	2.9675160000000176	-0.2632098754784218	
17A	2	b	290.15712	307.302768	294.113808	17.145647999999994	-0.09424354494271947	298.729944	8.572823999999997	-0.8953616940565892	
17A	2	b	307.962216	309.94056	308.621664	1.9783439999999928	-0.02475057007692616	308.621664	0.9891719999999964	-0.0399100454986101	
17A	2	b	311.918904	323.12952	320.491728	11.210616000000016	-0.10294862546383365	317.194488	5.605308000000008	-0.8115924940054022	
17A	2	b	323.788968	328.405104	323.788968	4.616135999999983	-0.04208284731249057	325.767312	2.3080679999999916	-0.13238356214721936	
17A	2	b	333.02124	334.999584	333.02124	1.9783440000000496	-0.04729288563440903	333.680688	0.9891720000000248	-0.0426098542832285	
17A	2	b	336.977928	338.956272	338.296824	1.9783439999999928	-0.038990127585123435	337.637376	0.9891719999999964	-0.04891656609655004	
17A	2	b	339.61572	346.869648	344.891304	7.2539279999999735	-0.06080247940799888	342.91296	3.6269639999999868	-0.3430023627529133	
17A	2	b	348.847992	350.826336	350.166888	1.9783440000000496	-0.053034383963742826	349.50744	0.9891720000000248	-0.09198749251871874	
17A	2	b	356.10192	359.39916	358.080264	3.297239999999988	-0.026993286150343465	357.420816	1.648619999999994	-0.06403192002472147	
17A	2	b	362.6964	366.653088	365.334192	3.9566880000000424	-0.05699977821952329	364.674744	1.9783440000000212	-0.23437912212276735	
17A	2	b	371.269224	382.47984	375.225912	11.210616000000016	-0.22251690182972483	376.544808	5.605308000000008	-1.8970503885564807	
17A	2	b	384.458184	387.095976	384.458184	2.6377919999999904	-0.04368116846744341	385.77708	1.3188959999999952	-0.08588286866821271	
17A	2	b	387.755424	396.328248	390.393216	8.572823999999969	-0.16877157696697287	391.712112	4.286411999999984	-1.0000567238275253	
17A	2	b	396.987696	402.26328	398.306592	5.275583999999981	-0.06800327012648388	399.625488	2.6377919999999904	-0.2784105886538619	
17A	2	b	404.241624	408.85776	404.241624	4.616135999999983	-0.05664162463143718	406.219968	2.3080679999999916	-0.19780223571093303	
17A	2	b	409.517208	411.495552	409.517208	1.9783439999999928	-0.04998974930398248	410.176656	0.9891719999999964	-0.0461600194036913	
17A	2	b	414.792792	416.771136	416.111688	1.9783439999999928	-0.046099338827764846	415.45224	0.9891719999999964	-0.03992796448988023	
17A	2	b	418.74948	422.04672	419.408928	3.297239999999988	-0.056708568443493146	420.068376	1.648619999999994	-0.16141469094545435	
17A	2	b	424.684512	426.662856	426.003408	1.9783439999999928	-0.03570584086750461	425.34396	0.9891719999999964	-0.03907761279153532	
17A	2	b	427.322304	429.960096	427.322304	2.637792000000047	-0.022866285611511827	428.6412	1.3188960000000236	-0.04266940187906987	
17A	2	b	430.619544	434.576232	431.93844	3.9566879999999855	-0.14386401125867376	432.597888	1.9783439999999928	-0.43360097679749177	
17A	2	b	436.554576	455.678568	453.700224	19.123991999999987	-0.09689435416686809	445.786848	9.561995999999994	-1.4665766755306142	
17A	2	b	456.338016	458.31636	457.656912	1.9783439999999928	-0.030051685740185796	456.997464	0.9891719999999964	-0.03252646157545591	
17A	2	b	460.954152	464.91084	462.932496	3.9566879999999855	-0.045827322205775456	462.932496	1.9783439999999928	-0.17225725687110516	
17A	2	b	473.483664	479.418696	478.0998	5.935032000000035	-0.0964785100617056	476.121456	2.9675160000000176	-0.5272596777938736	
17A	2	b	480.078144	484.69428	480.078144	4.616135999999983	-0.034960545081716976	482.056488	2.3080679999999916	-0.10848332361701885	
17A	2	b	487.332072	491.28876	489.969864	3.9566880000000424	-0.06372462601002304	489.310416	1.9783440000000212	-0.24880062644815704	
17A	2	b	498.542688	501.18048	498.542688	2.6377919999999904	-0.07363530522652928	499.861584	1.3188959999999952	-0.14935122837228132	
17A	2	b	501.839928	507.77496	503.818272	5.935032000000035	-0.08901421089518191	504.47772	2.9675160000000176	-0.48015429455280945	
17A	2	b	508.434408	510.412752	508.434408	1.9783439999999928	-0.05070070617049449	509.093856	0.9891719999999964	-0.04713762983498104	
17A	2	b	511.0722	520.304472	516.347784	9.232272000000023	-0.12193511181788441	515.688336	4.616136000000012	-1.0694410219738084	
17A	2	b	520.96392	522.942264	521.623368	1.9783439999999928	-0.02657303098360142	521.623368	0.9891719999999964	-0.03664138230064351	
17A	2	b	528.217848	532.833984	528.877296	4.616135999999983	-0.07182043287767614	530.196192	2.3080679999999916	-0.2809503148196144	
17A	2	b	533.493432	543.385152	534.812328	9.891719999999964	-0.12449057292869581	538.109568	4.945859999999982	-1.257777761066116	
17A	2	b	548.001288	549.979632	548.660736	1.9783439999999928	-0.04498599273951154	548.660736	0.9891719999999964	-0.06823186859623265	
17A	2	b	551.957976	557.893008	555.914664	5.935031999999978	-0.18656538318193672	554.595768	2.967515999999989	-1.2422305784082672	
17A	2	b	558.552456	561.190248	559.871352	2.6377919999999904	-0.10460951316923506	559.871352	1.3188959999999952	-0.2183861483048648	
17A	2	b	563.82804	567.12528	565.146936	3.297239999999988	-0.1632162760962963	565.146936	1.648619999999994	-0.5029226413992856	
17A	2	b	567.784728	573.060312	569.763072	5.275583999999981	-0.2665745544973812	570.42252	2.6377919999999904	-1.1682430908722226	
17A	2	b	573.71976	578.995344	575.698104	5.275584000000094	-0.30283765358794223	576.357552	2.637792000000047	-1.1854813066239134	
17A	2	b	579.654792	586.90872	582.292584	7.2539279999999735	-0.3656873519871744	582.952032	3.6269639999999868	-1.9674175533418068	
17A	2	b	588.887064	591.524856	590.20596	2.6377919999999904	-0.12166307190417358	590.20596	1.3188959999999952	-0.2816532625008654	
17A	2	b	593.5032	597.459888	594.822096	3.9566879999999855	-0.1896922158077161	595.481544	1.9783439999999928	-0.6789705383394893	
18A	2	b	3.956688	6.59448	5.935032	2.6377919999999997	-0.059964154240877754	5.275584	1.3188959999999998	-0.12564377165823348	
18A	2	b	7.253928	17.805096	13.18896	10.551167999999999	-0.3553940594421987	12.529512	5.275583999999999	-3.909512695960462	
18A	2	b	18.464544	22.421232	18.464544	3.9566879999999998	-0.10170562442898445	20.442888	1.9783439999999999	-0.31629745693948497	
18A	2	b	23.08068	30.334608	24.399576	7.253927999999998	-0.2194710729124325	26.37792	3.626963999999999	-1.6648783332237274	
18A	2	b	30.994056	40.885776	32.312952	9.89172	-0.35408787858895163	35.610192	4.94586	-1.8815499162828493	
18A	2	b	44.183016	58.031424	51.436944	13.848408	-0.18398307188657625	50.777496	6.924204	-1.7641832698588165	
18A	2	b	58.690872	65.285352	63.307008	6.594480000000004	-0.10467605435451821	61.988112	3.297240000000002	-0.436879657122089	
18A	2	b	65.9448	70.560936	68.582592	4.616135999999997	-0.056363707739226054	67.923144	2.3080679999999987	-0.22900197130226596	
18A	2	b	71.220384	81.771552	74.517624	10.551168000000004	-0.11571373123554674	76.495968	5.275584000000002	-0.8696026938816597	
18A	2	b	82.431	87.706584	85.72824	5.275584000000009	-0.05461924465858248	85.068792	2.6377920000000046	-0.24306857059564435	
18A	2	b	88.366032	98.9172	97.598304	10.55116799999999	-0.06245788806662711	93.641616	5.275583999999995	-0.5802799686889271	
18A	2	b	102.21444	109.468368	104.192784	7.253928000000002	-0.08714626116587265	105.51168	3.626964000000001	-0.3824654839377002	
18A	2	b	114.084504	117.381744	115.4034	3.297240000000002	-0.056136156775617785	115.4034	1.648620000000001	-0.13740332911132702	
18A	2	b	119.360088	121.99788	120.019536	2.6377919999999904	-0.07799865070709133	120.678984	1.3188959999999952	-0.1504399989046019	
18A	2	b	125.29512	129.911256	127.273464	4.616136000000012	-0.08839013106654203	127.273464	2.308068000000006	-0.31568816145869416	
18A	2	b	133.208496	143.759664	139.802976	10.55116799999999	-0.10846586011702541	138.48408	5.275583999999995	-0.8885770841421989	
18A	2	b	144.419112	147.056904	146.397456	2.6377919999999904	-0.0702363764080225	145.738008	1.3188959999999952	-0.1149179749326128	
18A	2	b	147.716352	149.694696	149.035248	1.9783439999999928	-0.0631138049167208	148.3758	0.9891719999999964	-0.07847717117878883	
18A	2	b	151.67304	168.818688	160.245864	17.145648000000023	-0.22524746717873256	160.245864	8.572824000000011	-3.074521172541788	
18A	2	b	169.478136	177.391512	172.115928	7.9133759999999995	-0.08849789737314495	173.434824	3.9566879999999998	-0.5503780364733106	
18A	2	b	178.05096	189.921024	185.304888	11.870063999999985	-0.14600083101132189	183.985992	5.9350319999999925	-1.2846770379517984	
18A	4	a	191.899368	194.53716	193.218264	2.6377919999999904	0.06518831208058762	193.218264	1.3188959999999952	0.1148565297693045	
18A	2	b	195.196608	197.174952	196.515504	1.9783439999999928	-0.04969874614451797	195.856056	0.9891719999999964	-0.06585196806168803	
18A	2	b	199.812744	202.450536	200.472192	2.6377919999999904	-0.1457899601613164	201.13164	1.3188959999999952	-0.3539761279611595	
18A	2	b	204.42888	207.066672	205.088328	2.637792000000019	-0.1617133406423541	205.747776	1.3188960000000094	-0.29412183657740143	
18A	2	b	209.704464	214.980048	210.363912	5.275584000000009	-0.17192309109979131	212.342256	2.6377920000000046	-0.8121583435047537	
18A	2	b	216.958392	218.936736	216.958392	1.9783439999999928	-0.06076890523612777	217.61784	0.9891719999999964	-0.10432237658199983	
18A	4	a	219.596184	224.871768	224.21232	5.275584000000009	0.1399475341139329	222.233976	2.6377920000000046	0.5874020144968859	
18A	2	b	225.531216	230.147352	226.190664	4.616136000000012	-0.19327590285095875	227.50956	2.308068000000006	-0.7484308821744206	
18A	2	b	230.8068	237.40128	234.10404	6.594480000000004	-0.17684501738697866	234.10404	3.297240000000002	-0.9000739150197901	
18A	2	b	238.060728	245.314656	242.017416	7.253928000000002	-0.12228187832527171	241.357968	3.626964000000001	-0.49090944377854506	
18A	2	b	245.974104	250.59024	248.611896	4.616135999999983	-0.1123654583603173	247.952448	2.3080679999999916	-0.48826535178994823	
18A	2	b	252.568584	263.119752	259.163064	10.551168000000018	-0.19103578780460673	257.844168	5.275584000000009	-1.6734910923102813	
18A	2	b	263.7792	269.714232	267.735888	5.935031999999978	-0.14600525534408604	266.416992	2.967515999999989	-0.469899553273041	
18A	2	b	271.692576	277.627608	273.67092	5.935032000000035	-0.08863444837792356	274.330368	2.9675160000000176	-0.4705775499752787	
18A	2	b	280.2654	284.881536	280.924848	4.616135999999983	-0.06758069981126535	282.243744	2.3080679999999916	-0.16709755973765983	
18A	2	b	285.540984	287.519328	286.200432	1.9783439999999928	-0.06345007463811436	286.200432	0.9891719999999964	-0.10156932428540566	
18A	2	b	289.497672	296.7516	294.773256	7.2539279999999735	-0.1159656132174316	292.794912	3.6269639999999868	-0.6047543289706889	
18A	2	b	297.411048	302.027184	298.729944	4.616135999999983	-0.1282977140228807	299.389392	2.3080679999999916	-0.5471335364580514	
18A	2	b	302.686632	304.664976	303.34608	1.9783440000000496	-0.030937936098820007	303.34608	0.9891720000000248	-0.045573359490509446	
18A	2	b	306.64332	309.94056	307.302768	3.297239999999988	-0.06789452886406133	307.962216	1.648619999999994	-0.16556381408361998	
18A	2	b	310.600008	313.2378	311.918904	2.6377919999999904	-0.09926789276976367	311.918904	1.3188959999999952	-0.18853212748307824	
18A	2	b	313.897248	317.194488	316.53504	3.297239999999988	-0.0789514023677782	315.216144	1.648619999999994	-0.11868796231143364	
18A	2	b	317.853936	321.151176	318.513384	3.297240000000045	-0.07251867252597943	319.172832	1.6486200000000224	-0.15461972972206262	
18A	2	b	321.810624	333.680688	329.724	11.870063999999957	-0.16089852172357988	327.745656	5.935031999999978	-1.428415894641156	
18A	2	b	334.340136	340.275168	334.999584	5.935032000000035	-0.06189334097443577	336.977928	2.9675160000000176	-0.18140409604248164	
18A	2	b	340.934616	349.50744	347.529096	8.572823999999969	-0.11484143356616716	344.891304	4.286411999999984	-0.6506832867008774	
18A	2	b	358.080264	361.377504	358.080264	3.297239999999988	-0.038463954850213256	359.39916	1.648619999999994	-0.08377608881432286	
18A	2	b	365.99364	368.631432	367.312536	2.6377919999999904	-0.04481713466431225	367.312536	1.3188959999999952	-0.1266597472857971	
18A	2	b	369.29088	377.863704	373.247568	8.572823999999969	-0.17691361321370325	373.247568	4.286411999999984	-0.9090783788612709	
18A	2	b	378.523152	383.798736	380.501496	5.275584000000038	-0.13780820101507496	381.160944	2.637792000000019	-0.5644820775472803	
18A	2	b	384.458184	395.009352	387.095976	10.551167999999961	-0.13544321541900795	389.733768	5.275583999999981	-1.2403850747422902	
18A	2	b	395.6688	406.879416	398.96604	11.210616000000016	-0.16284556327854594	400.944384	5.605308000000008	-1.744947957399468	
18A	2	b	408.85776	416.771136	412.155	7.913376000000028	-0.07003354102216841	412.814448	3.956688000000014	-0.4371510977175139	
18A	2	b	426.003408	434.576232	428.6412	8.572824000000026	-0.07477323380604162	429.960096	4.286412000000013	-0.4955948020815759	
18A	2	b	435.23568	438.53292	436.554576	3.297239999999988	-0.04675751506393011	436.554576	1.648619999999994	-0.12109234985767348	
18A	2	b	443.808504	456.997464	449.084088	13.188959999999952	-0.1099160501041867	450.402984	6.594479999999976	-1.07607302379864	
18A	2	b	460.954152	468.20808	462.932496	7.2539279999999735	-0.11616448533194434	464.251392	3.6269639999999868	-0.7441585774920707	
18A	2	b	468.867528	480.737592	471.50532	11.870064000000013	-0.11450880180367928	474.80256	5.935032000000007	-1.3414741376191464	
18A	2	b	481.39704	484.69428	482.715936	3.297239999999988	-0.10170607982727375	482.715936	1.648619999999994	-0.2963346544129377	
18A	2	b	485.353728	490.629312	487.332072	5.275584000000038	-0.0743768089602157	487.99152	2.637792000000019	-0.29694841450541265	
18A	2	b	491.28876	493.926552	491.948208	2.6377919999999904	-0.07048041601875576	492.607656	1.3188959999999952	-0.16980803938879285	
18A	2	b	494.586	505.137168	500.521032	10.551167999999961	-0.13663964653418637	499.861584	5.275583999999981	-0.7690528970677644	
18A	2	b	505.796616	507.77496	507.115512	1.9783440000000496	-0.044551606394570786	506.456064	0.9891720000000248	-0.038742446448463586	
18A	2	b	508.434408	510.412752	508.434408	1.9783439999999928	-0.028776336580834005	509.093856	0.9891719999999964	-0.02978408538344013	
18A	2	b	511.0722	513.050544	512.391096	1.978343999999936	-0.014657275547275805	511.731648	0.989171999999968	-0.016939279585216793	
18A	2	b	513.709992	516.347784	513.709992	2.6377919999999904	-0.042651270189128176	515.028888	1.3188959999999952	-0.06570222982728624	
18A	2	b	517.007232	520.96392	517.66668	3.9566879999999855	-0.07139295607436136	518.985576	1.9783439999999928	-0.3027209435293905	
18A	2	b	521.623368	524.920608	521.623368	3.297239999999988	-0.06776487485652449	522.942264	1.648619999999994	-0.18756007785479967	
18A	2	b	525.580056	533.493432	528.877296	7.913375999999971	-0.131153027915488	529.536744	3.9566879999999855	-0.9488733669547742	
18A	2	b	534.15288	542.725704	536.790672	8.572823999999969	-0.1519089234400175	538.109568	4.286411999999984	-0.8356327728216133	
18A	2	b	543.385152	549.979632	546.682392	6.59448000000009	-0.10159889653353149	546.682392	3.297240000000045	-0.6230413352733348	
18A	2	b	553.93632	556.574112	555.255216	2.6377919999999904	-0.015198060305392502	555.255216	1.3188959999999952	-0.027889428050107412	
18A	2	b	559.871352	563.168592	562.509144	3.297239999999988	-0.048033240314305115	561.190248	1.648619999999994	-0.13520778459285232	
18A	2	b	563.82804	571.741416	567.784728	7.913375999999971	-0.20428727557538773	567.784728	3.9566879999999855	-1.4960546259013576	
18A	2	b	572.400864	577.676448	575.038656	5.275584000000094	-0.1732047721802763	575.038656	2.637792000000047	-0.7916489248505469	
18A	2	b	579.654792	588.227616	580.973688	8.572823999999969	-0.2387483022918433	583.61148	4.286411999999984	-1.5591034166681959	
18A	2	b	588.887064	593.5032	590.865408	4.616135999999983	-0.16745314921145615	590.865408	2.3080679999999916	-0.6438883796172883	
18A	2	b	594.162648	598.119336	595.481544	3.9566879999999855	-0.08155154929406638	596.140992	1.9783439999999928	-0.24862017817831328	
18A	2	b	598.778784	600.09768	600.09768	1.3188959999999952	-0.08325951731871362	599.438232	0.6594479999999976	-0.017736394471582928	
19A	2	b	0.0	2.637792	0.0	2.637792	-0.04290289893339816	1.318896	1.318896	-0.08336289172328315	
19A	2	b	4.616136	6.59448	5.275584	1.9783439999999999	-0.038340329064279643	5.275584	0.9891719999999999	-0.07001880901335777	
19A	2	b	7.253928	9.232272	7.253928	1.9783439999999999	-0.039009244558344314	7.913376	0.9891719999999999	-0.05010590606849208	
19A	2	b	9.89172	19.78344	17.145648	9.89172	-0.4398947609604593	14.507856	4.94586	-3.685447992909589	
19A	4	a	23.740128	34.950744	28.356264	11.210616000000002	0.23810133193614602	29.015712	5.605308000000001	2.0832066003328764	
19A	2	b	36.929088	43.523568	41.545224	6.594479999999997	-0.07403677792250685	40.226328	3.2972399999999986	-0.3236762782394982	
19A	2	b	44.183016	67.263696	54.074736	23.080679999999994	-0.09961806772296455	55.393632	11.540339999999997	-1.9387276766791033	
19A	2	b	69.24204	72.53928	71.220384	3.297240000000002	-0.03817109093741289	70.560936	1.648620000000001	-0.11047457389438997	
19A	2	b	76.495968	78.474312	77.814864	1.9783439999999928	-0.01878822309581496	77.155416	0.9891719999999964	-0.02071906714789895	
19A	2	b	81.771552	84.409344	83.090448	2.6377920000000046	-0.0405816415370599	83.090448	1.3188960000000023	-0.09130719425774458	
19A	2	b	85.068792	89.02548	86.387688	3.9566879999999998	-0.032542099453290785	87.047136	1.9783439999999999	-0.10931809991029229	
19A	2	b	89.684928	105.51168	100.236096	15.826751999999999	-0.055069791029404236	97.598304	7.9133759999999995	-0.7228061119529441	
19A	2	b	106.171128	108.149472	107.490024	1.978344000000007	-0.03418370501246493	106.830576	0.9891720000000035	-0.04148965216270106	
19A	2	b	110.127816	129.911256	116.062848	19.783440000000013	-0.09230550142356542	120.019536	9.891720000000007	-1.69251298578148	
19A	2	b	137.165184	142.440768	141.121872	5.275583999999981	-0.05425482875621057	139.802976	2.6377919999999904	-0.22124836543285342	
19A	2	b	144.419112	147.716352	145.07856	3.297239999999988	-0.04104035523979288	145.738008	1.648619999999994	-0.08420868801007964	
19A	2	b	151.67304	162.883656	158.26752	11.210616000000016	-0.11776288723988282	156.948624	5.605308000000008	-0.8900306740650994	
19A	2	b	163.543104	169.478136	164.202552	5.935032000000007	-0.061555763459103296	166.180896	2.9675160000000034	-0.2828060350843744	
19A	2	b	170.137584	175.413168	172.775376	5.275584000000009	-0.07287149902537005	172.775376	2.6377920000000046	-0.24838398707147658	
19A	2	b	176.072616	189.921024	183.985992	13.848407999999978	-0.07305907397065203	182.667096	6.924203999999989	-0.8441190692822371	
19A	2	b	190.580472	194.53716	192.558816	3.956688000000014	-0.060892609853824275	192.558816	1.978344000000007	-0.24468019098610072	
19A	2	b	195.196608	200.472192	198.493848	5.275584000000009	-0.13006511567372625	197.8344	2.6377920000000046	-0.5859928145711648	
19A	2	b	201.13164	205.088328	203.109984	3.9566879999999855	-0.11990628270622405	203.109984	1.9783439999999928	-0.4257248875143349	
19A	2	b	207.066672	218.936736	215.639496	11.870063999999985	-0.14828907727165186	213.001704	5.9350319999999925	-1.5122557040895668	
19A	2	b	219.596184	230.147352	229.487904	10.551168000000018	-0.07312368844744466	224.871768	5.275584000000009	-0.44502125875993803	
19A	2	b	230.8068	232.785144	231.466248	1.9783439999999928	-0.018729303642975648	231.466248	0.9891719999999964	-0.02745963781866667	
19A	2	b	234.763488	246.633552	243.336312	11.870064000000013	-0.12549451978368564	240.69852	5.935032000000007	-1.2570697196659102	
19A	2	b	247.293	254.546928	249.930792	7.253928000000002	-0.07626817047034562	250.59024	3.626964000000001	-0.4273722773611266	
19A	2	b	255.206376	259.822512	255.865824	4.616136000000012	-0.028461012049313617	257.18472	2.308068000000006	-0.11003486690553377	
19A	2	b	260.48196	272.352024	263.119752	11.870063999999957	-0.07270567736658462	266.416992	5.935031999999978	-0.5838420425526625	
19A	2	b	274.330368	276.96816	274.989816	2.6377919999999904	-0.02457304316661446	275.649264	1.3188959999999952	-0.060324144851594985	
19A	2	b	278.946504	280.924848	278.946504	1.9783439999999928	-0.05000512968208293	279.605952	0.9891719999999964	-0.05526783904459287	
19A	2	b	281.584296	284.881536	283.56264	3.297239999999988	-0.02627725867349895	282.903192	1.648619999999994	-0.05175306653663547	
19A	2	b	285.540984	287.519328	285.540984	1.9783439999999928	-0.033314179063388405	286.200432	0.9891719999999964	-0.052256300094418284	
19A	2	b	290.816568	295.432704	292.135464	4.616135999999983	-0.05662491698438421	292.794912	2.3080679999999916	-0.2568997522518892	
19A	2	b	297.411048	300.04884	298.729944	2.6377919999999904	-0.03374149829336215	298.729944	1.3188959999999952	-0.06205318209584143	
19A	2	b	300.708288	307.302768	302.686632	6.594480000000033	-0.05625722862665672	304.005528	3.2972400000000164	-0.2656854875703283	
19A	2	b	307.962216	319.83228	310.600008	11.870064000000013	-0.051390068084922635	313.897248	5.935032000000007	-0.518119098144608	
19A	2	b	322.470072	325.107864	323.788968	2.6377919999999904	-0.036834495408446966	323.788968	1.3188959999999952	-0.08135326041358781	
19A	2	b	327.086208	329.064552	327.745656	1.9783439999999928	-0.05547450271119869	327.745656	0.9891719999999964	-0.08930707171833085	
19A	2	b	332.361792	336.977928	333.02124	4.61613600000004	-0.0378679153589756	334.340136	2.30806800000002	-0.13586030359199697	
19A	2	b	341.594064	343.572408	342.253512	1.9783439999999928	-0.019305120567686185	342.253512	0.9891719999999964	-0.02944102605251042	
19A	2	b	344.231856	348.847992	346.2102	4.616135999999983	-0.02606816602506523	346.2102	2.3080679999999916	-0.08747026851925299	
19A	2	b	351.485784	355.442472	352.80468	3.9566879999999855	-0.0272415765178593	353.464128	1.9783439999999928	-0.10192220611475933	
19A	2	b	357.420816	359.39916	358.739712	1.9783439999999928	-0.022278631577532515	358.080264	0.9891719999999964	-0.018679571179417653	
19A	2	b	360.058608	363.355848	362.036952	3.297239999999988	-0.04465760246731865	361.377504	1.648619999999994	-0.08142670649413986	
19A	2	b	365.99364	367.971984	365.99364	1.9783439999999928	-0.055407283057808954	366.653088	0.9891719999999964	-0.0625990775833909	
19A	2	b	368.631432	370.609776	369.950328	1.9783439999999928	-0.09666082332340631	369.29088	0.9891719999999964	-0.09467091562483843	
19A	2	b	377.863704	381.820392	380.501496	3.9566880000000424	-0.06435632372899391	379.842048	1.9783440000000212	-0.19481554338772633	
19A	2	b	382.47984	392.37156	386.436528	9.891719999999964	-0.1043918265908701	387.095976	4.945859999999982	-0.6923003242511276	
19A	2	b	395.6688	400.944384	398.96604	5.275584000000038	-0.053068252709990826	398.306592	2.637792000000019	-0.19277209763274072	
19A	4	a	401.603832	403.582176	401.603832	1.9783439999999928	0.003935538226648383	402.26328	0.9891719999999964	0.006475358078336102	
19A	2	b	404.241624	413.473896	410.176656	9.232272000000023	-0.0667480556930915	408.85776	4.616136000000012	-0.4724783580143215	
19A	2	b	415.45224	424.684512	420.068376	9.232271999999966	-0.046370900475777965	420.068376	4.616135999999983	-0.305452536326148	
19A	2	b	425.34396	429.300648	425.34396	3.9566880000000424	-0.02993956575683221	427.322304	1.9783440000000212	-0.07514545935775274	
19A	2	b	431.278992	435.23568	431.93844	3.9566879999999855	-0.048810047256758526	433.257336	1.9783439999999928	-0.1479976758794923	
19A	2	b	435.895128	437.873472	435.895128	1.9783439999999928	-0.031586109695629805	436.554576	0.9891719999999964	-0.051172758719148836	
19A	2	b	438.53292	440.511264	439.192368	1.9783439999999928	-0.06135594807536515	439.192368	0.9891719999999964	-0.07313369863489516	
19A	2	b	441.170712	447.765192	441.170712	6.594480000000033	-0.04068015852122464	444.467952	3.2972400000000164	-0.24771377709042608	
19A	2	b	449.743536	451.72188	449.743536	1.9783439999999928	-0.03050081605672439	450.402984	0.9891719999999964	-0.036748636222723174	
19A	2	b	452.381328	455.01912	453.700224	2.6377919999999904	-0.03102770662091725	453.700224	1.3188959999999952	-0.06403815373751387	
19A	2	b	455.678568	464.251392	461.6136	8.572824000000026	-0.06041975717533932	459.635256	4.286412000000013	-0.3882773150154706	
19A	2	b	464.91084	468.867528	466.889184	3.9566879999999855	-0.02651059442447945	466.889184	1.9783439999999928	-0.08797683675487833	
19A	2	b	473.483664	475.462008	473.483664	1.9783440000000496	-0.02156848841651282	474.143112	0.9891720000000248	-0.017144932785451594	
19A	2	b	476.121456	478.759248	476.780904	2.6377919999999904	-0.019106518188244603	477.440352	1.3188959999999952	-0.040731797267934855	
19A	2	b	479.418696	499.202136	493.926552	19.783439999999985	-0.08005059040647211	489.310416	9.891719999999992	-1.063635841298199	
19A	2	b	502.499376	504.47772	502.499376	1.9783439999999928	-0.03249302940579968	503.158824	0.9891719999999964	-0.03884000731147097	
19A	2	b	506.456064	509.753304	508.434408	3.297239999999988	-0.08344457715658526	507.77496	1.648619999999994	-0.16442380452566874	
19A	2	b	510.412752	520.304472	517.66668	9.89172000000002	-0.07383233962125457	515.028888	4.94586000000001	-0.7651363971455198	
19A	2	b	520.96392	524.26116	523.601712	3.297239999999988	-0.039524543807704315	522.282816	1.648619999999994	-0.1084467230758821	
19A	2	b	524.920608	530.85564	525.580056	5.935031999999978	-0.045409271394269535	527.5584	2.967515999999989	-0.2201691447883174	
19A	2	b	531.515088	536.131224	534.812328	4.616135999999983	-0.07349321945049336	533.493432	2.3080679999999916	-0.24145853434505815	
19A	2	b	536.790672	546.682392	541.406808	9.891720000000078	-0.07114289130401641	541.406808	4.945860000000039	-0.8134820946465557	
19A	2	b	547.34184	566.465832	563.168592	19.12399199999993	-0.07869235380691109	556.574112	9.561995999999965	-1.177854934655718	
19A	2	b	567.12528	575.698104	573.71976	8.572823999999969	-0.11332820881723116	571.081968	4.286411999999984	-0.7755390937541327	
19A	2	b	576.357552	580.31424	577.676448	3.9566879999999855	-0.0947493987905621	578.335896	1.9783439999999928	-0.381804782386987	
19A	4	a	580.973688	582.952032	581.633136	1.9783439999999928	0.03946577659863282	581.633136	0.9891719999999964	0.05710451300709618	
19A	2	b	584.930376	600.09768	600.09768	15.167303999999945	-0.20433750707043075	592.184304	7.583651999999972	-1.758789408625582	
