										Kaede_Unfed#10_Cloaca_evts_formatted.txt
ROI	Quadrant	Direction	Start time (s)	End time (s)	Peak time (s)	Duration (s)	Amplitude	Midpoint (s)	Half Duration(s)	AUC
17A	2	b	4.616136	6.59448	5.275584	1.9783439999999999	-0.07763466537461472	5.275584	0.9891719999999999	-0.1007105858696753	
17A	2	b	9.232272	15.167304	11.870064	5.935032	-0.07770563401055242	11.870064	2.967516	-0.3349735087907404	
17A	2	b	15.826752	20.442888	18.464544	4.616135999999999	-0.10754817824367535	17.805096	2.3080679999999996	-0.45443219031960647	
17A	2	b	21.102336	23.740128	23.08068	2.6377919999999975	-0.050308925748859146	22.421232	1.3188959999999987	-0.08580153720328987	
17A	2	b	24.399576	26.37792	25.059024	1.9783439999999999	-0.08460505283458364	25.059024	0.9891719999999999	-0.1450937231185252	
17A	2	b	28.356264	32.9724	32.312952	4.616136000000001	-0.05519127247711353	30.334608	2.3080680000000005	-0.2424900518212807	
17A	2	b	34.950744	38.907432	37.588536	3.9566879999999998	-0.08819813414685296	36.929088	1.9783439999999999	-0.24168347547168523	
17A	2	b	40.885776	46.820808	44.183016	5.935032	-0.13629509092359893	43.523568	2.967516	-0.4814018759031313	
17A	2	b	49.4586	56.05308	50.777496	6.594480000000004	-0.14051472881696103	52.75584	3.297240000000002	-0.6118652350371261	
17A	2	b	56.712528	63.966456	60.009768	7.253928000000002	-0.09648630634675737	60.009768	3.626964000000001	-0.6160114287508454	
17A	2	b	65.9448	74.517624	68.582592	8.572823999999997	-0.11503705185088986	69.901488	4.286411999999999	-0.8989379899706083	
17A	2	b	79.13376	84.409344	80.452656	5.275584000000009	-0.04054220012637	81.771552	2.6377920000000046	-0.15397327304580966	
17A	2	b	86.387688	94.301064	90.344376	7.9133759999999995	-0.11943392945645215	90.344376	3.9566879999999998	-0.7882032751753449	
17A	2	b	101.554992	104.852232	101.554992	3.297240000000002	-0.10378821110319691	102.873888	1.648620000000001	-0.2410539353660499	
17A	2	b	105.51168	114.084504	112.10616	8.572823999999997	-0.11372487573973356	109.468368	4.286411999999999	-0.7964000533241689	
17A	2	b	116.062848	122.657328	118.041192	6.594480000000004	-0.07983387066769154	119.360088	3.297240000000002	-0.49007069222155497	
17A	2	b	124.635672	131.8896	128.59236	7.253928000000002	-0.06835124191215858	127.932912	3.626964000000001	-0.3539259910852772	
17A	2	b	134.527392	136.505736	134.527392	1.9783440000000212	-0.04175374449482927	135.18684	0.9891720000000106	-0.04933386159938635	
17A	2	b	138.48408	145.07856	143.100216	6.594480000000004	-0.12637424722484258	141.78132	3.297240000000002	-0.7471515129230144	
17A	2	b	145.738008	148.3758	147.716352	2.6377919999999904	-0.0347160319402553	147.056904	1.3188959999999952	-0.0702285830895395	
17A	2	b	149.035248	154.97028	149.035248	5.935032000000007	-0.10845240245491716	151.67304	2.9675160000000034	-0.3158813776917029	
17A	2	b	155.629728	163.543104	157.608072	7.9133759999999995	-0.07051833740338065	159.586416	3.9566879999999998	-0.4158511511721361	
17A	2	b	165.521448	173.434824	166.180896	7.9133759999999995	-0.054167694880204564	169.478136	3.9566879999999998	-0.40416019748940357	
17A	2	b	174.094272	181.3482	176.732064	7.253928000000002	-0.09085369967322432	177.391512	3.626964000000001	-0.6287171385181214	
17A	2	b	182.007648	185.304888	182.667096	3.2972400000000164	-0.03130804143217869	183.326544	1.6486200000000082	-0.06534778102066907	
17A	2	b	187.283232	190.580472	189.261576	3.297239999999988	-0.03260498053725858	188.602128	1.648619999999994	-0.09577788301254353	
17A	2	b	193.218264	196.515504	193.218264	3.297239999999988	-0.06803887475502535	194.53716	1.648619999999994	-0.18664337533412967	
17A	2	b	197.174952	202.450536	199.153296	5.275584000000009	-0.1315635081317783	199.812744	2.6377920000000046	-0.6409766089594324	
17A	2	b	203.109984	220.255632	211.682808	17.145647999999994	-0.15463934386014078	211.682808	8.572823999999997	-2.552281505698632	
17A	2	b	222.893424	229.487904	225.531216	6.594479999999976	-0.1124897551012154	226.190664	3.297239999999988	-0.731255232773012	
17A	2	b	230.147352	243.99576	236.082384	13.848407999999978	-0.20474415867194917	236.741832	6.924203999999989	-2.3045556270355765	
17A	2	b	244.655208	246.633552	244.655208	1.9783440000000212	-0.03729159116449576	245.314656	0.9891720000000106	-0.044188786988831996	
17A	2	b	247.293	253.88748	251.909136	6.594480000000004	-0.08199456996610088	250.59024	3.297240000000002	-0.5160642130737552	
17A	2	b	261.141408	263.119752	261.141408	1.9783439999999928	-0.04029298188686514	261.800856	0.9891719999999964	-0.05907585710795038	
17A	2	b	263.7792	266.416992	264.438648	2.6377919999999904	-0.10783615074510244	265.098096	1.3188959999999952	-0.19750324117482654	
17A	2	b	267.07644	280.924848	279.605952	13.848408000000006	-0.2321421549781828	273.67092	6.924204000000003	-2.765463577873102	
17A	2	b	282.903192	290.15712	284.881536	7.25392800000003	-0.25500232032841375	286.200432	3.626964000000015	-1.8483712631985907	
17A	2	b	290.816568	298.729944	296.092152	7.913375999999971	-0.22949686664468594	294.773256	3.9566879999999855	-1.4272666573531425	
17A	2	b	299.389392	307.962216	306.64332	8.572824000000026	-0.2944143999124247	303.34608	4.286412000000013	-2.1459775182622547	
17A	2	b	308.621664	317.194488	314.556696	8.572823999999969	-0.40668619111612614	312.578352	4.286411999999984	-2.9089512043977512	
17A	2	b	317.853936	325.767312	322.470072	7.913376000000028	-0.45294346965555743	321.810624	3.956688000000014	-2.836231651649641	
17A	2	b	326.42676	334.340136	328.405104	7.913375999999971	-0.3096360178935216	330.383448	3.9566879999999855	-2.1564475740452704	
17A	2	b	334.999584	346.869648	342.91296	11.870063999999957	-0.20078468983182152	340.934616	5.935031999999978	-1.690735025503023	
17A	2	b	347.529096	350.166888	347.529096	2.6377919999999904	-0.0871420097713429	348.847992	1.3188959999999952	-0.22553722027104328	
17A	2	b	350.826336	358.739712	355.442472	7.913375999999971	-0.28020691736198167	354.783024	3.9566879999999855	-2.106739384397352	
17A	2	b	359.39916	371.269224	365.334192	11.870064000000013	-0.42861150609548826	365.334192	5.935032000000007	-5.09346707018196	
17A	2	b	374.566464	379.842048	375.88536	5.275583999999981	-0.2349256236445374	377.204256	2.6377919999999904	-1.0609665219804016	
17A	2	b	380.501496	391.712112	387.755424	11.210616000000016	-0.3151496736042967	385.77708	5.605308000000008	-3.772394883082699	
17A	2	b	392.37156	402.26328	396.328248	9.89172000000002	-0.3269455093923188	396.987696	4.94586000000001	-2.9343868384424434	
17A	2	b	402.922728	410.176656	407.538864	7.2539279999999735	-0.19056285703897835	406.219968	3.6269639999999868	-1.0432116429199647	
17A	2	b	412.155	416.771136	412.814448	4.61613600000004	-0.14172448126258352	414.133344	2.30806800000002	-0.5192108521705636	
17A	2	b	418.74948	423.365616	421.387272	4.616135999999983	-0.16857758153970792	420.727824	2.3080679999999916	-0.8073813382924815	
17A	2	b	424.025064	439.851816	430.619544	15.826751999999999	-0.11010445600228191	431.93844	7.9133759999999995	-1.5037647696799237	
17A	2	b	442.489608	446.446296	443.808504	3.9566880000000424	-0.06309214866960033	444.467952	1.9783440000000212	-0.16761309225681442	
17A	2	b	448.42464	451.062432	448.42464	2.6377919999999904	-0.09327721704436343	449.743536	1.3188959999999952	-0.19403820555053342	
17A	2	b	451.72188	458.975808	454.359672	7.2539279999999735	-0.19860165064688662	455.01912	3.6269639999999868	-1.118472670576741	
17A	2	b	459.635256	467.548632	462.273048	7.913375999999971	-0.2760988836775864	463.591944	3.9566879999999855	-1.8505755666509516	
17A	2	b	468.20808	470.845872	468.867528	2.6377919999999904	-0.09998152454831466	469.526976	1.3188959999999952	-0.2077059457736521	
17A	2	b	471.50532	474.143112	472.824216	2.6377919999999904	-0.058750128019237735	472.824216	1.3188959999999952	-0.09561622423316463	
17A	2	b	474.80256	481.39704	477.440352	6.594479999999976	-0.22727025431724623	478.0998	3.297239999999988	-1.3222460930895377	
17A	2	b	482.056488	492.607656	487.99152	10.551168000000018	-0.31428310831429407	487.332072	5.275584000000009	-2.745308386170268	
17A	2	b	493.267104	497.223792	495.904896	3.9566879999999855	-0.1549092129987235	495.245448	1.9783439999999928	-0.6036430853913215	
17A	2	b	500.521032	504.47772	502.499376	3.9566879999999855	-0.12394888304995799	502.499376	1.9783439999999928	-0.4699797165601205	
17A	2	b	507.115512	517.007232	511.731648	9.89172000000002	-0.20434597391816478	511.731648	4.94586000000001	-2.000798734244459	
17A	2	b	517.66668	526.239504	520.304472	8.572823999999969	-0.16326042566723675	521.623368	4.286411999999984	-1.3085776652197634	
17A	2	b	528.877296	536.790672	534.812328	7.913375999999971	-0.16199910835653775	532.833984	3.9566879999999855	-1.1642195968709523	
17A	2	b	537.45012	552.617424	546.022944	15.167304000000058	-0.20212591372665045	544.704048	7.583652000000029	-2.3049373603799124	
17A	2	b	553.276872	567.12528	562.509144	13.84840799999995	-0.2848359222415482	559.871352	6.924203999999975	-3.413339166910655	
17A	2	b	567.784728	577.017	569.103624	9.23227200000008	-0.28919958831711856	572.400864	4.61613600000004	-1.9231905635158837	
17A	2	b	577.676448	580.31424	578.995344	2.6377919999999904	-0.06945185473958482	578.995344	1.3188959999999952	-0.10837687019473075	
17A	2	b	580.973688	600.09768	600.09768	19.12399199999993	-0.6269024602639099	590.20596	9.561995999999965	-7.698157041755783	
18A	2	b	3.29724	13.848408	11.210616	10.551167999999999	-0.15885839891046638	8.572824	5.275583999999999	-1.179538844057047	
18A	4	a	14.507856	18.464544	15.826752	3.9566879999999998	0.06279649366644824	16.4862	1.9783439999999999	0.1373282280714323	
18A	2	b	20.442888	39.56688	34.291296	19.123991999999998	-0.1652797094549454	29.67516	9.561995999999999	-2.4057760856487342	
18A	2	b	40.226328	44.183016	40.226328	3.9566879999999998	-0.09828244068620506	42.204672	1.9783439999999999	-0.3568356787051543	
18A	2	b	50.118048	56.05308	54.734184	5.935032	-0.08862065389389207	52.75584	2.967516	-0.3248903469432993	
18A	2	b	56.712528	60.669216	57.371976	3.9566879999999998	-0.0802892684661276	58.690872	1.9783439999999999	-0.21383116929674983	
18A	2	b	65.285352	67.923144	66.604248	2.6377919999999904	-0.047945272033695474	66.604248	1.3188959999999952	-0.11095110395377583	
18A	2	b	68.582592	71.879832	70.560936	3.297239999999988	-0.07713440670759963	69.901488	1.648619999999994	-0.1424703315605449	
18A	2	b	79.13376	83.090448	81.112104	3.9566879999999998	-0.07800836247765508	81.112104	1.9783439999999999	-0.23747479598408527	
18A	2	b	83.749896	89.02548	87.047136	5.275583999999995	-0.058149159464243816	86.387688	2.6377919999999975	-0.2453659639292125	
18A	2	b	89.684928	103.533336	97.598304	13.848408000000006	-0.11955387155489738	96.279408	6.924204000000003	-0.998898833732129	
18A	2	b	104.192784	106.171128	105.51168	1.9783439999999928	-0.0632200699389549	104.852232	0.9891719999999964	-0.07634961761567571	
18A	2	b	106.830576	110.127816	108.149472	3.297240000000002	-0.07251909784615407	108.149472	1.648620000000001	-0.17571899350818687	
18A	2	b	110.787264	114.743952	110.787264	3.9566879999999998	-0.06354210295441742	112.765608	1.9783439999999999	-0.20508217943918994	
18A	2	b	117.381744	121.338432	119.360088	3.9566879999999998	-0.08319411878289351	119.360088	1.9783439999999999	-0.269288707163134	
18A	2	b	125.29512	131.8896	125.954568	6.594480000000004	-0.05649447630796045	128.59236	3.297240000000002	-0.2782061943071903	
18A	2	b	132.549048	135.846288	134.527392	3.297239999999988	-0.06417449253560514	133.867944	1.648619999999994	-0.16656627656557754	
18A	2	b	136.505736	143.100216	140.462424	6.594479999999976	-0.055579065738819544	139.802976	3.297239999999988	-0.2891604467579838	
18A	2	b	143.759664	146.397456	144.419112	2.637792000000019	-0.05809952458890599	145.07856	1.3188960000000094	-0.08620790947710599	
18A	2	b	147.056904	151.67304	149.035248	4.616135999999983	-0.0973019811592013	149.035248	2.3080679999999916	-0.2776835143555212	
18A	2	b	152.332488	155.629728	153.651384	3.297239999999988	-0.05119433702245724	153.651384	1.648619999999994	-0.12718687136833973	
18A	2	b	157.608072	159.586416	157.608072	1.9783440000000212	-0.022002030556220298	158.26752	0.9891720000000106	-0.03774875493052954	
18A	2	b	164.862	173.434824	169.478136	8.572823999999997	-0.06332186193631895	168.818688	4.286411999999999	-0.31253662774390123	
18A	2	b	174.094272	176.072616	174.75372	1.9783440000000212	-0.04272442380305286	174.75372	0.9891720000000106	-0.07088684768568831	
18A	2	b	178.05096	180.029304	178.05096	1.9783439999999928	-0.09319468437293521	178.710408	0.9891719999999964	-0.13845327488353454	
18A	2	b	180.688752	183.985992	180.688752	3.2972400000000164	-0.05282809019691026	182.007648	1.6486200000000082	-0.10398242041028882	
18A	2	b	184.64544	187.283232	184.64544	2.6377919999999904	-0.07298120512951911	185.964336	1.3188959999999952	-0.09346980471289212	
18A	2	b	191.899368	201.13164	196.515504	9.232271999999995	-0.11382856360040883	196.515504	4.616135999999997	-0.8843478520489829	
18A	2	b	201.791088	204.42888	203.109984	2.6377919999999904	-0.04950904987797111	203.109984	1.3188959999999952	-0.07401894616355675	
18A	2	b	207.72612	213.001704	211.02336	5.275583999999981	-0.060035438564303156	210.363912	2.6377919999999904	-0.23305291416116924	
18A	2	b	213.661152	215.639496	214.3206	1.9783440000000212	-0.04066586997489585	214.3206	0.9891720000000106	-0.06273688174212166	
18A	2	b	217.61784	219.596184	218.936736	1.9783439999999928	-0.0946435414041864	218.277288	0.9891719999999964	-0.15780325042482723	
18A	2	b	223.552872	234.763488	232.125696	11.210615999999987	-0.15252393019879218	228.828456	5.605307999999994	-1.3935968147665692	
18A	2	b	235.422936	241.357968	238.060728	5.935032000000007	-0.13155139133397498	238.060728	2.9675160000000034	-0.6490479468904629	
18A	4	a	244.655208	251.909136	247.952448	7.253928000000002	0.12811050165743332	247.952448	3.626964000000001	0.8544437035314507	
18A	4	a	252.568584	257.18472	255.206376	4.61613600000004	0.05464901965001889	254.546928	2.30806800000002	0.16558784685097638	
18A	2	b	263.7792	274.330368	267.735888	10.551168000000018	-0.08938545152286448	269.054784	5.275584000000009	-0.893912920414103	
18A	2	b	274.989816	277.627608	274.989816	2.6377919999999904	-0.0545092855685283	276.308712	1.3188959999999952	-0.12064015042101106	
18A	2	b	278.287056	285.540984	281.584296	7.2539279999999735	-0.25831135371664615	281.584296	3.6269639999999868	-1.158146616273016	
18A	2	b	286.200432	288.838224	287.519328	2.637792000000047	-0.09431463416447539	287.519328	1.3188960000000236	-0.20111274005685287	
18A	2	b	289.497672	294.113808	293.45436	4.616135999999983	-0.07694643328601014	291.476016	2.3080679999999916	-0.24846644819095953	
18A	2	b	294.773256	302.027184	298.729944	7.2539279999999735	-0.14267753944592965	298.070496	3.6269639999999868	-0.8490223701936812	
18A	2	b	302.686632	305.324424	304.664976	2.637792000000047	-0.058953504462926354	304.005528	1.3188960000000236	-0.09594527872862146	
18A	2	b	305.983872	311.918904	309.281112	5.935031999999978	-0.14890755929478328	308.621664	2.967515999999989	-0.40359871114242685	
18A	2	b	313.897248	327.745656	317.853936	13.848408000000006	-0.22038444457108497	320.491728	6.924204000000003	-2.2078675587444536	
18A	2	b	328.405104	334.340136	330.383448	5.935031999999978	-0.10529001192797605	331.042896	2.967515999999989	-0.4215461420228479	
18A	2	b	334.999584	344.231856	336.31848	9.232271999999966	-0.14976911784428015	339.61572	4.616135999999983	-0.7237345930323325	
18A	2	b	346.2102	350.826336	348.847992	4.61613600000004	-0.11506663845356613	348.188544	2.30806800000002	-0.4696577801006736	
18A	2	b	352.80468	359.39916	356.10192	6.594479999999976	-0.22024145039871357	356.10192	3.297239999999988	-1.3680576142246528	
18A	2	b	361.377504	373.907016	365.334192	12.529512000000011	-0.14118688634824128	367.312536	6.2647560000000055	-1.2117762201338356	
18A	2	b	374.566464	384.458184	379.842048	9.89172000000002	-0.32543153372393263	379.1826	4.94586000000001	-2.7390517619639283	
18A	2	b	386.436528	397.647144	391.712112	11.210616000000016	-0.16969808854818602	391.712112	5.605308000000008	-1.280726612667467	
18A	2	b	399.625488	408.85776	402.922728	9.232271999999966	-0.23497792263066675	404.241624	4.616135999999983	-1.196756992354627	
18A	2	b	409.517208	418.090032	414.133344	8.572824000000026	-0.11165744788438392	413.473896	4.286412000000013	-0.7243128869501936	
18A	2	b	418.74948	423.365616	420.068376	4.616135999999983	-0.08355932069475802	420.727824	2.3080679999999916	-0.26531929938116106	
18A	2	b	424.025064	427.322304	424.684512	3.297239999999988	-0.06069143677277111	425.34396	1.648619999999994	-0.17694675925381764	
18A	2	b	431.278992	437.214024	435.895128	5.935031999999978	-0.07239231778374222	433.916784	2.967515999999989	-0.29379085909877345	
18A	2	b	437.873472	439.851816	438.53292	1.9783439999999928	-0.05487796458177563	438.53292	0.9891719999999964	-0.09259309191061371	
18A	2	b	441.83016	451.72188	444.467952	9.89172000000002	-0.1545747464628695	446.446296	4.94586000000001	-1.3823539475938498	
18A	2	b	452.381328	458.975808	453.700224	6.594479999999976	-0.2882855819501997	455.678568	3.297239999999988	-1.6248026894259846	
18A	2	b	462.932496	466.889184	464.251392	3.9566879999999855	-0.12710775734855773	464.91084	1.9783439999999928	-0.31699384792756824	
18A	2	b	467.548632	474.143112	468.867528	6.594479999999976	-0.1544090128679656	470.845872	3.297239999999988	-0.8319250842743946	
18A	2	b	478.0998	480.737592	478.0998	2.6377919999999904	-0.08352514072831152	479.418696	1.3188959999999952	-0.12726983035916462	
18A	2	b	481.39704	488.650968	485.353728	7.2539279999999735	-0.11275737768814054	484.69428	3.6269639999999868	-0.6296367784877126	
18A	2	b	489.310416	491.28876	489.969864	1.9783440000000496	-0.15554954271731436	489.969864	0.9891720000000248	-0.2652745603705484	
18A	2	b	493.267104	504.47772	499.202136	11.210615999999959	-0.20091644425738808	498.542688	5.6053079999999795	-1.6974853870787063	
18A	2	b	505.137168	515.028888	510.412752	9.891720000000078	-0.0998009285339414	509.753304	4.945860000000039	-0.9264202339329679	
18A	2	b	515.688336	520.96392	518.326128	5.275583999999981	-0.1121766274636462	518.326128	2.6377919999999904	-0.535074195149178	
18A	2	b	523.601712	526.239504	525.580056	2.6377919999999904	-0.052008742067903846	524.920608	1.3188959999999952	-0.07325356408646089	
18A	2	b	526.898952	528.877296	526.898952	1.9783439999999928	-0.05755826730448632	527.5584	0.9891719999999964	-0.06743541013723453	
18A	2	b	530.85564	535.471776	534.15288	4.616135999999983	-0.09075502806993008	532.833984	2.3080679999999916	-0.30991698134329715	
18A	2	b	536.131224	542.725704	538.109568	6.594479999999976	-0.11891662707563722	539.428464	3.297239999999988	-0.6518125101567689	
18A	2	b	543.385152	546.682392	544.0446	3.2972400000001016	-0.07212854817252357	544.704048	1.6486200000000508	-0.22220939146051233	
18A	2	b	547.34184	553.93632	549.979632	6.594479999999976	-0.250811725173548	550.63908	3.297239999999988	-1.2298157670310443	
18A	2	b	556.574112	569.103624	567.12528	12.529511999999954	-0.1774473736258182	562.509144	6.264755999999977	-2.1688242943809057	
18A	2	b	569.763072	574.379208	571.081968	4.616135999999983	-0.10617438774400156	571.741416	2.3080679999999916	-0.3927839470554044	
18A	2	b	576.357552	580.31424	578.335896	3.9566879999999855	-0.14819230013255869	578.335896	1.9783439999999928	-0.42924139459983435	
18A	2	b	580.973688	583.61148	581.633136	2.6377919999999904	-0.0846749869925052	582.292584	1.3188959999999952	-0.15754355297268452	
18A	2	b	584.270928	588.227616	585.589824	3.9566879999999855	-0.15643368504591404	586.249272	1.9783439999999928	-0.4717802948877714	
18A	2	b	592.843752	600.09768	597.459888	7.2539279999999735	-0.09773244540840409	596.140992	3.6269639999999868	-0.4897744729172526	
19A	2	b	0.0	3.29724	0.0	3.29724	-0.13152970714133172	1.318896	1.64862	-0.17493939844829676	
19A	2	b	3.956688	9.89172	6.59448	5.935032	-0.13795533959834572	6.59448	2.967516	-0.647970327323842	
19A	2	b	10.551168	13.848408	11.870064	3.2972399999999986	-0.15354138110756788	11.870064	1.6486199999999993	-0.5227790150378318	
19A	2	b	15.826752	21.761784	16.4862	5.935031999999998	-0.16413408544702213	18.464544	2.967515999999999	-0.7216938159938446	
19A	2	b	22.421232	27.037368	24.399576	4.616136000000001	-0.20971870486301603	24.399576	2.3080680000000005	-0.8206524102906037	
19A	2	b	27.696816	32.9724	29.67516	5.275584000000002	-0.14471575900302014	30.334608	2.637792000000001	-0.5963335845143878	
19A	2	b	33.631848	38.907432	36.26964	5.275584000000002	-0.17603057600569239	36.26964	2.637792000000001	-0.8293465344795945	
19A	2	b	39.56688	47.480256	44.842464	7.9133759999999995	-0.2062411458986424	43.523568	3.9566879999999998	-1.1739315937355361	
19A	2	b	48.139704	54.074736	51.436944	5.935032	-0.15273837565124015	50.777496	2.967516	-0.7747789568693675	
19A	2	b	54.734184	62.64756	60.009768	7.9133759999999995	-0.16674493269725232	58.690872	3.9566879999999998	-0.7233263636549627	
19A	2	b	63.307008	72.53928	65.9448	9.232272000000002	-0.12151857004468614	67.923144	4.616136000000001	-0.6753407950407833	
19A	2	b	73.198728	75.177072	73.858176	1.9783439999999928	-0.08000871746729299	73.858176	0.9891719999999964	-0.13975095747251043	
19A	2	b	75.83652	83.090448	81.112104	7.253928000000002	-0.19605205984733365	79.13376	3.626964000000001	-0.8913734126204769	
19A	2	b	83.749896	96.279408	87.047136	12.529511999999997	-0.2238275770859275	89.684928	6.264755999999998	-1.9792377802620165	
19A	2	b	100.895544	106.830576	104.192784	5.9350319999999925	-0.17295321150829412	103.533336	2.9675159999999963	-0.8525393145440368	
19A	2	b	107.490024	114.743952	111.446712	7.253927999999988	-0.2305794233904872	110.787264	3.626963999999994	-1.170933274712406	
19A	2	b	115.4034	121.99788	119.360088	6.59447999999999	-0.16095088258091916	118.70064	3.297239999999995	-0.8567292922179541	
19A	2	b	123.976224	129.251808	125.954568	5.275584000000009	-0.11712752505062873	126.614016	2.6377920000000046	-0.5325640473182736	
19A	2	b	129.911256	133.208496	131.230152	3.297239999999988	-0.07037615571231592	131.230152	1.648619999999994	-0.1350313330702202	
19A	2	b	133.867944	136.505736	134.527392	2.637792000000019	-0.13851535290009087	135.18684	1.3188960000000094	-0.3840978897301639	
19A	2	b	137.165184	144.419112	139.143528	7.253928000000002	-0.20689619605003617	140.462424	3.626964000000001	-1.2543539803715704	
19A	2	b	147.056904	152.991936	149.035248	5.935032000000007	-0.228139523219272	149.694696	2.9675160000000034	-1.0615130428082704	
19A	2	b	153.651384	162.883656	155.629728	9.232271999999995	-0.19507005087113294	158.26752	4.616135999999997	-1.7484958124063015	
19A	2	b	163.543104	172.775376	168.15924	9.232271999999995	-0.13058620144192545	168.15924	4.616135999999997	-1.1322833304867306	
19A	2	b	173.434824	180.029304	175.413168	6.594480000000004	-0.12153524986466024	176.732064	3.297240000000002	-0.6768464822076168	
19A	2	b	180.688752	187.283232	184.64544	6.594480000000004	-0.11729693183670609	183.985992	3.297240000000002	-0.670329049297506	
19A	2	b	191.23992	195.196608	193.877712	3.9566879999999855	-0.04816486221292271	193.218264	1.9783439999999928	-0.1600751704181791	
19A	2	b	199.153296	201.13164	199.812744	1.9783439999999928	-0.07465661706774318	199.812744	0.9891719999999964	-0.11306534507341093	
19A	2	b	201.791088	205.747776	203.769432	3.9566879999999855	-0.06634365235311401	203.769432	1.9783439999999928	-0.21311803353392533	
19A	2	b	206.407224	213.001704	210.363912	6.594479999999976	-0.07657266894130865	209.704464	3.297239999999988	-0.3825360580179842	
19A	2	b	213.661152	221.574528	218.277288	7.9133759999999995	-0.17389214366387584	217.61784	3.9566879999999998	-1.162763748036844	
19A	2	b	222.233976	230.8068	226.850112	8.572823999999997	-0.17430836504511715	226.190664	4.286411999999999	-1.1451509731988327	
19A	2	b	231.466248	238.060728	235.422936	6.594480000000004	-0.16244367194296094	234.763488	3.297240000000002	-0.9171298876366603	
19A	2	b	240.69852	246.633552	243.336312	5.935032000000007	-0.27899201786636985	243.336312	2.9675160000000034	-1.3948174254150856	
19A	2	b	247.293	257.18472	253.228032	9.89172000000002	-0.13901295962698823	251.909136	4.94586000000001	-1.068553214757328	
19A	2	b	257.844168	262.460304	258.503616	4.616135999999983	-0.13632335751931546	259.822512	2.3080679999999916	-0.6034371974814889	
19A	2	b	263.119752	269.714232	264.438648	6.594479999999976	-0.2714818628026565	266.416992	3.297239999999988	-1.460909994487383	
19A	2	b	270.37368	277.627608	274.989816	7.25392800000003	-0.1356110752887254	273.67092	3.626964000000015	-0.8255326563046386	
19A	2	b	280.2654	286.200432	280.2654	5.935031999999978	-0.25414686122910757	282.903192	2.967515999999989	-1.2578171678932215	
19A	2	b	286.85988	293.45436	292.135464	6.594480000000033	-0.2616731618024577	290.15712	3.2972400000000164	-1.6904413653125006	
19A	2	b	294.113808	305.324424	297.411048	11.210616000000016	-0.36790024343867067	299.389392	5.605308000000008	-3.4712764760566883	
19A	2	b	307.302768	313.2378	307.302768	5.935031999999978	-0.4172090025557571	309.94056	2.967515999999989	-2.0444658998472347	
19A	2	b	315.875592	318.513384	315.875592	2.6377919999999904	-0.29599996809826745	317.194488	1.3188959999999952	-0.4855992798409716	
19A	2	b	322.470072	329.724	324.448416	7.2539279999999735	-0.4729131370569126	325.767312	3.6269639999999868	-2.8312581080257844	
19A	2	b	330.383448	337.637376	332.361792	7.25392800000003	-0.5255205067446815	333.680688	3.626964000000015	-3.3578995403979093	
19A	2	b	338.296824	343.572408	340.275168	5.275583999999981	-0.4014062523191315	340.934616	2.6377919999999904	-1.7180326623781657	
19A	4	a	346.2102	349.50744	348.188544	3.297239999999988	0.09857437393221069	347.529096	1.648619999999994	0.3044613865026733	
19A	2	b	350.166888	352.80468	350.166888	2.637792000000047	-0.3668983784996178	351.485784	1.3188960000000236	-0.8409243857346389	
19A	2	b	354.783024	361.377504	356.761368	6.594479999999976	-0.3417623403870449	358.080264	3.297239999999988	-2.2041513720441905	
19A	2	b	362.036952	365.99364	364.015296	3.9566880000000424	-0.20711788872477044	364.015296	1.9783440000000212	-0.7447413983358251	
19A	4	a	366.653088	368.631432	367.312536	1.9783439999999928	0.10234911871036712	367.312536	0.9891719999999964	0.1298467672325616	
19A	2	b	369.29088	375.88536	370.609776	6.594479999999976	-0.37897901151835356	372.58812	3.297239999999988	-1.5693480406444937	
19A	2	b	376.544808	379.1826	377.204256	2.6377919999999904	-0.23320354608850424	377.863704	1.3188959999999952	-0.5100952352161396	
19A	2	b	379.842048	386.436528	383.139288	6.594480000000033	-0.17725924324639797	383.139288	3.2972400000000164	-0.8993944910785234	
19A	2	b	387.095976	391.712112	389.733768	4.616135999999983	-0.21923203464315888	389.07432	2.3080679999999916	-0.8052986323575988	
19A	2	b	392.37156	396.987696	394.349904	4.61613600000004	-0.22541064852117554	394.349904	2.30806800000002	-0.8237640603964533	
19A	4	a	397.647144	399.625488	398.306592	1.9783439999999928	0.03608016857330121	398.306592	0.9891719999999964	0.04460264023508653	
19A	2	b	400.284936	403.582176	400.284936	3.297239999999988	-0.2722638862063853	401.603832	1.648619999999994	-0.3862315197329762	
19A	2	b	404.241624	406.219968	404.241624	1.9783439999999928	-0.06739829323552016	404.901072	0.9891719999999964	-0.10413645166501762	
19A	2	b	406.879416	410.176656	407.538864	3.297239999999988	-0.16770828852072883	408.198312	1.648619999999994	-0.4351951604041533	
19A	2	b	412.155	420.068376	416.111688	7.913376000000028	-0.16720402165609682	416.111688	3.956688000000014	-0.801004421388495	
19A	2	b	420.727824	424.025064	422.706168	3.297239999999988	-0.13602075344891107	422.04672	1.648619999999994	-0.4047549042990275	
19A	2	b	424.684512	426.662856	426.003408	1.9783439999999928	-0.02902196616560948	425.34396	0.9891719999999964	-0.03780053326917465	
19A	2	b	428.6412	434.576232	430.619544	5.935031999999978	-0.10458263268055079	431.278992	2.967515999999989	-0.5097208244989511	
19A	4	a	435.23568	437.214024	436.554576	1.9783439999999928	0.0443515431590189	435.895128	0.9891719999999964	0.055056996823047655	
19A	2	b	437.873472	441.83016	439.851816	3.9566879999999855	-0.06186860073712719	439.851816	1.9783439999999928	-0.2447909012966627	
19A	2	b	443.808504	446.446296	444.467952	2.6377919999999904	-0.0777251876874896	445.1274	1.3188959999999952	-0.2135603405343265	
19A	2	b	447.105744	454.359672	449.743536	7.2539279999999735	-0.3511421128453547	450.402984	3.6269639999999868	-1.9737707331883714	
19A	2	b	455.01912	462.273048	458.31636	7.25392800000003	-0.49689258528508695	458.31636	3.626964000000015	-3.2672385155865244	
19A	2	b	464.251392	470.186424	465.570288	5.935031999999978	-0.5419353163646097	466.889184	2.967515999999989	-2.997864342597664	
19A	2	b	472.164768	476.780904	472.824216	4.61613600000004	-0.40599038175647273	474.143112	2.30806800000002	-1.570202884203564	
19A	2	b	479.418696	481.39704	479.418696	1.9783439999999928	-0.07402561202889535	480.078144	0.9891719999999964	-0.05276714991492204	
19A	2	b	482.056488	489.310416	487.332072	7.2539279999999735	-0.4402031273348257	485.353728	3.6269639999999868	-2.883961116993035	
19A	2	b	491.28876	495.904896	491.28876	4.616135999999983	-0.3719147652813639	493.267104	2.3080679999999916	-1.2215550949033243	
19A	2	b	496.564344	499.861584	497.223792	3.297239999999988	-0.1366074894222309	497.88324	1.648619999999994	-0.46592197913327915	
19A	2	b	503.158824	505.796616	503.158824	2.6377919999999904	-0.1953153180066125	504.47772	1.3188959999999952	-0.2481006095725209	
19A	2	b	506.456064	510.412752	508.434408	3.9566879999999855	-0.1796497207934662	508.434408	1.9783439999999928	-0.5699108786321223	
19A	2	b	512.391096	516.347784	513.709992	3.9566880000000992	-0.1910266034738708	514.36944	1.9783440000000496	-0.5280964208613896	
19A	2	b	517.007232	522.942264	518.326128	5.935031999999978	-0.2017517305159311	519.645024	2.967515999999989	-0.8478961536064096	
19A	2	b	523.601712	529.536744	524.920608	5.935031999999978	-0.14151399669005782	526.239504	2.967515999999989	-0.799178328095743	
19A	2	b	530.196192	536.790672	532.174536	6.594479999999976	-0.15063467078957204	533.493432	3.297239999999988	-0.8156064059076138	
19A	2	b	537.45012	547.34184	544.0446	9.891720000000078	-0.15690525310342007	542.066256	4.945860000000039	-1.2898668081509046	
19A	4	a	548.001288	549.979632	549.320184	1.9783439999999928	0.028574867401075732	548.660736	0.9891719999999964	0.04810288572973964	
19A	2	b	550.63908	557.23356	551.298528	6.594479999999976	-0.18997532050311694	553.93632	3.297239999999988	-0.6921206506724016	
19A	2	b	557.893008	562.509144	559.871352	4.616135999999983	-0.16163053901274527	559.871352	2.3080679999999916	-0.7575011840686574	
19A	2	b	563.168592	570.42252	565.806384	7.2539279999999735	-0.25093333534712503	566.465832	3.6269639999999868	-1.5089038110798647	
19A	2	b	571.081968	575.038656	572.400864	3.9566879999999855	-0.22861632974095647	573.060312	1.9783439999999928	-0.76291534202462	
19A	2	b	575.698104	578.995344	576.357552	3.2972400000001016	-0.14285732345699387	577.017	1.6486200000000508	-0.40389712285420964	
19A	2	b	582.292584	586.90872	583.61148	4.616135999999983	-0.21854364045079233	584.270928	2.3080679999999916	-0.6923167379276882	
19A	2	b	588.887064	600.09768	599.438232	11.210615999999959	-1.6246313699072696	594.162648	5.6053079999999795	-12.528893220361088	
