										Kaede_Unfed#15_Retrograde_evts_formatted.txt
ROI	Quadrant	Direction	Start time (s)	End time (s)	Peak time (s)	Duration (s)	Amplitude	Midpoint (s)	Half Duration(s)	AUC
1A	4	a	0.0	15.826752	0.0	15.826752	1.7969943010560723	7.913376	7.913376	9.617668674924845	
1A	2	b	16.4862	29.015712	18.464544	12.529512	-2.416748739763232	22.421232	6.264756	-18.67740664212113	
1A	4	a	29.67516	32.312952	30.994056	2.637792000000001	0.0871422261909256	30.994056	1.3188960000000005	0.1748518225722293	
1A	2	b	34.291296	52.096392	46.16136	17.805096	-1.822391029656794	42.86412	8.902548	-34.45031526830015	
1A	2	b	54.734184	102.873888	91.663272	48.139703999999995	-3.9375792258018913	78.474312	24.069851999999997	-74.87531296842076	
1A	2	b	108.149472	121.99788	112.10616	13.848407999999992	-0.7315227027018185	114.743952	6.924203999999996	-8.017856166962929	
1A	4	a	124.635672	127.273464	125.29512	2.6377920000000046	0.077814861384919	125.954568	1.3188960000000023	0.190777563733886	
1A	4	a	131.230152	141.121872	133.208496	9.891719999999992	0.07753357517765203	135.846288	4.945859999999996	0.6450411828868372	
1A	2	b	143.100216	180.029304	147.056904	36.92908800000001	-0.8368554046578698	161.56476	18.464544000000004	-11.767545757802395	
1A	2	b	180.688752	187.94268	180.688752	7.253928000000002	-0.10773280692709086	183.985992	3.626964000000001	-0.358672314141117	
1A	2	b	188.602128	190.580472	189.921024	1.9783439999999928	-0.034273149684421966	189.261576	0.9891719999999964	-0.059163592060164305	
1A	2	b	191.23992	195.856056	193.218264	4.616135999999983	-0.10621280586327408	193.218264	2.3080679999999916	-0.3452644682960351	
1A	2	b	196.515504	199.812744	199.153296	3.2972400000000164	-0.0842034689104274	197.8344	1.6486200000000082	-0.14062258707654074	
1A	2	b	201.791088	231.466248	228.169008	29.675160000000005	-0.36550776188933476	216.298944	14.837580000000003	-6.139614949815964	
1A	2	b	232.125696	268.395336	257.18472	36.26963999999998	-1.1584331769512897	249.930792	18.13481999999999	-12.968232199211801	
1A	2	b	269.054784	271.692576	269.054784	2.6377919999999904	-0.13954429970230997	270.37368	1.3188959999999952	-0.18887695425453543	
1A	2	b	272.352024	278.946504	276.308712	6.594480000000033	-0.09503633457723026	275.649264	3.2972400000000164	-0.4290749200268502	
1A	2	b	279.605952	288.838224	282.903192	9.232272000000023	-0.9422705780736891	284.222088	4.616136000000012	-5.798171718084632	
1A	4	a	291.476016	296.7516	292.135464	5.275583999999981	0.07313612575704198	294.113808	2.6377919999999904	0.26792589551646184	
1A	2	b	297.411048	300.04884	298.070496	2.6377919999999904	-0.05039463044571235	298.729944	1.3188959999999952	-0.09383103769657808	
1A	4	a	302.027184	305.324424	304.005528	3.297240000000045	0.1973589306807355	303.34608	1.6486200000000224	0.4600323992327242	
1A	2	b	305.983872	321.810624	308.621664	15.826751999999999	-1.693682980406523	313.897248	7.9133759999999995	-15.117698313915028	
1A	2	b	322.470072	325.107864	323.12952	2.6377919999999904	-0.08134046488356184	323.788968	1.3188959999999952	-0.17424861058038754	
1A	2	b	329.064552	331.042896	329.064552	1.9783439999999928	-0.10182751276336077	329.724	0.9891719999999964	-0.1049235194107645	
1A	2	b	331.702344	343.572408	333.680688	11.870064000000013	-0.8909415729544552	337.637376	5.935032000000007	-5.3113758205692765	
1A	2	b	344.231856	350.826336	348.847992	6.594480000000033	-0.15827203327439676	347.529096	3.2972400000000164	-0.7622340689414324	
1A	2	b	351.485784	365.334192	359.39916	13.84840799999995	-1.2089977167317656	358.080264	6.924203999999975	-12.811405912887732	
1A	2	b	365.99364	396.328248	380.501496	30.334607999999946	-2.0875979480341567	381.160944	15.167303999999973	-22.290962603747502	
1A	4	a	396.987696	400.284936	399.625488	3.297239999999988	0.05057001735409017	398.306592	1.648619999999994	0.09980753714835178	
1A	2	b	400.944384	414.133344	406.879416	13.188960000000009	-0.6114974653278313	407.538864	6.594480000000004	-3.819358770319049	
1A	2	b	416.111688	420.068376	416.771136	3.9566879999999855	-0.13543672419783093	418.090032	1.9783439999999928	-0.45514235862698005	
1A	2	b	422.04672	439.851816	426.662856	17.805095999999992	-1.6219251701897228	430.619544	8.902547999999996	-20.194679244665444	
1A	4	a	440.511264	443.149056	441.170712	2.6377919999999904	0.16586357901826254	441.83016	1.3188959999999952	0.4382471237783374	
1A	2	b	443.808504	460.954152	444.467952	17.145647999999994	-0.5743333737937402	452.381328	8.572823999999997	-8.4526209606488	
1A	2	b	461.6136	480.737592	470.186424	19.123991999999987	-0.9229213594572521	470.845872	9.561995999999994	-10.847502402917327	
1A	2	b	481.39704	500.521032	488.650968	19.123991999999987	-1.86770437522007	490.629312	9.561995999999994	-22.41253439637477	
1A	2	b	501.18048	521.623368	511.0722	20.44288800000004	-0.8534399129733234	511.0722	10.22144400000002	-10.804704452368739	
1A	2	b	523.601712	567.784728	559.871352	44.18301599999995	-3.9648602393927996	545.363496	22.091507999999976	-60.71070256644999	
1A	2	b	568.444176	582.952032	572.400864	14.50785600000006	-2.771053820798894	575.698104	7.25392800000003	-23.40117792881918	
1A	2	b	583.61148	597.459888	587.568168	13.84840799999995	-1.498348233625416	590.20596	6.924203999999975	-10.274071172044795	
1A	2	b	598.119336	600.09768	599.438232	1.9783439999999928	-0.1784856830131698	598.778784	0.9891719999999964	-0.2608236393806447	
2A	2	b	0.0	9.232272	2.637792	9.232272	-1.9113618838838455	4.616136	4.616136	-15.54095083312236	
2A	2	b	11.210616	29.015712	15.826752	17.805096	-9.688062178231501	19.78344	8.902548	-99.46794671906908	
2A	2	b	30.994056	45.501912	34.291296	14.507855999999997	-9.713228750875405	38.247984	7.253927999999998	-84.63708377296538	
2A	4	a	46.16136	50.118048	48.799152	3.9566879999999998	0.5486143099097145	48.139704	1.9783439999999999	1.6922116905305433	
2A	2	b	50.777496	63.966456	54.074736	13.188960000000002	-6.6963902833876325	57.371976	6.594480000000001	-49.4966393420992	
2A	4	a	65.9448	67.923144	65.9448	1.9783439999999928	0.039452818528015854	66.604248	0.9891719999999964	0.06187690570821491	
2A	2	b	68.582592	83.090448	71.220384	14.50785599999999	-7.349779844636915	75.83652	7.253927999999995	-60.335141116321154	
2A	2	b	83.749896	100.895544	90.344376	17.145647999999994	-4.016270535438949	92.32272	8.572823999999997	-35.29830743652821	
2A	4	a	101.554992	105.51168	102.873888	3.9566879999999998	0.07395530153561047	103.533336	1.9783439999999999	0.22559477574638187	
2A	2	b	106.171128	118.70064	109.468368	12.529512000000011	-0.5887529099339872	112.10616	6.2647560000000055	-4.217249449630239	
2A	2	b	123.976224	135.18684	128.59236	11.210615999999987	-0.47517901400619955	129.251808	5.605307999999994	-4.027646541013417	
2A	4	a	139.143528	142.440768	140.462424	3.297239999999988	0.060145153218169156	140.462424	1.648619999999994	0.13615497131291665	
2A	2	b	143.100216	148.3758	144.419112	5.275584000000009	-0.1542572976244383	145.738008	2.6377920000000046	-0.6533141046002813	
2A	2	b	149.035248	173.434824	166.180896	24.399575999999996	-0.2780773113315149	160.905312	12.199787999999998	-4.425655200990377	
2A	2	b	174.094272	177.391512	174.75372	3.2972400000000164	-0.09626559659927025	175.413168	1.6486200000000082	-0.3053408422965367	
2A	2	b	180.688752	195.856056	184.64544	15.167304000000001	-0.30602192868574285	187.94268	7.583652000000001	-3.097889259502862	
2A	2	b	196.515504	202.450536	197.8344	5.935032000000007	-0.10639488140508213	199.153296	2.9675160000000034	-0.5551381640691995	
2A	2	b	203.109984	230.147352	209.045016	27.037368000000015	-0.98340996425223	216.298944	13.518684000000007	-12.827359908951955	
2A	2	b	230.8068	238.720176	234.10404	7.9133759999999995	-0.27167706679393966	234.763488	3.9566879999999998	-1.6694966572993337	
2A	2	b	239.379624	243.336312	242.676864	3.9566879999999855	-0.07188992644010739	241.357968	1.9783439999999928	-0.1927594194042035	
2A	2	b	243.99576	267.07644	255.206376	23.08068	-0.5715839585029414	255.206376	11.54034	-6.4065746818521	
2A	2	b	269.054784	323.788968	305.983872	54.73418400000003	-3.330897893789576	296.092152	27.367092000000014	-37.50789824127384	
2A	2	b	324.448416	335.659032	329.064552	11.210616000000016	-1.653429765527239	329.724	5.605308000000008	-9.977883400177417	
2A	2	b	336.31848	344.231856	342.253512	7.913375999999971	-0.10990242940916417	340.275168	3.9566879999999855	-0.6253319030528521	
2A	2	b	344.891304	350.166888	346.2102	5.275583999999981	-0.07337167169520242	347.529096	2.6377919999999904	-0.28364526181001537	
2A	2	b	350.826336	365.334192	353.464128	14.507855999999947	-1.837099162214999	358.080264	7.2539279999999735	-13.634692085351102	
2A	2	b	367.312536	395.009352	377.863704	27.696815999999956	-2.1601193739817752	381.160944	13.848407999999978	-20.74388646049089	
2A	2	b	395.6688	407.538864	398.96604	11.870064000000013	-1.307835792790847	401.603832	5.935032000000007	-10.530292000457171	
2A	2	b	408.198312	429.300648	420.727824	21.102336000000037	-1.5435443541579428	418.74948	10.551168000000018	-14.5631208324528	
2A	2	b	431.278992	437.873472	431.278992	6.594479999999976	-0.16650052809064597	434.576232	3.297239999999988	-0.8653535157236538	
2A	2	b	438.53292	451.062432	440.511264	12.529512000000011	-1.3963356749131641	444.467952	6.2647560000000055	-10.734625664055635	
2A	2	b	455.01912	458.31636	455.678568	3.297239999999988	-0.1311943054506468	456.338016	1.648619999999994	-0.32776387526170314	
2A	2	b	458.975808	477.440352	463.591944	18.464544000000046	-4.444751213032649	468.20808	9.232272000000023	-49.663435138968914	
2A	2	b	480.737592	491.948208	484.69428	11.210616000000016	-2.019643690442992	486.013176	5.605308000000008	-16.087466744776293	
2A	2	b	493.926552	495.904896	493.926552	1.9783439999999928	-0.09022847296204972	494.586	0.9891719999999964	-0.11064578474758857	
2A	2	b	496.564344	515.028888	501.839928	18.464544000000046	-3.735297530900091	505.796616	9.232272000000023	-37.221896116944684	
2A	2	b	517.66668	539.428464	521.623368	21.76178399999992	-5.931170469742053	528.217848	10.88089199999996	-57.01156954942533	
2A	2	b	540.087912	564.487488	548.001288	24.399576000000025	-8.534109839336068	551.957976	12.199788000000012	-83.43727042060785	
2A	2	b	565.146936	586.249272	569.103624	21.102336000000037	-7.866722836494498	575.698104	10.551168000000018	-105.38363768700573	
2A	2	b	586.90872	600.09768	589.546512	13.188959999999952	-2.1857352052401176	593.5032	6.594479999999976	-14.310300230847487	
3A	4	a	0.0	8.572824	0.0	8.572824	0.5857830279735659	3.956688	4.286412	3.5103136301144495	
3A	2	b	9.232272	25.059024	13.848408	15.826752	-8.495800002006405	17.145648	7.913376	-106.07827192923266	
3A	4	a	25.718472	27.696816	26.37792	1.9783439999999999	0.2858322457332996	26.37792	0.9891719999999999	0.5163857767763442	
3A	2	b	28.356264	41.545224	30.994056	13.188959999999998	-3.5439529049210083	34.950744	6.594479999999999	-24.32207317780332	
3A	2	b	42.204672	55.393632	47.480256	13.188959999999994	-3.176128826694937	48.799152	6.594479999999997	-17.803292539194665	
3A	4	a	56.05308	60.669216	59.35032	4.616135999999997	0.06111352557226013	58.031424	2.3080679999999987	0.18568065275757029	
3A	2	b	61.328664	77.814864	66.604248	16.486199999999997	-3.804970594054444	69.24204	8.243099999999998	-30.834035294656175	
3A	2	b	81.771552	96.279408	84.409344	14.507856000000004	-4.493168189807221	89.02548	7.253928000000002	-31.533284388889147	
3A	2	b	99.576648	114.084504	102.21444	14.50785599999999	-1.2236687086082014	106.830576	7.253927999999995	-7.737774912549767	
3A	2	b	114.743952	152.991936	127.273464	38.24798400000002	-2.5619739306645357	133.867944	19.12399200000001	-58.67255690345889	
3A	2	b	154.97028	164.202552	160.905312	9.232271999999995	-0.3429793937126462	159.586416	4.616135999999997	-1.6295142102332338	
3A	4	a	171.45648	176.732064	173.434824	5.275584000000009	0.08196774887923652	174.094272	2.6377920000000046	0.19587630709887982	
3A	2	b	177.391512	209.704464	180.029304	32.312951999999996	-0.5481644596314652	193.218264	16.156475999999998	-10.04245290619761	
3A	2	b	210.363912	218.936736	213.001704	8.572823999999997	-0.24947628357431384	214.3206	4.286411999999999	-1.388611988434418	
3A	2	b	219.596184	226.850112	222.233976	7.253928000000002	-0.08053291278965702	222.893424	3.626964000000001	-0.4385239542867705	
3A	2	b	227.50956	229.487904	228.169008	1.9783439999999928	-0.055962788298064226	228.169008	0.9891719999999964	-0.09142315746078111	
3A	2	b	230.147352	241.357968	230.8068	11.210615999999987	-0.07145798644652501	235.422936	5.605307999999994	-0.6363180003043905	
3A	2	b	242.017416	244.655208	242.017416	2.6377919999999904	-0.05305955831121878	243.336312	1.3188959999999952	-0.10498615622901042	
3A	2	b	246.633552	282.243744	267.735888	35.610191999999984	-0.8155277125562854	264.438648	17.805095999999992	-15.800387978587718	
3A	2	b	282.903192	286.85988	285.540984	3.9566879999999855	-0.1236776846638108	284.881536	1.9783439999999928	-0.3522036450835486	
3A	2	b	287.519328	294.773256	288.178776	7.25392800000003	-0.15190135507970481	290.816568	3.626964000000015	-0.8607909604713448	
3A	2	b	295.432704	302.686632	296.7516	7.2539279999999735	-0.11186256955828	298.729944	3.6269639999999868	-0.8490637236857648	
3A	2	b	303.34608	312.578352	305.324424	9.232272000000023	-0.6670503530779222	307.962216	4.616136000000012	-3.6719930184779397	
3A	2	b	313.2378	334.999584	319.172832	21.761784000000034	-0.30104212751370696	323.788968	10.880892000000017	-5.655350358940545	
3A	2	b	335.659032	353.464128	340.934616	17.805095999999992	-0.35317165662709016	344.231856	8.902547999999996	-4.764178005575072	
3A	2	b	354.123576	372.58812	358.739712	18.46454399999999	-0.5897038274570008	363.355848	9.232271999999995	-5.237895425921524	
3A	2	b	373.247568	390.393216	376.544808	17.145647999999994	-0.5760465377748574	381.820392	8.572823999999997	-6.869865668692793	
3A	2	b	393.690456	409.517208	395.6688	15.826751999999999	-0.5086768936049495	401.603832	7.9133759999999995	-3.258796006702127	
3A	2	b	410.176656	425.34396	416.771136	15.167304000000001	-0.3005129521980052	417.430584	7.583652000000001	-2.7138925604529156	
3A	2	b	426.003408	427.981752	426.662856	1.9783439999999928	-0.02529137138466453	426.662856	0.9891719999999964	-0.03313731318387525	
3A	4	a	428.6412	431.278992	430.619544	2.6377919999999904	0.0417783326214618	429.960096	1.3188959999999952	0.07501432846650324	
3A	2	b	433.257336	474.80256	460.294704	41.54522400000002	-2.855967718696375	453.700224	20.77261200000001	-37.52775450096662	
3A	2	b	475.462008	489.310416	479.418696	13.84840799999995	-1.4675717871240863	482.056488	6.924203999999975	-13.484697278590888	
3A	4	a	491.28876	494.586	491.948208	3.297239999999988	0.10677731522633493	492.607656	1.648619999999994	0.26197206027981856	
3A	2	b	495.245448	528.217848	515.028888	32.97239999999999	-4.771647546241679	511.731648	16.486199999999997	-89.42520143310475	
3A	2	b	528.877296	539.428464	531.515088	10.551167999999961	-3.1841865356226364	534.15288	5.275583999999981	-21.867655576942695	
3A	2	b	540.087912	542.725704	541.406808	2.6377919999999904	-0.02720603828936774	541.406808	1.3188959999999952	-0.06956071787091034	
3A	2	b	545.363496	562.509144	548.001288	17.145647999999937	-2.0525430991492843	553.93632	8.572823999999969	-20.93599061270411	
3A	2	b	563.168592	575.698104	567.12528	12.529511999999954	-2.312019589465045	569.103624	6.264755999999977	-14.44996017761472	
3A	2	b	576.357552	600.09768	593.5032	23.740127999999913	-6.154053003227871	588.227616	11.870063999999957	-130.7799951011226	
4A	2	b	0.0	1.978344	0.0	1.978344	-0.14096971513822254	0.659448	0.989172	-0.19814231637522184	
4A	2	b	2.637792	42.204672	20.442888	39.566880000000005	-10.232256526008086	22.421232	19.783440000000002	-243.69239288780835	
4A	2	b	44.183016	50.118048	46.820808	5.935032	-4.160804190569877	46.820808	2.967516	-21.980166865281216	
4A	4	a	50.777496	61.328664	55.393632	10.551168000000004	1.5872844763544158	56.05308	5.275584000000002	19.449336500099697	
4A	2	b	61.988112	69.24204	63.966456	7.253928000000002	-2.8568301422926208	65.285352	3.626964000000001	-17.766181989300815	
4A	4	a	69.901488	72.53928	70.560936	2.6377920000000046	0.41254438359726464	71.220384	1.3188960000000023	0.9904424454760656	
4A	2	b	73.198728	95.61996	83.090448	22.421232000000003	-3.877874219239418	84.409344	11.210616000000002	-56.25271635823987	
4A	2	b	96.279408	106.830576	100.236096	10.55116799999999	-2.182923832121693	101.554992	5.275583999999995	-18.289203816891327	
4A	4	a	107.490024	117.381744	114.084504	9.891719999999992	0.36689424257110126	112.10616	4.945859999999996	3.7170618812747724	
4A	2	b	118.041192	125.954568	119.360088	7.9133759999999995	-1.3339958802905745	121.99788	3.9566879999999998	-7.473767708592763	
4A	2	b	126.614016	152.332488	136.505736	25.718472000000006	-3.413552858844275	139.143528	12.859236000000003	-42.75082742532626	
4A	2	b	154.97028	158.26752	154.97028	3.297239999999988	-0.12996142557039114	156.289176	1.648619999999994	-0.34980056338168897	
4A	4	a	160.245864	193.218264	182.007648	32.97239999999999	0.39361807338265287	176.732064	16.486199999999997	12.282398217941743	
4A	2	b	193.877712	226.850112	203.109984	32.97239999999999	-5.434941314222879	210.363912	16.486199999999997	-100.0213384380875	
4A	2	b	227.50956	255.865824	249.271344	28.35626400000001	-0.17491772166510522	241.357968	14.178132000000005	-3.5569758725716323	
4A	2	b	259.163064	294.773256	268.395336	35.610191999999984	-9.42961327253477	276.96816	17.805095999999992	-269.96013560033515	
4A	2	b	295.432704	297.411048	295.432704	1.9783439999999928	-0.03891784974577206	296.092152	0.9891719999999964	-0.031694616623504146	
4A	4	a	298.070496	301.367736	300.04884	3.297239999999988	0.15222191652339312	299.389392	1.648619999999994	0.40447435075470217	
4A	2	b	302.027184	308.621664	304.664976	6.594480000000033	-1.0565304372246924	305.324424	3.2972400000000164	-6.641432334504503	
4A	4	a	309.281112	317.194488	312.578352	7.913375999999971	0.5981670470019722	313.2378	3.9566879999999855	4.822560261163938	
4A	2	b	317.853936	334.340136	321.810624	16.486199999999997	-5.395769411739389	325.767312	8.243099999999998	-67.28106114547447	
4A	2	b	334.999584	344.891304	337.637376	9.891719999999964	-2.497841865222874	339.61572	4.945859999999982	-15.49445613592482	
4A	4	a	345.550752	348.847992	345.550752	3.297239999999988	0.05871474228802853	346.869648	1.648619999999994	0.11713602860564087	
4A	2	b	350.826336	369.950328	356.761368	19.123991999999987	-5.570175842849512	360.058608	9.561995999999994	-55.630300072556146	
4A	4	a	370.609776	372.58812	371.269224	1.9783439999999928	0.11004608572447516	371.269224	0.9891719999999964	0.1374408968749936	
4A	2	b	373.247568	385.77708	375.225912	12.529512000000011	-2.8468468976896535	379.1826	6.2647560000000055	-20.033326842827336	
4A	2	b	386.436528	406.879416	394.349904	20.442887999999982	-5.371780514852002	396.328248	10.221443999999991	-69.1847470057721	
4A	4	a	407.538864	412.155	410.176656	4.616135999999983	0.3138790929965438	409.517208	2.3080679999999916	1.2634746138451227	
4A	2	b	412.814448	422.706168	414.133344	9.891719999999964	-2.4239348798444738	417.430584	4.945859999999982	-12.04382441699736	
4A	2	b	423.365616	429.300648	426.003408	5.935032000000035	-0.11437863335297038	426.003408	2.9675160000000176	-0.6821299812328556	
4A	2	b	431.93844	444.467952	436.554576	12.529512000000011	-4.326907156923754	437.873472	6.2647560000000055	-27.169665971842278	
4A	2	b	446.446296	481.39704	455.01912	34.950743999999986	-4.588484469380981	463.591944	17.475371999999993	-54.224451190627455	
4A	2	b	482.056488	484.034832	482.715936	1.9783439999999928	-0.06575023919913647	482.715936	0.9891719999999964	-0.09187341727956522	
4A	2	b	484.69428	499.202136	489.969864	14.507856000000004	-1.4293307881928712	491.948208	7.253928000000002	-11.443987146786823	
4A	4	a	499.861584	507.77496	505.137168	7.913376000000028	0.32138722305394474	503.818272	3.956688000000014	2.109385327574973	
4A	2	b	508.434408	541.406808	514.36944	32.972399999999936	-8.913756597076635	524.920608	16.486199999999968	-261.6939618556774	
4A	2	b	542.066256	551.298528	546.022944	9.23227200000008	-2.9244182889217694	546.682392	4.61613600000004	-18.491847961447718	
4A	4	a	551.957976	561.190248	555.255216	9.232271999999966	0.27237560068738276	556.574112	4.616135999999983	2.067072010347176	
4A	2	b	561.849696	569.763072	563.82804	7.913375999999971	-1.7081379227466655	565.806384	3.9566879999999855	-11.2215606528431	
4A	2	b	570.42252	600.09768	594.162648	29.675160000000005	-10.19506159860159	584.930376	14.837580000000003	-206.09047320674838	
5A	2	b	0.0	13.18896	5.935032	13.18896	-1.7787936887010254	6.59448	6.59448	-20.259506972291287	
5A	2	b	17.145648	40.885776	24.399576	23.740128	-6.60746220450569	29.015712	11.870064	-104.570819100961	
5A	2	b	41.545224	51.436944	43.523568	9.89172	-1.1938293686146508	46.16136	4.94586	-8.290192348496355	
5A	2	b	54.734184	105.51168	78.474312	50.777496	-6.246661593703717	79.793208	25.388748	-176.51108910296347	
5A	4	a	107.490024	111.446712	108.80892	3.9566879999999998	0.22261006086979584	109.468368	1.9783439999999999	0.84037349297438	
5A	2	b	112.10616	120.019536	115.4034	7.9133759999999995	-1.5111759818630492	116.062848	3.9566879999999998	-9.20833012750872	
5A	4	a	121.99788	130.570704	128.59236	8.572824000000011	0.38991976565297826	125.954568	4.286412000000006	2.6711347134286036	
5A	2	b	131.230152	164.862	136.505736	33.63184799999999	-4.99492926172292	147.716352	16.815923999999995	-117.8116065679965	
5A	2	b	166.840344	195.856056	170.797032	29.015712000000008	-0.9862242640545809	181.3482	14.507856000000004	-19.336843667809752	
5A	2	b	198.493848	234.10404	204.42888	35.610191999999984	-4.78873017765992	216.298944	17.805095999999992	-109.34207881530301	
5A	4	a	234.763488	264.438648	259.822512	29.675160000000005	1.0874576220917422	249.271344	14.837580000000003	22.442585799900392	
5A	2	b	265.098096	300.04884	272.352024	34.950743999999986	-4.942906291650244	282.243744	17.475371999999993	-111.68692534265548	
5A	2	b	300.708288	305.324424	303.34608	4.61613600000004	-0.42608987228656936	302.686632	2.30806800000002	-2.001278624242878	
5A	4	a	305.983872	321.151176	311.918904	15.167304000000001	0.8205606258395619	313.2378	7.583652000000001	10.130135005246322	
5A	2	b	321.810624	349.50744	334.999584	27.696815999999956	-2.4756703822200876	335.659032	13.848407999999978	-49.900077075229305	
5A	2	b	350.166888	361.377504	354.783024	11.210616000000016	-1.7159671644355914	355.442472	5.605308000000008	-15.24667023151196	
5A	4	a	362.036952	371.928672	367.971984	9.89172000000002	0.40844988943012694	366.653088	4.94586000000001	3.119819438663935	
5A	2	b	372.58812	383.798736	374.566464	11.210616000000016	-1.153898524983859	377.863704	5.605308000000008	-10.338407412432002	
5A	4	a	384.458184	388.414872	385.77708	3.9566879999999855	0.07421878096444345	386.436528	1.9783439999999928	0.15868335947185663	
5A	2	b	389.07432	422.04672	395.009352	32.97239999999999	-4.626818967896117	405.56052	16.486199999999997	-127.83967655861814	
5A	2	b	422.706168	440.511264	431.93844	17.805095999999992	-1.4003523499865835	431.278992	8.902547999999996	-17.884577140851103	
5A	2	b	441.170712	459.635256	452.381328	18.464544000000046	-1.977358713955125	450.402984	9.232272000000023	-22.638528098589788	
5A	2	b	460.294704	478.759248	469.526976	18.46454399999999	-1.5799307316757627	469.526976	9.232271999999995	-19.883417627032312	
5A	4	a	479.418696	481.39704	480.078144	1.9783439999999928	0.09726347187499762	480.078144	0.9891719999999964	0.14470037982859285	
5A	2	b	482.056488	495.245448	488.650968	13.188960000000009	-1.7981069623590518	488.650968	6.594480000000004	-19.14043154983468	
5A	4	a	495.904896	501.839928	499.202136	5.935031999999978	0.23338737863749337	498.542688	2.967515999999989	1.1560423225723264	
5A	2	b	502.499376	539.428464	522.282816	36.92908799999998	-4.602196596001159	520.96392	18.46454399999999	-95.61904397817726	
5A	2	b	540.087912	548.660736	544.0446	8.572824000000082	-1.285865816131059	544.0446	4.286412000000041	-9.048783064941958	
5A	2	b	549.320184	567.12528	561.190248	17.805095999999935	-1.216630965955538	557.893008	8.902547999999967	-12.596676361809982	
5A	2	b	567.784728	600.09768	599.438232	32.312951999999996	-9.5623791943148	583.61148	16.156475999999998	-146.79120653145299	
6A	2	b	0.0	9.89172	5.275584	9.89172	-0.3879683226208197	4.616136	4.94586	-3.214398842500553	
6A	2	b	12.529512	53.415288	36.26964	40.88577599999999	-2.6153267111070955	32.9724	20.442887999999996	-105.08493573915645	
6A	2	b	54.074736	112.10616	87.706584	58.031424	-2.8138637072000128	83.090448	29.015712	-116.1638219113588	
6A	2	b	112.765608	169.478136	147.056904	56.712528000000006	-2.158739647516202	141.121872	28.356264000000003	-86.2706868109595	
6A	2	b	170.137584	199.153296	185.304888	29.015712000000008	-1.0675187457076074	184.64544	14.507856000000004	-21.41526453422846	
6A	2	b	199.812744	203.769432	201.791088	3.9566879999999855	-0.3344949085012683	201.791088	1.9783439999999928	-1.0114629774991162	
6A	2	b	204.42888	227.50956	211.02336	23.08068	-1.7876645871625554	215.639496	11.54034	-28.266241184652095	
6A	2	b	228.169008	248.611896	240.039072	20.44288800000001	-0.2893159028446366	238.060728	10.221444000000005	-5.508903432039322	
6A	2	b	249.271344	271.033128	261.141408	21.761783999999977	-1.703044755839997	259.822512	10.880891999999989	-24.592079920831885	
6A	2	b	271.692576	295.432704	275.649264	23.740128000000027	-2.945786536812369	283.56264	11.870064000000013	-61.39091962097914	
6A	2	b	296.092152	307.302768	302.027184	11.210616000000016	-0.5586158192835757	301.367736	5.605308000000008	-4.7174522010490705	
6A	2	b	311.259456	319.172832	313.2378	7.913376000000028	-0.48813532108729163	315.216144	3.956688000000014	-3.3611995966679915	
6A	2	b	319.83228	327.745656	321.151176	7.913375999999971	-0.23761316869115312	323.788968	3.9566879999999855	-1.332292421958929	
6A	2	b	328.405104	345.550752	335.659032	17.145647999999994	-1.6912418461113665	336.977928	8.572823999999997	-27.12975147792098	
6A	2	b	346.2102	365.334192	356.761368	19.123991999999987	-0.7230863621865851	355.442472	9.561995999999994	-9.229676366003936	
6A	2	b	367.312536	377.204256	369.29088	9.891719999999964	-0.6585482370149709	371.928672	4.945859999999982	-5.901575535074541	
6A	4	a	377.863704	380.501496	377.863704	2.6377919999999904	0.12705603640085172	379.1826	1.3188959999999952	0.30502378264270025	
6A	2	b	381.160944	395.009352	383.139288	13.848408000000006	-0.499368374943959	387.755424	6.924204000000003	-7.1235937304835	
6A	2	b	395.6688	422.706168	403.582176	27.037368000000015	-1.8100432622234868	408.85776	13.518684000000007	-36.61527114698876	
6A	2	b	423.365616	456.997464	450.402984	33.63184799999999	-0.7499959011784849	439.851816	16.815923999999995	-16.768859712248446	
6A	2	b	457.656912	476.780904	466.229736	19.123992000000044	-0.8134050475595451	466.889184	9.561996000000022	-15.959714712763251	
6A	2	b	477.440352	492.607656	486.013176	15.167304000000001	-1.090117367285659	484.69428	7.583652000000001	-13.912142776365716	
6A	2	b	493.267104	501.18048	497.223792	7.913375999999971	-0.41301603601582926	497.223792	3.9566879999999855	-2.7787259222383263	
6A	2	b	503.158824	505.796616	503.158824	2.6377919999999904	-0.1311818359213941	504.47772	1.3188959999999952	-0.1925707370455143	
6A	2	b	506.456064	513.709992	508.434408	7.25392800000003	-0.34128153519855076	509.753304	3.626964000000015	-1.9837826367593454	
6A	4	a	515.688336	517.66668	516.347784	1.9783439999999928	0.044920550247878666	516.347784	0.9891719999999964	0.05640758752625352	
6A	2	b	518.326128	547.34184	522.282816	29.015712000000008	-2.459058564691653	532.833984	14.507856000000004	-54.85141486542901	
6A	2	b	548.001288	569.763072	561.190248	21.76178399999992	-1.3069549676889718	558.552456	10.88089199999996	-24.015329013213204	
6A	2	b	570.42252	593.5032	580.973688	23.08068000000003	-1.8952280722427215	581.633136	11.540340000000015	-41.76170481750885	
6A	2	b	594.162648	600.09768	600.09768	5.935031999999978	-2.382547106750426	596.80044	2.967515999999989	-9.244413359033352	
7A	4	a	0.0	3.956688	0.0	3.956688	0.09673006381185889	1.978344	1.978344	0.2304874004886397	
7A	2	b	4.616136	7.913376	5.935032	3.2972400000000004	-0.09177408225356753	5.935032	1.6486200000000002	-0.2615811247561677	
7A	4	a	8.572824	11.210616	8.572824	2.6377919999999992	0.0467602639998832	9.89172	1.3188959999999996	0.03191552768128547	
7A	2	b	11.870064	25.059024	19.78344	13.188960000000002	-0.7664110579791723	18.464544	6.594480000000001	-7.443672896089742	
7A	2	b	25.718472	56.712528	42.204672	30.994056	-1.2746855010952496	40.885776	15.497028	-36.56659285467423	
7A	2	b	57.371976	83.090448	72.53928	25.718472	-0.8329701906660878	69.901488	12.859236	-16.32065903658418	
7A	2	b	83.749896	118.041192	92.32272	34.29129599999999	-1.8708838503270924	100.895544	17.145647999999994	-53.88736806382837	
7A	2	b	118.70064	136.505736	126.614016	17.805096000000006	-0.47802414596213083	127.273464	8.902548000000003	-6.468036285992676	
7A	4	a	137.165184	154.310832	141.78132	17.145647999999994	0.4901536708876719	145.738008	8.572823999999997	7.935870471875118	
7A	2	b	154.97028	209.704464	200.472192	54.734184	-1.2396737988408475	182.007648	27.367092	-35.639467956811515	
7A	2	b	210.363912	273.011472	227.50956	62.64756000000003	-2.218407968562768	241.357968	31.323780000000014	-151.0168350902533	
7A	2	b	273.67092	275.649264	274.330368	1.9783439999999928	-0.056375442187425406	274.330368	0.9891719999999964	-0.09038402837300819	
7A	4	a	276.308712	280.2654	276.96816	3.9566879999999855	0.27022246159750907	278.287056	1.9783439999999928	1.0760624566638373	
7A	2	b	280.924848	294.113808	286.200432	13.188960000000009	-1.3062017882512098	287.519328	6.594480000000004	-16.481235347248088	
7A	2	b	296.092152	315.216144	301.367736	19.123991999999987	-0.6819772172363265	305.324424	9.561995999999994	-7.556799972532031	
7A	2	b	315.875592	335.659032	328.405104	19.78344000000004	-0.6027009599226583	325.767312	9.89172000000002	-11.348367106469599	
7A	2	b	336.31848	370.609776	345.550752	34.29129599999999	-1.1182081037125409	353.464128	17.145647999999994	-30.339197272134307	
7A	2	b	371.269224	373.247568	371.928672	1.9783439999999928	-0.08434078262891553	371.928672	0.9891719999999964	-0.1106779969900411	
7A	2	b	373.907016	383.798736	376.544808	9.89172000000002	-0.2708746654410801	378.523152	4.94586000000001	-1.7713598687284873	
7A	4	a	385.77708	388.414872	386.436528	2.6377919999999904	0.12810538551261086	387.095976	1.3188959999999952	0.1860608573741276	
7A	2	b	389.07432	392.37156	390.393216	3.297239999999988	-0.08390074598951447	390.393216	1.648619999999994	-0.22988619610266037	
7A	4	a	393.031008	395.6688	393.031008	2.6377919999999904	0.04919872426707883	394.349904	1.3188959999999952	0.05494416516220557	
7A	2	b	396.328248	425.34396	408.198312	29.015712000000008	-0.8613000916262692	410.836104	14.507856000000004	-19.965982857568005	
7A	2	b	427.322304	429.960096	427.322304	2.637792000000047	-0.0905882790588235	428.6412	1.3188960000000236	-0.09977895491718058	
7A	4	a	430.619544	433.257336	431.278992	2.6377919999999904	0.01576610405162615	431.93844	1.3188959999999952	0.03267536005011573	
7A	2	b	433.916784	437.214024	435.23568	3.297239999999988	-0.09025874886013785	435.23568	1.648619999999994	-0.2625087070567531	
7A	2	b	437.873472	445.786848	443.149056	7.913376000000028	-0.13373701297114948	441.83016	3.956688000000014	-0.8607737357322582	
7A	2	b	446.446296	451.72188	449.084088	5.275583999999981	-0.20541273731568754	449.084088	2.6377919999999904	-0.8104995062946347	
7A	2	b	452.381328	462.932496	455.678568	10.551168000000018	-0.24286080593620607	457.656912	5.275584000000009	-2.1730935440633026	
7A	2	b	463.591944	522.282816	510.412752	58.69087200000001	-1.1701829167056212	492.607656	29.345436000000007	-54.155071029017904	
7A	2	b	524.26116	546.022944	527.5584	21.761784000000034	-1.797670809792522	534.812328	10.880892000000017	-31.285038528641017	
7A	2	b	546.682392	560.5308	550.63908	13.84840799999995	-0.3743959075974006	553.276872	6.924203999999975	-3.172804955273381	
7A	2	b	561.190248	571.741416	569.103624	10.551167999999961	-0.2009541334327034	566.465832	5.275583999999981	-1.7877454429549764	
7A	2	b	572.400864	596.80044	588.887064	24.399576000000025	-2.4810306418453845	584.270928	12.199788000000012	-53.64730762170224	
7A	2	b	598.778784	600.09768	600.09768	1.3188959999999952	-0.350551795013498	599.438232	0.6594479999999976	-0.05172386765332515	
