										Kaede_Unfed#15_Anterograde_evts_formatted.txt
ROI	Quadrant	Direction	Start time (s)	End time (s)	Peak time (s)	Duration (s)	Amplitude	Midpoint (s)	Half Duration(s)	AUC
8A	4	a	0.0	15.826752	3.29724	15.826752	0.729321037563337	7.913376	7.913376	12.673915853365294	
8A	4	a	17.805096	47.480256	38.907432	29.675159999999998	1.3204808782801578	32.312952	14.837579999999999	32.49171670092671	
8A	4	a	50.777496	78.474312	63.966456	27.696816	0.6858629638845564	64.625904	13.848408	20.164983308278014	
8A	4	a	79.13376	100.895544	92.982168	21.761784000000006	1.944360984025165	89.684928	10.880892000000003	32.519913654428095	
8A	4	a	101.554992	127.273464	106.830576	25.718472000000006	0.572769386696697	114.084504	12.859236000000003	10.652329165711981	
8A	4	a	127.932912	160.905312	146.397456	32.97240000000001	0.7242225305543464	144.419112	16.486200000000004	17.903077282489548	
8A	4	a	161.56476	181.3482	169.478136	19.783439999999985	0.33873417124254956	171.45648	9.891719999999992	6.110591463359173	
8A	4	a	182.007648	224.871768	212.342256	42.864120000000014	1.1312143175405165	203.109984	21.432060000000007	22.13306628235624	
8A	4	a	225.531216	234.763488	229.487904	9.232271999999995	0.1644277040721196	230.147352	4.616135999999997	1.2098642657377208	
8A	4	a	235.422936	260.48196	248.611896	25.059024000000022	0.1675846092831348	247.952448	12.529512000000011	3.0581843780815072	
8A	2	b	262.460304	271.692576	269.054784	9.232271999999966	-0.14065394686675425	267.07644	4.616135999999983	-0.81169397203398	
8A	4	a	272.352024	294.773256	283.56264	22.421232000000032	2.1292408082298104	283.56264	11.210616000000016	50.01738806430354	
8A	2	b	296.7516	298.729944	296.7516	1.9783439999999928	-0.07405166908058813	297.411048	0.9891719999999964	-0.09476109764173835	
8A	4	a	299.389392	303.34608	300.04884	3.9566879999999855	0.12300466369073071	301.367736	1.9783439999999928	0.5048955248800953	
8A	4	a	304.005528	315.216144	307.962216	11.210615999999959	0.09272348269543329	309.281112	5.6053079999999795	0.8233246226476623	
8A	4	a	315.875592	352.80468	345.550752	36.929088000000036	0.5907893702496896	334.340136	18.464544000000018	11.67148390668355	
8A	4	a	353.464128	367.971984	361.377504	14.507856000000004	0.21227377551611326	360.718056	7.253928000000002	2.4921781181796225	
8A	4	a	368.631432	376.544808	373.907016	7.913375999999971	0.14505494723125967	372.58812	3.9566879999999855	1.0659961012224821	
8A	4	a	377.204256	426.662856	409.517208	49.45859999999999	0.514983237735902	401.603832	24.729299999999995	14.675577136454322	
8A	4	a	427.322304	449.743536	432.597888	22.421232000000032	0.23437017570826857	438.53292	11.210616000000016	4.041204597839203	
8A	4	a	450.402984	466.889184	455.01912	16.486199999999997	0.32776059624269216	458.31636	8.243099999999998	4.216785353388879	
8A	4	a	467.548632	486.013176	474.80256	18.46454399999999	0.230404084430881	476.780904	9.232271999999995	3.73151340263806	
8A	4	a	486.672624	489.310416	486.672624	2.6377919999999904	0.11136157129383051	487.99152	1.3188959999999952	0.24744158846548325	
8A	2	b	489.969864	493.926552	490.629312	3.9566880000000424	-0.04901257769752565	491.948208	1.9783440000000212	-0.17929247972416285	
8A	2	b	494.586	496.564344	495.245448	1.9783439999999928	-0.030966582268586507	495.245448	0.9891719999999964	-0.05117018452420696	
8A	4	a	500.521032	503.158824	501.18048	2.6377919999999904	0.04340954425615262	501.839928	1.3188959999999952	0.08994100232734947	
8A	4	a	503.818272	511.0722	504.47772	7.25392800000003	0.06487654345886007	507.115512	3.626964000000015	0.37267352806971576	
8A	4	a	511.731648	556.574112	538.769016	44.84246400000001	0.8620659757163454	534.15288	22.421232000000003	27.896347984719423	
8A	4	a	557.23356	559.211904	558.552456	1.9783439999999928	0.02957745562859948	557.893008	0.9891719999999964	0.031159437960220693	
8A	4	a	559.871352	579.654792	565.146936	19.78344000000004	0.38501724210928057	569.763072	9.89172000000002	6.254314610996003	
8A	4	a	580.31424	582.952032	580.31424	2.6377919999999904	0.0623736913753854	581.633136	1.3188959999999952	0.12078257058870889	
8A	4	a	583.61148	591.524856	583.61148	7.913375999999971	0.09037713123818314	587.568168	3.9566879999999855	0.5213061847607223	
8A	4	a	595.481544	600.09768	600.09768	4.616135999999983	2.6003116083506708	597.459888	2.3080679999999916	10.515602298208261	
9A	4	a	0.0	3.29724	0.0	3.29724	0.05813274205825536	1.318896	1.64862	0.14683460379784252	
9A	4	a	7.253928	15.167304	13.18896	7.9133759999999995	0.17947650447795827	11.210616	3.9566879999999998	1.4735548002383352	
9A	4	a	15.826752	52.096392	43.523568	36.26964	1.1697963245772298	33.631848	18.13482	26.33367683630407	
9A	2	b	56.712528	66.604248	61.328664	9.89172	-0.16705361841787614	61.328664	4.94586	-1.2049810534001344	
9A	4	a	67.263696	73.198728	70.560936	5.935032000000007	0.13251138130492812	69.901488	2.9675160000000034	0.8653839055463028	
9A	2	b	75.177072	77.814864	75.177072	2.6377920000000046	-0.03117651055537074	76.495968	1.3188960000000023	-0.04762518790604964	
9A	4	a	79.793208	108.80892	97.598304	29.015711999999994	1.5426452325324362	94.301064	14.507855999999997	23.140512812414197	
9A	2	b	109.468368	114.743952	113.425056	5.275583999999995	-0.06944769461821121	112.10616	2.6377919999999975	-0.2423003574559961	
9A	4	a	115.4034	133.208496	117.381744	17.805095999999992	0.10737155928326558	123.976224	8.902547999999996	1.6641605304620524	
9A	4	a	133.867944	147.716352	137.824632	13.848408000000006	0.14321408772201494	140.462424	6.924204000000003	1.736830627069354	
9A	4	a	148.3758	167.499792	157.608072	19.123992000000015	0.44025337810605025	157.608072	9.561996000000008	5.939382529190749	
9A	2	b	168.15924	170.797032	170.137584	2.6377919999999904	-0.01225225946657238	169.478136	1.3188959999999952	-0.029978140003138032	
9A	4	a	176.072616	178.710408	177.391512	2.6377919999999904	0.03744386888363849	177.391512	1.3188959999999952	0.06630493929423054	
9A	4	a	179.369856	181.3482	180.029304	1.9783439999999928	0.04532398839829321	180.029304	0.9891719999999964	0.0692162380375354	
9A	2	b	182.007648	183.985992	183.326544	1.9783440000000212	-0.03780595082620941	182.667096	0.9891720000000106	-0.03662849807272961	
9A	2	b	184.64544	212.342256	209.704464	27.696815999999984	-0.2987025658261242	198.493848	13.848407999999992	-6.633548708399118	
9A	4	a	213.001704	230.8068	218.936736	17.80509600000002	0.9279357584973922	221.574528	8.90254800000001	13.847597275948692	
9A	4	a	231.466248	242.676864	234.763488	11.210615999999987	0.13054332457565865	236.741832	5.605307999999994	0.9271637008553801	
9A	2	b	243.336312	263.7792	255.206376	20.44288800000001	-0.11708765416390499	253.228032	10.221444000000005	-1.6741337298939607	
9A	4	a	268.395336	272.352024	271.692576	3.9566879999999855	0.07064143956723745	270.37368	1.9783439999999928	0.18735378090105703	
9A	4	a	273.011472	298.070496	286.200432	25.059023999999965	1.2454511692320587	285.540984	12.529511999999983	28.537739541356483	
9A	4	a	298.729944	311.259456	305.983872	12.529512000000011	0.08572948895954724	304.664976	6.2647560000000055	0.9681190494631462	
9A	2	b	311.918904	314.556696	312.578352	2.6377919999999904	-0.04388275857032298	313.2378	1.3188959999999952	-0.08014074479185673	
9A	2	b	315.216144	327.086208	323.12952	11.870064000000013	-0.12130629098261458	321.151176	5.935032000000007	-1.0885859473862556	
9A	4	a	329.064552	334.340136	331.702344	5.275583999999981	0.11958078066058597	331.702344	2.6377919999999904	0.42649759334261383	
9A	4	a	334.999584	341.594064	336.977928	6.594479999999976	0.1378159675790811	338.296824	3.297239999999988	0.5194336999876448	
9A	4	a	342.253512	369.950328	348.188544	27.696816000000013	0.7241670308939416	356.10192	13.848408000000006	10.123353675398798	
9A	4	a	370.609776	373.247568	370.609776	2.6377919999999904	0.05412854013446555	371.928672	1.3188959999999952	0.07690206036834746	
9A	4	a	389.07432	400.944384	392.37156	11.870064000000013	0.12589554310077844	395.009352	5.935032000000007	1.2014782067889078	
9A	4	a	402.922728	406.219968	404.901072	3.297239999999988	0.09401046008993985	404.241624	1.648619999999994	0.20826484876115114	
9A	4	a	406.879416	425.34396	414.133344	18.46454399999999	0.30502710894305407	416.111688	9.232271999999995	5.306762724309784	
9A	4	a	426.003408	430.619544	427.322304	4.61613600000004	0.07998948020237018	427.981752	2.30806800000002	0.2885079437751983	
9A	2	b	431.278992	461.6136	451.062432	30.334608000000003	-0.13240904910607076	446.446296	15.167304000000001	-3.287188548196116	
9A	4	a	467.548632	470.845872	468.20808	3.297239999999988	0.0451306552500097	468.867528	1.648619999999994	0.09683426121539163	
9A	4	a	471.50532	474.143112	471.50532	2.6377919999999904	0.053954626414436824	472.824216	1.3188959999999952	0.04218899460518877	
9A	4	a	474.80256	476.780904	475.462008	1.9783439999999928	0.07010038628105075	475.462008	0.9891719999999964	0.09179400767451606	
9A	4	a	477.440352	482.715936	477.440352	5.275583999999981	0.08539845590586115	480.078144	2.6377919999999904	0.341902416356743	
9A	4	a	483.375384	486.013176	483.375384	2.6377919999999904	0.068323769753039	484.69428	1.3188959999999952	0.16291677212923927	
9A	4	a	486.672624	498.542688	491.948208	11.870064000000013	0.12390228837081896	492.607656	5.935032000000007	1.2342144133117643	
9A	4	a	499.202136	510.412752	508.434408	11.210616000000016	0.07660254304070202	504.47772	5.605308000000008	0.5502145587857266	
9A	4	a	511.0722	515.028888	513.709992	3.9566880000000424	0.0672996509127084	513.050544	1.9783440000000212	0.21125048153286063	
9A	4	a	517.007232	522.282816	518.985576	5.275583999999981	0.07958253969343465	519.645024	2.6377919999999904	0.3433116633534463	
9A	4	a	522.942264	543.385152	530.196192	20.442887999999925	0.39767709169706666	532.833984	10.221443999999963	5.678277905411108	
9A	4	a	544.0446	546.682392	544.704048	2.637792000000104	0.029688174026401448	545.363496	1.318896000000052	0.04798884944231907	
9A	4	a	547.34184	549.320184	548.001288	1.9783439999999928	0.036355574461023554	548.001288	0.9891719999999964	0.0527305926395476	
9A	2	b	549.979632	551.957976	549.979632	1.9783439999999928	-0.034192408796125395	550.63908	0.9891719999999964	-0.040976678445140635	
9A	4	a	553.93632	555.914664	554.595768	1.9783439999999928	0.034711944915482906	554.595768	0.9891719999999964	0.05779117383459953	
9A	2	b	557.893008	561.849696	557.893008	3.9566879999999855	-0.01771293490941206	559.871352	1.9783439999999928	-0.059251324731685484	
9A	4	a	562.509144	569.103624	565.146936	6.594479999999976	0.09357681222639513	565.806384	3.297239999999988	0.6229700186255596	
9A	4	a	569.763072	573.71976	569.763072	3.9566879999999855	0.05128210785575016	571.741416	1.9783439999999928	0.1290624508387921	
9A	4	a	574.379208	579.654792	577.676448	5.275584000000094	0.07443362235316942	577.017	2.637792000000047	0.3504724252750109	
9A	4	a	580.31424	600.09768	600.09768	19.783439999999928	0.1522793002938747	590.20596	9.891719999999964	1.250413566369536	
10A	4	a	5.275584	23.740128	9.232272	18.464543999999997	0.5655419939290276	14.507856	9.232271999999998	8.767485808554607	
10A	4	a	24.399576	56.712528	46.16136	32.312951999999996	0.8155103079915373	40.226328	16.156475999999998	14.713353121614732	
10A	4	a	57.371976	80.452656	67.923144	23.080680000000008	0.5742035353867223	68.582592	11.540340000000004	9.316197092586508	
10A	4	a	81.112104	110.787264	101.554992	29.67515999999999	1.2153571599994644	95.61996	14.837579999999996	15.916335693324092	
10A	4	a	111.446712	141.78132	127.932912	30.33460799999999	0.476688087859114	126.614016	15.167303999999994	10.869999409934364	
10A	4	a	154.310832	157.608072	154.310832	3.297239999999988	0.07142480828951392	155.629728	1.648619999999994	0.11930108158881625	
10A	4	a	158.26752	176.072616	166.180896	17.80509600000002	0.19381551296054056	166.840344	8.90254800000001	2.9289395051584886	
10A	4	a	176.732064	185.964336	180.029304	9.232271999999995	0.16648404967858843	181.3482	4.616135999999997	0.9860506685997801	
10A	4	a	186.623784	190.580472	188.602128	3.9566879999999855	0.03166244913084615	188.602128	1.9783439999999928	0.08734161965956155	
10A	4	a	191.23992	195.856056	191.899368	4.616135999999983	0.04510234145086134	193.218264	2.3080679999999916	0.135172363090162	
10A	4	a	197.8344	203.109984	201.13164	5.275584000000009	0.07109243636394025	200.472192	2.6377920000000046	0.20111332296311568	
10A	4	a	203.769432	206.407224	205.747776	2.637792000000019	0.05856243809964701	205.088328	1.3188960000000094	0.07471602282440948	
10A	4	a	207.066672	211.02336	207.066672	3.9566879999999855	0.058753298504639506	209.045016	1.9783439999999928	0.09418248500081261	
10A	4	a	213.001704	217.61784	216.298944	4.616136000000012	0.03747025248625091	214.980048	2.308068000000006	0.14418981714908252	
10A	4	a	218.277288	249.271344	229.487904	30.994056	0.6349437412707868	233.444592	15.497028	13.557303081424427	
10A	2	b	251.909136	255.865824	252.568584	3.956688000000014	-0.03344129735950485	253.88748	1.978344000000007	-0.12223018283105325	
10A	4	a	258.503616	262.460304	260.48196	3.9566879999999855	0.08420258205207265	260.48196	1.9783439999999928	0.3180691292522164	
10A	4	a	263.119752	272.352024	264.438648	9.232271999999966	0.07672692802404146	267.735888	4.616135999999983	0.5846721934531711	
10A	4	a	274.330368	305.983872	292.135464	31.653503999999998	0.9419235789751061	290.15712	15.826751999999999	18.629242045974852	
10A	2	b	307.962216	336.977928	321.151176	29.015712000000008	-0.13998928840035196	322.470072	14.507856000000004	-2.873734090058673	
10A	4	a	340.275168	346.869648	345.550752	6.594479999999976	0.07867684328374436	343.572408	3.297239999999988	0.5026727699403728	
10A	4	a	347.529096	367.971984	355.442472	20.44288800000004	0.24502147825830578	357.420816	10.22144400000002	3.3625630369207244	
10A	4	a	368.631432	381.820392	375.225912	13.188960000000009	0.11054113449224046	375.225912	6.594480000000004	1.0873366085061396	
10A	4	a	382.47984	400.944384	396.328248	18.46454399999999	0.10411120275469843	391.712112	9.232271999999995	1.5065842553739528	
10A	4	a	403.582176	408.198312	405.56052	4.616135999999983	0.05991091733688503	405.56052	2.3080679999999916	0.1721306934035034	
10A	4	a	408.85776	410.836104	410.176656	1.9783439999999928	0.033628013421207026	409.517208	0.9891719999999964	0.030474366237547068	
10A	4	a	414.133344	416.111688	414.133344	1.9783439999999928	0.04017973581390244	414.792792	0.9891719999999964	0.0637693885818238	
10A	4	a	416.771136	436.554576	423.365616	19.783439999999985	0.19430239239510083	426.662856	9.891719999999992	3.08277844998163	
10A	4	a	437.214024	444.467952	441.170712	7.25392800000003	0.09404311810183508	440.511264	3.626964000000015	0.5866146757589064	
10A	4	a	445.1274	451.062432	447.765192	5.935031999999978	0.09154996826730599	447.765192	2.967515999999989	0.3996328263751008	
10A	4	a	451.72188	467.548632	456.997464	15.826751999999999	0.0850439320519758	459.635256	7.9133759999999995	1.032389746790002	
10A	4	a	468.20808	470.845872	468.867528	2.6377919999999904	0.04216667916057659	469.526976	1.3188959999999952	0.09616844817716963	
10A	4	a	471.50532	486.013176	473.483664	14.507856000000004	0.07112726648169243	478.759248	7.253928000000002	0.8177409793688755	
10A	4	a	486.672624	493.926552	491.948208	7.25392800000003	0.07609102981640525	489.969864	3.626964000000015	0.4795865700013391	
10A	4	a	496.564344	501.839928	500.521032	5.275583999999981	0.04101268007251502	499.202136	2.6377919999999904	0.16161428222490914	
10A	4	a	503.818272	539.428464	534.15288	35.610191999999984	0.2320249981673359	521.623368	17.805095999999992	6.141884719458534	
10A	4	a	540.087912	567.12528	544.704048	27.037368000000015	0.5133957254212032	553.276872	13.518684000000007	12.483772257324855	
10A	4	a	569.763072	577.676448	575.038656	7.913376000000085	0.11399366578572945	573.71976	3.9566880000000424	0.8498343063965994	
10A	2	b	582.952032	588.227616	583.61148	5.275583999999981	-0.09438736675954873	585.589824	2.6377919999999904	-0.3516354211447903	
10A	4	a	588.887064	596.80044	593.5032	7.913375999999971	0.12563094013059617	592.843752	3.9566879999999855	0.8447104607413238	
10A	4	a	598.778784	600.09768	600.09768	1.3188959999999952	0.0793639597962752	599.438232	0.6594479999999976	0.05765420132328569	
11A	4	a	0.0	1.978344	0.0	1.978344	0.07176888805673531	0.659448	0.989172	0.08952330949454357	
11A	4	a	3.956688	13.848408	7.913376	9.89172	0.27261313146875743	8.572824	4.94586	2.063612355232168	
11A	4	a	14.507856	32.312952	21.761784	17.805096000000002	0.17579968990819772	23.08068	8.902548000000001	2.770435682263794	
11A	4	a	32.9724	46.820808	34.950744	13.848408	0.15495729090165744	39.56688	6.924204	2.099137306211964	
11A	4	a	49.4586	52.096392	50.118048	2.6377920000000046	0.024638648878247515	50.777496	1.3188960000000023	0.0402008276751058	
11A	4	a	52.75584	73.198728	67.923144	20.442888000000004	0.2729838353137035	62.64756	10.221444000000002	4.3130834260381405	
11A	4	a	73.858176	98.257752	76.495968	24.399575999999996	0.1999092940775844	85.72824	12.199787999999998	4.20395707193598	
11A	4	a	98.9172	125.29512	102.21444	26.377920000000003	0.24067510004197823	112.10616	13.188960000000002	5.0984367222311455	
11A	4	a	125.954568	143.759664	131.8896	17.805095999999992	0.1879846535283356	134.527392	8.902547999999996	2.7522859815404956	
11A	4	a	147.056904	149.694696	147.716352	2.6377919999999904	0.06077273331167943	148.3758	1.3188959999999952	0.07795147301542271	
11A	2	b	150.354144	152.991936	152.332488	2.637792000000019	-0.035845360917325486	151.67304	1.3188960000000094	-0.060833886181103525	
11A	2	b	155.629728	160.245864	156.948624	4.616136000000012	-0.04689080920979505	157.608072	2.308068000000006	-0.1506005180998271	
11A	4	a	164.202552	193.877712	180.029304	29.675160000000005	0.16851314988111143	178.710408	14.837580000000003	3.754993812087119	
11A	4	a	194.53716	210.363912	208.385568	15.826751999999999	0.06831020913944119	202.450536	7.9133759999999995	0.6385929473463228	
11A	4	a	211.02336	214.980048	213.661152	3.956688000000014	0.03893494134457054	213.001704	1.978344000000007	0.10563606633559308	
11A	4	a	215.639496	222.233976	220.255632	6.594480000000004	0.08362127328592006	218.936736	3.297240000000002	0.46218950085093136	
11A	4	a	222.893424	226.850112	223.552872	3.9566879999999855	0.047067366899794294	224.871768	1.9783439999999928	0.10964426882417788	
11A	4	a	227.50956	251.909136	237.40128	24.399575999999996	0.24346973366670976	239.379624	12.199787999999998	4.508668018594222	
11A	4	a	252.568584	262.460304	257.844168	9.89172000000002	0.11623861037477479	257.18472	4.94586000000001	1.1091893018580279	
11A	4	a	263.119752	271.033128	269.714232	7.913375999999971	0.09709333581014024	267.07644	3.9566879999999855	0.5018792160082706	
11A	4	a	271.692576	273.67092	273.011472	1.9783440000000496	0.024686037895885082	272.352024	0.9891720000000248	0.04120687160761238	
11A	2	b	277.627608	288.838224	280.2654	11.210616000000016	-0.0823840864146268	282.903192	5.605308000000008	-0.8486420411188718	
11A	2	b	289.497672	291.476016	289.497672	1.9783439999999928	-0.009705696157543908	290.15712	0.9891719999999964	-0.014907981569464601	
11A	4	a	292.135464	311.918904	299.389392	19.783439999999985	0.2217815152380127	302.027184	9.891719999999992	4.030787220983233	
11A	4	a	312.578352	328.405104	315.216144	15.826751999999999	0.12530805347400342	320.491728	7.9133759999999995	1.6577838490425307	
11A	4	a	329.064552	334.999584	329.064552	5.935032000000035	0.09246047307749228	331.702344	2.9675160000000176	0.302613463924823	
11A	4	a	335.659032	337.637376	336.977928	1.9783439999999928	0.02294574078769296	336.31848	0.9891719999999964	0.01943080955937404	
11A	2	b	340.934616	342.91296	342.253512	1.9783439999999928	-0.060277105036884215	341.594064	0.9891719999999964	-0.09247299168809797	
11A	2	b	345.550752	356.10192	353.464128	10.551168000000018	-0.0905628409976531	350.826336	5.275584000000009	-0.634268070059351	
11A	4	a	358.080264	373.247568	360.718056	15.167304000000001	0.08121346523009132	365.334192	7.583652000000001	0.7648871631150567	
11A	4	a	373.907016	391.052664	375.88536	17.145647999999994	0.08391813170631535	382.47984	8.572823999999997	1.20238757478875	
11A	4	a	391.712112	395.009352	392.37156	3.297239999999988	0.03424614573853457	393.031008	1.648619999999994	0.08182019477052593	
11A	2	b	405.56052	409.517208	408.198312	3.9566879999999855	-0.03450931350625819	407.538864	1.9783439999999928	-0.0982845769746683	
11A	4	a	413.473896	418.090032	415.45224	4.616135999999983	0.032709244453681396	415.45224	2.3080679999999916	0.11308368047117678	
11A	4	a	418.74948	449.084088	440.511264	30.334608000000003	0.238433477538309	433.916784	15.167304000000001	5.662103238469429	
11A	4	a	449.743536	477.440352	458.31636	27.696816000000013	0.11485779463830914	463.591944	13.848408000000006	2.4024840116067914	
11A	4	a	479.418696	482.056488	480.078144	2.6377919999999904	0.04706209998455524	480.737592	1.3188959999999952	0.12137809410200773	
11A	4	a	484.69428	491.28876	484.69428	6.594480000000033	0.045359031585531895	487.99152	3.2972400000000164	0.282286831636652	
11A	4	a	491.948208	537.45012	522.282816	45.50191199999995	0.19890698906414794	514.36944	22.750955999999974	5.401276646380662	
11A	4	a	538.109568	563.168592	554.595768	25.059024000000022	0.3101910268084169	550.63908	12.529512000000011	5.349301120694143	
11A	4	a	567.12528	569.103624	568.444176	1.9783439999999928	0.04524753626177658	567.784728	0.9891719999999964	0.06886511162245701	
11A	4	a	569.763072	582.292584	575.698104	12.529512000000068	0.20194922598099918	575.698104	6.264756000000034	1.5746567418013793	
11A	4	a	582.952032	584.930376	582.952032	1.9783439999999928	0.038735448881694	583.61148	0.9891719999999964	0.049912679860245834	
11A	4	a	586.90872	589.546512	588.227616	2.6377919999999904	0.03555502705997782	588.227616	1.3188959999999952	0.08799165204347292	
11A	4	a	591.524856	600.09768	595.481544	8.572823999999969	0.0893682386721042	595.481544	4.286411999999984	0.501130332505014	
12A	4	a	0.0	8.572824	3.29724	8.572824	0.9458490095354235	3.956688	4.286412	7.484211757037911	
12A	2	b	9.232272	13.18896	9.89172	3.9566879999999998	-0.04910096175030443	11.210616	1.9783439999999999	-0.1245667768125247	
12A	4	a	13.848408	32.9724	21.102336	19.123992	0.2678363978770393	23.08068	9.561996	4.242857579917143	
12A	4	a	33.631848	66.604248	60.669216	32.9724	0.5631379366197784	50.118048	16.4862	13.227448349295074	
12A	4	a	67.263696	82.431	71.879832	15.167304000000001	0.313192915812607	74.517624	7.583652000000001	4.554096368279154	
12A	4	a	83.090448	98.9172	87.047136	15.826751999999999	0.15730162841598982	91.003824	7.9133759999999995	2.129625171814905	
12A	2	b	99.576648	101.554992	100.895544	1.9783439999999928	-0.02900557664322001	100.236096	0.9891719999999964	-0.0191357363241913	
12A	4	a	102.21444	123.316776	114.084504	21.102336000000008	0.36870156008341937	112.765608	10.551168000000004	7.787965384512835	
12A	4	a	123.976224	131.230152	127.932912	7.253928000000002	0.1813627623842864	127.273464	3.626964000000001	1.1187149108188597	
12A	4	a	135.18684	146.397456	137.824632	11.210616000000016	0.06262578030499011	140.462424	5.605308000000008	0.448318277494256	
12A	4	a	152.332488	160.905312	153.651384	8.572823999999997	0.05162113710406402	156.289176	4.286411999999999	0.33589450156262	
12A	4	a	161.56476	170.797032	167.499792	9.232271999999995	0.12868684989041856	166.180896	4.616135999999997	0.9758677192761844	
12A	4	a	171.45648	178.710408	171.45648	7.253928000000002	0.09177544874719157	174.75372	3.626964000000001	0.4899575792476836	
12A	4	a	179.369856	188.602128	183.985992	9.232271999999995	0.12822250100505794	183.985992	4.616135999999997	0.997201150338697	
12A	4	a	189.261576	191.23992	189.921024	1.9783440000000212	0.05792679946017287	189.921024	0.9891720000000106	0.08209574226072647	
12A	4	a	191.899368	195.196608	191.899368	3.297239999999988	0.02653910866439091	193.218264	1.648619999999994	0.07095204637402386	
12A	4	a	195.856056	197.8344	196.515504	1.9783439999999928	0.018141916269262204	196.515504	0.9891719999999964	0.02969851239323562	
12A	4	a	200.472192	214.3206	208.385568	13.848408000000006	0.08400562331049599	207.066672	6.924204000000003	0.8178364689367061	
12A	4	a	216.958392	227.50956	224.871768	10.55116799999999	0.09883490974491504	222.233976	5.275583999999995	0.8155194026880448	
12A	4	a	228.169008	283.56264	253.88748	55.393632	0.2834730056984327	255.865824	27.696816	12.573593506657913	
12A	4	a	284.222088	286.200432	284.881536	1.9783439999999928	0.037394230114046856	284.881536	0.9891719999999964	0.0682095459159	
12A	4	a	286.85988	292.794912	288.838224	5.935032000000035	0.0803600506450799	289.497672	2.9675160000000176	0.4095910375631244	
12A	4	a	293.45436	315.216144	307.302768	21.761783999999977	0.27120501503971184	304.005528	10.880891999999989	4.72424192036883	
12A	4	a	319.83228	331.702344	322.470072	11.870063999999957	0.09692805359313894	325.767312	5.935031999999978	0.7939090389539336	
12A	4	a	332.361792	337.637376	334.999584	5.275584000000038	0.11548256326829343	334.999584	2.637792000000019	0.5349338467344045	
12A	4	a	338.296824	348.847992	340.934616	10.551167999999961	0.10345848045462791	343.572408	5.275583999999981	1.0151720353556994	
12A	4	a	350.826336	356.10192	350.826336	5.275583999999981	0.0941159101329676	353.464128	2.6377919999999904	0.20501750982540967	
12A	4	a	356.761368	364.674744	358.080264	7.913375999999971	0.109023418549544	360.718056	3.9566879999999855	0.6678023211892294	
12A	4	a	365.334192	371.928672	366.653088	6.594480000000033	0.09912891894542764	368.631432	3.2972400000000164	0.4914519593674882	
12A	4	a	372.58812	391.712112	375.225912	19.123991999999987	0.17197245619953083	381.820392	9.561995999999994	3.069670988367424	
12A	4	a	392.37156	398.96604	396.328248	6.594480000000033	0.08821042737686025	395.6688	3.2972400000000164	0.4375368501055861	
12A	4	a	399.625488	407.538864	403.582176	7.913375999999971	0.06892497450196	403.582176	3.9566879999999855	0.3381561995941613	
12A	4	a	409.517208	417.430584	413.473896	7.913376000000028	0.09760830281218613	413.473896	3.956688000000014	0.5056098633813635	
12A	4	a	418.090032	420.068376	418.090032	1.9783439999999928	0.0355414342648519	418.74948	0.9891719999999964	0.042165360533735985	
12A	2	b	420.727824	422.706168	420.727824	1.9783439999999928	-0.029356394606324443	421.387272	0.9891719999999964	-0.03441529227276252	
12A	4	a	425.34396	443.149056	439.192368	17.805095999999992	0.16407568089505276	433.916784	8.902547999999996	2.55606326596231	
12A	4	a	443.808504	453.700224	447.105744	9.891719999999964	0.10551609454684474	448.42464	4.945859999999982	0.8324560539537678	
12A	4	a	454.359672	474.143112	462.273048	19.783439999999985	0.11886232518232465	464.251392	9.891719999999992	1.8296047926033574	
12A	4	a	474.80256	482.056488	474.80256	7.2539279999999735	0.0713970900552976	478.0998	3.6269639999999868	0.4769068591152421	
12A	4	a	482.715936	488.650968	484.034832	5.935031999999978	0.050998755390009975	485.353728	2.967515999999989	0.28093123959239596	
12A	4	a	490.629312	502.499376	493.926552	11.870063999999957	0.08497378795053123	496.564344	5.935031999999978	0.7575268705478062	
12A	4	a	504.47772	506.456064	505.796616	1.9783440000000496	0.03382794909135356	505.137168	0.9891720000000248	0.05009032569830962	
12A	4	a	511.731648	515.688336	514.36944	3.9566880000000424	0.05251164678307685	513.709992	1.9783440000000212	0.16805751332515095	
12A	4	a	516.347784	568.444176	557.23356	52.09639199999992	0.30674011193619943	542.066256	26.04819599999996	11.229253249782548	
12A	4	a	569.103624	573.060312	571.081968	3.9566879999999855	0.08712706650929292	571.081968	1.9783439999999928	0.29333167998808385	
12A	2	b	577.017	580.31424	578.995344	3.297239999999988	-0.03226868283175932	578.335896	1.648619999999994	-0.08079587734362503	
12A	4	a	580.973688	583.61148	582.292584	2.6377919999999904	0.06302765431821378	582.292584	1.3188959999999952	0.1109966363574455	
12A	4	a	584.270928	596.140992	594.822096	11.870063999999957	0.128713374977667	590.20596	5.935031999999978	0.8987877332232026	
12A	4	a	596.80044	600.09768	600.09768	3.297239999999988	0.11841586888822953	598.119336	1.648619999999994	0.23863796692643957	
13A	4	a	1.978344	13.848408	7.253928	11.870064	0.5307504893021822	7.913376	5.935032	5.383839388435664	
13A	2	b	14.507856	17.145648	15.167304	2.637792000000001	-0.01933371656274918	15.826752	1.3188960000000005	-0.03618811596087124	
13A	4	a	17.805096	42.86412	33.631848	25.059024	0.2878711943965726	30.334608	12.529512	6.050674292522574	
13A	4	a	43.523568	69.24204	60.669216	25.718472000000006	0.36176478160695824	56.05308	12.859236000000003	6.214432764158108	
13A	4	a	69.901488	81.771552	71.879832	11.870064	0.10257877080775923	75.83652	5.935032	1.0177455231475296	
13A	4	a	82.431	101.554992	87.706584	19.123992	0.13403372360225108	91.663272	9.561996	2.2614223429333213	
13A	4	a	102.21444	129.911256	124.635672	27.696816000000013	0.37447839468990063	116.062848	13.848408000000006	7.190238734363672	
13A	4	a	130.570704	151.013592	137.165184	20.442887999999982	0.13237529304825912	140.462424	10.221443999999991	2.773688929848775	
13A	4	a	151.67304	171.45648	164.862	19.783440000000013	0.1587202597916435	161.56476	9.891720000000007	2.1110496703778483	
13A	4	a	172.115928	201.13164	179.369856	29.015712000000008	0.14759553748398968	186.623784	14.507856000000004	3.6273104397168443	
13A	4	a	201.791088	205.088328	201.791088	3.297239999999988	0.075569315141367	203.109984	1.648619999999994	0.13305219396699508	
13A	4	a	207.066672	214.980048	212.342256	7.9133759999999995	0.07390721442421366	211.02336	3.9566879999999998	0.4644226378988612	
13A	4	a	216.958392	221.574528	220.255632	4.616135999999983	0.10965873930403625	218.936736	2.3080679999999916	0.46822960600050956	
13A	4	a	222.233976	227.50956	223.552872	5.275583999999981	0.10532922929496635	224.871768	2.6377919999999904	0.3901925274012512	
13A	4	a	228.169008	233.444592	231.466248	5.275584000000009	0.052043301988109913	230.8068	2.6377920000000046	0.2508782465364212	
13A	4	a	234.10404	240.69852	240.039072	6.594480000000004	0.05584720244709551	237.40128	3.297240000000002	0.2791004652527427	
13A	4	a	241.357968	271.692576	251.909136	30.334607999999974	0.2969093315124516	256.525272	15.167303999999987	5.619879399165026	
13A	4	a	272.352024	274.989816	273.67092	2.637792000000047	0.07611623015280333	273.67092	1.3188960000000236	0.18205443682460842	
13A	4	a	275.649264	281.584296	280.924848	5.935031999999978	0.08287282817403252	278.287056	2.967515999999989	0.3366191511155838	
13A	4	a	282.243744	288.178776	285.540984	5.935032000000035	0.09383959307911738	284.881536	2.9675160000000176	0.3283842807937123	
13A	4	a	288.838224	291.476016	289.497672	2.6377919999999904	0.054520306747434244	290.15712	1.3188959999999952	0.10986624912704723	
13A	4	a	292.135464	294.113808	292.135464	1.9783439999999928	0.05458279328840021	292.794912	0.9891719999999964	0.07029527146476022	
13A	4	a	294.773256	327.086208	314.556696	32.312951999999996	0.2942759566713944	310.600008	16.156475999999998	6.850829082838261	
13A	4	a	327.745656	331.702344	328.405104	3.9566879999999855	0.0596791231752265	329.724	1.9783439999999928	0.12905390581610066	
13A	2	b	338.956272	340.934616	338.956272	1.9783439999999928	-0.022034732678133828	339.61572	0.9891719999999964	-0.024201635362177676	
13A	4	a	344.231856	351.485784	348.847992	7.25392800000003	0.039410733049024316	347.529096	3.626964000000015	0.22583007518240317	
13A	4	a	352.145232	354.123576	352.80468	1.9783439999999928	0.06835346330126857	352.80468	0.9891719999999964	0.09766134113935188	
13A	4	a	354.783024	383.139288	373.247568	28.35626400000001	0.23139426763595505	368.631432	14.178132000000005	4.16207311363377	
13A	4	a	383.798736	391.712112	386.436528	7.913375999999971	0.06856552652980419	387.755424	3.9566879999999855	0.4171526458828503	
13A	4	a	392.37156	396.987696	396.328248	4.61613600000004	0.038485118870211554	394.349904	2.30806800000002	0.10964738573165067	
13A	4	a	398.96604	410.176656	405.56052	11.210615999999959	0.07177011671562283	404.241624	5.6053079999999795	0.7077369621558307	
13A	4	a	414.133344	419.408928	416.771136	5.275583999999981	0.0510758947104879	416.771136	2.6377919999999904	0.17604335443305819	
13A	4	a	420.068376	441.170712	437.214024	21.10233599999998	0.29340991506070146	430.619544	10.55116799999999	3.9351885524147683	
13A	4	a	441.83016	460.954152	452.381328	19.123992000000044	0.1844793247216332	451.062432	9.561996000000022	2.7742278272316163	
13A	4	a	461.6136	465.570288	464.91084	3.9566879999999855	0.04256617951158148	463.591944	1.9783439999999928	0.15919807609874215	
13A	4	a	466.229736	472.824216	468.867528	6.594479999999976	0.060718503085990694	469.526976	3.297239999999988	0.3355676501225515	
13A	4	a	473.483664	486.672624	481.39704	13.188960000000009	0.07342220890871021	480.078144	6.594480000000004	0.7758676956813457	
13A	4	a	487.332072	501.839928	492.607656	14.507856000000004	0.2435759198000249	494.586	7.253928000000002	2.214125799025261	
13A	4	a	502.499376	514.36944	509.093856	11.87006400000007	0.2850158591224803	508.434408	5.935032000000035	2.5960071939113414	
13A	4	a	515.028888	518.326128	515.688336	3.297239999999988	0.049121566646104675	516.347784	1.648619999999994	0.16297923878632226	
13A	2	b	518.985576	520.96392	518.985576	1.9783439999999928	-0.023311598666636346	519.645024	0.9891719999999964	-0.033097484767031116	
13A	4	a	522.942264	549.320184	545.363496	26.377920000000017	0.3056485196735559	536.131224	13.188960000000009	6.001441556219715	
13A	4	a	551.298528	574.379208	557.893008	23.080679999999916	0.22064954334586329	562.509144	11.540339999999958	4.8891651812084875	
13A	4	a	575.038656	580.973688	580.31424	5.935032000000092	0.08635547490693884	577.676448	2.967516000000046	0.42939491395774	
13A	4	a	581.633136	600.09768	585.589824	18.464543999999933	0.11997885285343202	590.865408	9.232271999999966	2.124427812454103	
14A	4	a	0.0	1.978344	1.318896	1.978344	0.02586062568771208	0.659448	0.989172	0.03420665681572577	
14A	4	a	2.637792	39.56688	13.18896	36.929088	1.057202362355674	21.102336	18.464544	28.353886234199667	
14A	4	a	40.226328	54.734184	46.820808	14.507855999999997	0.15204292529325247	47.480256	7.253927999999998	1.6970746281606488	
14A	4	a	58.690872	80.452656	67.923144	21.761784000000006	0.5290132536682437	69.24204	10.880892000000003	7.852611132330221	
14A	4	a	81.112104	110.127816	85.068792	29.015711999999994	0.20639265825297048	95.61996	14.507855999999997	3.8653462283558033	
14A	4	a	110.787264	122.657328	110.787264	11.870064000000013	0.06231350494089405	116.722296	5.935032000000007	0.5256463120243762	
14A	4	a	124.635672	146.397456	130.570704	21.761784000000006	0.5600335918170005	135.18684	10.880892000000003	10.742819284641609	
14A	4	a	147.056904	152.332488	147.716352	5.275584000000009	0.09921499876688422	149.694696	2.6377920000000046	0.39537018230829624	
14A	4	a	152.991936	155.629728	152.991936	2.6377919999999904	0.02555459956763695	154.310832	1.3188959999999952	0.03626420872111957	
14A	4	a	162.224208	168.15924	163.543104	5.935032000000007	0.0578733463253398	164.862	2.9675160000000034	0.2708633890245582	
14A	4	a	168.818688	170.797032	168.818688	1.9783439999999928	0.05404965720337174	169.478136	0.9891719999999964	0.06746089656615961	
14A	4	a	171.45648	182.667096	178.710408	11.210615999999987	0.13833169907070264	176.732064	5.605307999999994	1.4371980070218702	
14A	4	a	185.304888	187.94268	186.623784	2.6377919999999904	0.08631315858557453	186.623784	1.3188959999999952	0.2251811611261294	
14A	4	a	190.580472	195.856056	191.899368	5.275584000000009	0.08935745578632392	193.218264	2.6377920000000046	0.28952952031461177	
14A	4	a	197.8344	200.472192	199.812744	2.637792000000019	0.08755520976885123	199.153296	1.3188960000000094	0.16166651103730212	
14A	4	a	201.13164	204.42888	203.109984	3.297239999999988	0.06330044602862461	202.450536	1.648619999999994	0.20248220974479691	
14A	2	b	205.088328	209.704464	207.066672	4.616136000000012	-0.06902723701101765	207.066672	2.308068000000006	-0.2620524948888263	
14A	4	a	210.363912	212.342256	211.682808	1.9783439999999928	0.0035701160620580374	211.02336	0.9891719999999964	0.0065329757534973165	
14A	4	a	213.001704	216.298944	214.980048	3.2972400000000164	0.039602076803441744	214.3206	1.6486200000000082	0.08786495692623864	
14A	4	a	216.958392	219.596184	216.958392	2.6377919999999904	0.05636666059239115	218.277288	1.3188959999999952	0.1020970496742526	
14A	4	a	220.255632	228.169008	222.233976	7.9133759999999995	0.06790523258759773	224.21232	3.9566879999999998	0.45135233623773807	
14A	4	a	228.828456	234.10404	228.828456	5.275584000000009	0.04692012813793145	231.466248	2.6377920000000046	0.17952308764780733	
14A	4	a	236.082384	242.676864	238.720176	6.594480000000004	0.06395914836784966	239.379624	3.297240000000002	0.2709144575833118	
14A	4	a	243.336312	271.033128	253.228032	27.696815999999984	0.18510161492235389	257.18472	13.848407999999992	3.908435765390916	
14A	4	a	271.692576	276.308712	273.011472	4.61613600000004	0.0843192803034678	273.67092	2.30806800000002	0.30325764247884734	
14A	4	a	276.96816	281.584296	279.605952	4.616135999999983	0.053408419241589566	278.946504	2.3080679999999916	0.18672949279528006	
14A	4	a	282.243744	284.222088	283.56264	1.9783439999999928	0.06398453257085235	282.903192	0.9891719999999964	0.11528181492028078	
14A	4	a	284.881536	288.838224	284.881536	3.9566880000000424	0.09135526227642687	286.85988	1.9783440000000212	0.18366895339471445	
14A	4	a	289.497672	291.476016	290.816568	1.9783439999999928	0.029847765768361345	290.15712	0.9891719999999964	0.027247307243756236	
14A	4	a	292.135464	300.708288	296.092152	8.572823999999969	0.07149516591356653	296.092152	4.286411999999984	0.3120665723915852	
14A	4	a	301.367736	305.983872	302.027184	4.61613600000004	0.05542378296099271	303.34608	2.30806800000002	0.16909920236839748	
14A	4	a	306.64332	310.600008	307.962216	3.9566879999999855	0.04195525622011642	308.621664	1.9783439999999928	0.14452534974434195	
14A	4	a	312.578352	331.702344	318.513384	19.123991999999987	0.23785738472131435	321.810624	9.561995999999994	3.694786948665615	
14A	4	a	332.361792	334.999584	333.02124	2.637792000000047	0.08827597845645663	333.680688	1.3188960000000236	0.2086392434159703	
14A	4	a	335.659032	348.188544	338.296824	12.529511999999954	0.10998165510154267	341.594064	6.264755999999977	1.3834848146211178	
14A	4	a	348.847992	351.485784	350.826336	2.637792000000047	0.024878121562346145	350.166888	1.3188960000000236	0.04113433918204379	
14A	4	a	352.145232	364.674744	358.739712	12.529511999999954	0.1277732715424711	358.080264	6.264755999999977	1.2332740069876174	
14A	4	a	365.334192	377.863704	371.928672	12.529512000000011	0.2836002241989566	371.269224	6.2647560000000055	2.625409574919796	
14A	4	a	378.523152	389.07432	383.798736	10.551168000000018	0.12697223823896708	383.798736	5.275584000000009	1.2670811450258839	
14A	4	a	389.733768	392.37156	391.712112	2.6377919999999904	0.020351743860218097	391.052664	1.3188959999999952	0.03541795591074126	
14A	2	b	394.349904	401.603832	395.6688	7.25392800000003	-0.036166239120089205	397.647144	3.626964000000015	-0.19393399968601877	
14A	4	a	402.26328	419.408928	411.495552	17.145647999999994	0.08068980902632328	410.836104	8.572823999999997	1.0091130365403331	
14A	4	a	421.387272	458.975808	443.808504	37.588535999999976	0.21464220799568645	439.851816	18.794267999999988	4.577934437319302	
14A	4	a	459.635256	468.20808	466.229736	8.572823999999969	0.06732246120086982	463.591944	4.286411999999984	0.45967524853568587	
14A	4	a	468.867528	476.121456	472.164768	7.25392800000003	0.13925060633080077	472.164768	3.626964000000015	0.7209197068547761	
14A	4	a	476.780904	496.564344	491.948208	19.783439999999985	0.35001695713938297	486.672624	9.891719999999992	4.605235368678363	
14A	4	a	498.542688	511.0722	507.115512	12.529512000000011	0.25317564215342925	504.47772	6.2647560000000055	2.089603189490175	
14A	4	a	513.050544	533.493432	525.580056	20.44288800000004	0.16787482122936748	522.942264	10.22144400000002	2.620245720661541	
14A	4	a	534.15288	552.617424	548.001288	18.464544000000046	0.3946879868240183	543.385152	9.232272000000023	4.428509647390522	
14A	4	a	553.276872	559.211904	554.595768	5.935031999999978	0.0936075098710325	555.914664	2.967515999999989	0.36257740521542847	
14A	4	a	559.871352	572.400864	564.487488	12.529511999999954	0.16292224970740454	565.806384	6.264755999999977	1.5520548790227044	
14A	4	a	573.060312	577.017	574.379208	3.9566880000000992	0.08381038723105272	575.038656	1.9783440000000496	0.26037954881249026	
14A	4	a	577.676448	595.481544	587.568168	17.805095999999935	0.05948565293771857	586.249272	8.902547999999967	0.9955051976955709	
14A	4	a	597.459888	599.438232	598.778784	1.9783439999999928	0.04115989115470775	598.119336	0.9891719999999964	0.039272089613599404	
15A	4	a	6.59448	35.610192	23.08068	29.015711999999997	0.5414750024548844	21.102336	14.507855999999999	12.820935587772897	
15A	4	a	36.26964	53.415288	45.501912	17.145647999999994	0.12272521344371423	44.842464	8.572823999999997	1.6030327892642897	
15A	4	a	54.074736	58.031424	55.393632	3.9566879999999998	0.06782730903203893	56.05308	1.9783439999999999	0.2022950772101042	
15A	4	a	60.009768	86.387688	73.858176	26.377919999999996	0.35761683273365197	73.198728	13.188959999999998	7.300571156927581	
15A	4	a	87.047136	102.21444	97.598304	15.167304000000001	0.09735704598342299	94.301064	7.583652000000001	1.3262746571028268	
15A	4	a	102.873888	106.171128	102.873888	3.297240000000002	0.046857461982431126	104.192784	1.648620000000001	0.1159839636107618	
15A	4	a	106.830576	108.80892	106.830576	1.978344000000007	0.02436125562440994	107.490024	0.9891720000000035	0.021552655289076128	
15A	4	a	112.10616	121.338432	117.381744	9.232271999999995	0.09885884252261823	116.722296	4.616135999999997	0.5762010361923589	
15A	4	a	121.99788	123.976224	121.99788	1.978344000000007	0.0317839529838575	122.657328	0.9891720000000035	0.0476721618935152	
15A	4	a	124.635672	149.694696	134.527392	25.059023999999994	0.30368881397239456	137.165184	12.529511999999997	6.166171991759972	
15A	4	a	150.354144	164.862	152.332488	14.507856000000004	0.19800122393701391	157.608072	7.253928000000002	2.124836357587937	
15A	4	a	165.521448	178.710408	169.478136	13.188960000000009	0.28761543776658893	172.115928	6.594480000000004	2.21724026856897	
15A	2	b	179.369856	181.3482	180.029304	1.9783439999999928	-0.0323068522779173	180.029304	0.9891719999999964	-0.03578429555094864	
15A	4	a	182.007648	207.72612	197.174952	25.71847200000002	0.29203346238060623	194.53716	12.85923600000001	6.698237052254262	
15A	4	a	208.385568	229.487904	221.574528	21.10233599999998	0.11340741434704693	218.936736	10.55116799999999	1.5571982738771724	
15A	4	a	230.147352	234.10404	230.8068	3.9566879999999855	0.0713098811890398	232.125696	1.9783439999999928	0.24797379554485355	
15A	4	a	234.763488	236.741832	236.082384	1.9783439999999928	0.04390744933731083	235.422936	0.9891719999999964	0.07269525491293782	
15A	4	a	237.40128	240.039072	238.720176	2.6377919999999904	0.09903382461373234	238.720176	1.3188959999999952	0.16977095431533895	
15A	4	a	240.69852	247.293	243.336312	6.594480000000004	0.08481276661558335	243.99576	3.297240000000002	0.3778582981222136	
15A	4	a	247.952448	259.163064	254.546928	11.210616000000016	0.12423359973839032	253.228032	5.605308000000008	1.0299488711311207	
15A	4	a	259.822512	265.098096	262.460304	5.275583999999981	0.047354776223551553	262.460304	2.6377919999999904	0.21324555029447567	
15A	4	a	265.757544	272.352024	270.37368	6.594479999999976	0.08373542868657591	269.054784	3.297239999999988	0.44666754108410855	
15A	4	a	273.011472	275.649264	273.011472	2.6377919999999904	0.07993195395024344	274.330368	1.3188959999999952	0.16841753564644524	
15A	4	a	276.308712	284.222088	280.924848	7.913375999999971	0.04781992081220787	280.2654	3.9566879999999855	0.2187067136948544	
15A	4	a	284.881536	287.519328	285.540984	2.6377919999999904	0.04559807921482051	286.200432	1.3188959999999952	0.10338044603394425	
15A	4	a	288.178776	290.816568	289.497672	2.6377919999999904	0.05807148747505941	289.497672	1.3188959999999952	0.1269180101797287	
15A	4	a	291.476016	293.45436	291.476016	1.9783439999999928	0.032960350434156904	292.135464	0.9891719999999964	0.030466019672192646	
15A	4	a	294.113808	300.04884	294.773256	5.935031999999978	0.07218938262781771	296.7516	2.967515999999989	0.263435841382585	
15A	4	a	300.708288	303.34608	301.367736	2.6377919999999904	0.028462924827330927	302.027184	1.3188959999999952	0.06209511760034747	
15A	4	a	304.005528	308.621664	307.962216	4.616135999999983	0.041519635843845215	305.983872	2.3080679999999916	0.13587464836717178	
15A	4	a	313.2378	333.680688	318.513384	20.442887999999982	0.25730589196997355	323.12952	10.221443999999991	4.537108315848239	
15A	4	a	334.340136	351.485784	344.231856	17.14564800000005	0.11535625270622063	342.91296	8.572824000000026	1.5934955131942472	
15A	4	a	352.145232	354.783024	352.80468	2.6377919999999904	0.0961808150080441	353.464128	1.3188959999999952	0.19898309808948578	
15A	4	a	359.39916	365.99364	362.6964	6.594480000000033	0.06281843020654154	362.6964	3.2972400000000164	0.35249566250450126	
15A	4	a	369.29088	399.625488	373.907016	30.334608000000003	0.22692016533335968	384.458184	15.167304000000001	6.1445977250110975	
15A	4	a	400.284936	406.879416	404.241624	6.594479999999976	0.04964222484355174	403.582176	3.297239999999988	0.2128196564002176	
15A	4	a	407.538864	409.517208	408.85776	1.9783439999999928	0.018716298364445993	408.198312	0.9891719999999964	0.021855923771492813	
15A	2	b	410.176656	412.155	411.495552	1.9783439999999928	-0.052713232384043796	410.836104	0.9891719999999964	-0.0694488694639308	
15A	4	a	414.133344	416.111688	415.45224	1.9783439999999928	0.04922156680613243	414.792792	0.9891719999999964	0.08049400986082977	
15A	4	a	418.74948	427.322304	424.684512	8.572823999999969	0.05049168780280944	422.706168	4.286411999999984	0.3290764860790061	
15A	4	a	427.981752	435.23568	428.6412	7.25392800000003	0.07740316277810244	431.278992	3.626964000000015	0.42231031874517266	
15A	4	a	435.895128	438.53292	435.895128	2.6377919999999904	0.06029816122350162	437.214024	1.3188959999999952	0.12711865666095234	
15A	4	a	439.192368	459.635256	442.489608	20.44288800000004	0.22759158894491938	449.084088	10.22144400000002	3.5300181029904136	
15A	4	a	460.294704	467.548632	460.294704	7.2539279999999735	0.09307485747875965	463.591944	3.6269639999999868	0.5416346617631453	
15A	4	a	468.20808	475.462008	468.867528	7.25392800000003	0.076084700361855	471.50532	3.626964000000015	0.39046365363838653	
15A	4	a	476.121456	494.586	491.28876	18.46454399999999	0.18568626547215938	485.353728	9.232271999999995	3.3735351219118876	
15A	4	a	496.564344	502.499376	499.202136	5.935031999999978	0.1774982271937846	499.202136	2.967515999999989	0.8808627135097744	
15A	4	a	503.158824	507.115512	505.796616	3.9566880000000424	0.07584196124421005	505.137168	1.9783440000000212	0.22094996301257952	
15A	4	a	507.77496	530.196192	518.326128	22.421231999999975	0.293147394466712	518.985576	11.210615999999987	5.924431956808493	
15A	2	b	534.15288	542.066256	538.109568	7.913375999999971	-0.06564962487689252	538.109568	3.9566879999999855	-0.29324884674416096	
15A	4	a	544.0446	555.255216	550.63908	11.210616000000073	0.23237825484437513	549.320184	5.605308000000036	2.022812623779404	
15A	4	a	555.914664	565.806384	557.893008	9.891719999999964	0.16881478751153578	560.5308	4.945859999999982	1.2961931846179784	
15A	4	a	566.465832	600.09768	600.09768	33.63184799999999	1.2688469398161164	582.952032	16.815923999999995	32.49888548263216	
16A	2	b	0.0	1.978344	0.0	1.978344	-0.04943839052357113	0.659448	0.989172	-0.054046242222510754	
16A	4	a	5.275584	16.4862	9.89172	11.210616	0.18825601411656923	10.551168	5.605308	1.61568465059978	
16A	4	a	17.145648	24.399576	22.421232	7.253927999999998	0.08285616434618959	20.442888	3.626963999999999	0.5119401205704355	
16A	4	a	25.059024	30.334608	26.37792	5.2755839999999985	0.06606021398163175	27.696816	2.6377919999999992	0.30056826098626144	
16A	4	a	32.9724	44.842464	36.929088	11.870064	0.21474978465264538	38.907432	5.935032	1.896601735003222	
16A	4	a	46.820808	58.031424	48.799152	11.210616000000002	0.08145394525848237	52.096392	5.605308000000001	0.81328324977244	
16A	4	a	58.690872	74.517624	65.9448	15.826751999999999	0.19839354550061028	66.604248	7.9133759999999995	2.3340989122253917	
16A	4	a	75.177072	127.932912	100.236096	52.755840000000006	0.18352279985232522	101.554992	26.377920000000003	8.842740004286188	
16A	4	a	128.59236	145.07856	137.165184	16.486199999999997	0.15055629068618792	136.505736	8.243099999999998	2.3370415480935143	
16A	4	a	145.738008	172.775376	168.818688	27.037367999999987	0.28603616150926836	158.926968	13.518683999999993	5.324211704369103	
16A	4	a	173.434824	179.369856	177.391512	5.935032000000007	0.14752773638505134	176.072616	2.9675160000000034	0.7434284680939145	
16A	4	a	180.029304	205.747776	195.196608	25.71847199999999	0.316929685294173	192.558816	12.859235999999996	7.397875649469949	
16A	4	a	206.407224	216.958392	208.385568	10.55116799999999	0.13461911627462442	211.682808	5.275583999999995	1.1657861907051015	
16A	4	a	217.61784	224.21232	223.552872	6.594480000000004	0.0621428214733899	220.91508	3.297240000000002	0.32435446161757975	
16A	4	a	224.871768	228.169008	226.190664	3.297239999999988	0.06169148833705229	226.190664	1.648619999999994	0.1852722628995762	
16A	4	a	228.828456	236.741832	229.487904	7.9133759999999995	0.06188092892425834	232.785144	3.9566879999999998	0.294992479501315	
16A	4	a	243.336312	246.633552	245.974104	3.2972400000000164	0.06514837965908482	244.655208	1.6486200000000082	0.16096278290073873	
16A	4	a	251.249688	253.228032	251.249688	1.9783440000000212	0.05853788393268333	251.909136	0.9891720000000106	0.10678867888831078	
16A	4	a	253.88748	257.844168	255.865824	3.956688000000014	0.08064106096654644	255.865824	1.978344000000007	0.21714026401268538	
16A	4	a	258.503616	264.438648	262.460304	5.935031999999978	0.07651110984336862	261.141408	2.967515999999989	0.4061813857917378	
16A	4	a	265.098096	277.627608	273.67092	12.529512000000011	0.0779759336542698	271.033128	6.2647560000000055	0.8433301231613104	
16A	4	a	278.287056	280.2654	279.605952	1.9783439999999928	0.0843286608132865	278.946504	0.9891719999999964	0.12298074804885561	
16A	4	a	280.924848	284.222088	281.584296	3.297239999999988	0.07906401790348427	282.243744	1.648619999999994	0.23293961881459757	
16A	4	a	284.881536	289.497672	285.540984	4.61613600000004	0.07287243544495903	286.85988	2.30806800000002	0.27935932218256165	
16A	4	a	290.15712	292.794912	290.816568	2.6377919999999904	0.0832089944292429	291.476016	1.3188959999999952	0.11725880415196377	
16A	4	a	293.45436	315.216144	312.578352	21.761783999999977	0.0776132230464297	304.005528	10.880891999999989	0.9475028944701211	
16A	4	a	315.875592	336.977928	329.724	21.102336000000037	0.09001610158595863	326.42676	10.551168000000018	1.5645793291017038	
16A	4	a	337.637376	341.594064	340.275168	3.9566879999999855	0.1009531639380894	339.61572	1.9783439999999928	0.2502016031689105	
16A	4	a	342.253512	345.550752	343.572408	3.297239999999988	0.047397604007934024	343.572408	1.648619999999994	0.09761982480775844	
16A	4	a	346.2102	359.39916	353.464128	13.188960000000009	0.09583173273572942	352.80468	6.594480000000004	1.032134945474908	
16A	4	a	360.058608	363.355848	362.6964	3.297239999999988	0.059892708581839926	361.377504	1.648619999999994	0.17717550086931677	
16A	4	a	364.015296	367.312536	366.653088	3.297240000000045	0.04729994425227968	365.334192	1.6486200000000224	0.0987103980850772	
16A	4	a	369.950328	399.625488	375.88536	29.675160000000005	0.16151128565841466	384.458184	14.837580000000003	4.332891466282698	
16A	4	a	400.284936	404.241624	400.284936	3.9566879999999855	0.05948057117834793	402.26328	1.9783439999999928	0.1230927011673828	
16A	4	a	404.901072	421.387272	418.090032	16.486199999999997	0.05173620982897198	412.814448	8.243099999999998	0.6496285239829309	
16A	4	a	422.04672	425.34396	422.706168	3.297239999999988	0.04275632718330291	423.365616	1.648619999999994	0.10762767698994402	
16A	4	a	427.322304	472.164768	447.765192	44.84246400000001	0.1322599980650856	449.743536	22.421232000000003	4.358995314866002	
16A	4	a	472.824216	482.056488	477.440352	9.232272000000023	0.10826470856227655	477.440352	4.616136000000012	0.7554853950540152	
16A	4	a	482.715936	493.926552	486.013176	11.210616000000016	0.1899373491455436	487.99152	5.605308000000008	1.593698778120736	
16A	4	a	494.586	523.601712	499.202136	29.015712000000008	0.1923163699236876	509.093856	14.507856000000004	3.8349596593872146	
16A	4	a	524.26116	530.196192	528.877296	5.935031999999978	0.0966001534665164	526.898952	2.967515999999989	0.48560518598550395	
16A	4	a	530.85564	565.806384	548.660736	34.950743999999986	0.24835271185101737	548.001288	17.475371999999993	6.904722177898765	
16A	4	a	566.465832	569.103624	566.465832	2.6377919999999904	0.08191142319767941	567.784728	1.3188959999999952	0.16249560164965993	
16A	4	a	569.763072	593.5032	588.887064	23.740128000000027	0.13666575971481842	581.633136	11.870064000000013	2.5386921922256027	
16A	4	a	594.162648	600.09768	599.438232	5.935031999999978	0.12475951533660457	596.80044	2.967515999999989	0.6606664826035857	
17A	4	a	1.978344	20.442888	11.210616	18.464544	0.07202931825953884	11.210616	9.232272	0.9855455212651358	
17A	4	a	21.102336	24.399576	22.421232	3.2972399999999986	0.03381395143926236	22.421232	1.6486199999999993	0.0887897278503269	
17A	4	a	25.059024	38.907432	32.312952	13.848408	0.09602972377025099	31.653504	6.924204	1.0498686531456165	
17A	4	a	39.56688	42.86412	41.545224	3.297240000000002	0.08399148975135828	40.885776	1.648620000000001	0.21934549059929953	
17A	4	a	45.501912	59.35032	58.031424	13.848408000000006	0.06488617535713193	52.096392	6.924204000000003	0.7475612290015037	
17A	4	a	60.009768	86.387688	73.198728	26.377919999999996	0.12253046745562424	73.198728	13.188959999999998	2.4713216049806	
17A	4	a	87.047136	89.684928	87.047136	2.6377920000000046	0.03565024984941445	88.366032	1.3188960000000023	0.07023737997241786	
17A	4	a	91.663272	95.61996	93.641616	3.9566879999999998	0.04069701264881287	93.641616	1.9783439999999999	0.08125300201187047	
17A	4	a	96.279408	104.852232	98.9172	8.572823999999997	0.02795770358444427	100.236096	4.286411999999999	0.21642123672093727	
17A	4	a	105.51168	114.084504	112.10616	8.572823999999997	0.045229264487768095	109.468368	4.286411999999999	0.3332886710551215	
17A	4	a	114.743952	118.041192	116.062848	3.297240000000002	0.046245093078855604	116.062848	1.648620000000001	0.10009631067953007	
17A	4	a	118.70064	121.99788	120.678984	3.297239999999988	0.04901683829490677	120.019536	1.648619999999994	0.09731644633477621	
17A	4	a	122.657328	125.954568	124.635672	3.297239999999988	0.058591581641209256	123.976224	1.648619999999994	0.12862940690591462	
17A	4	a	132.549048	134.527392	133.208496	1.9783439999999928	0.013084412534471124	133.208496	0.9891719999999964	0.014496479187324551	
17A	2	b	142.440768	146.397456	145.738008	3.956688000000014	-0.04676485727941193	144.419112	1.978344000000007	-0.11606867150276678	
17A	4	a	151.67304	161.56476	156.289176	9.89172000000002	0.15808766626039272	156.289176	4.94586000000001	1.6301312196058335	
17A	4	a	163.543104	175.413168	170.137584	11.870064000000013	0.12469086765776671	169.478136	5.935032000000007	1.2134271483410204	
17A	4	a	176.072616	190.580472	181.3482	14.507855999999975	0.19572273128874507	183.326544	7.253927999999988	2.0614725385816315	
17A	4	a	191.23992	206.407224	195.856056	15.167304000000001	0.16295893954475504	198.493848	7.583652000000001	1.817664259952294	
17A	4	a	207.066672	216.958392	208.385568	9.891719999999992	0.09831278157433587	211.682808	4.945859999999996	0.8895655384915404	
17A	4	a	217.61784	220.91508	220.255632	3.297239999999988	0.10141598637712024	218.936736	1.648619999999994	0.2570588974274195	
17A	4	a	221.574528	229.487904	223.552872	7.9133759999999995	0.09579331847547534	225.531216	3.9566879999999998	0.6251378508807439	
17A	4	a	230.147352	235.422936	234.763488	5.275583999999981	0.06701668524782267	232.785144	2.6377919999999904	0.3114992404611032	
17A	4	a	236.082384	240.039072	238.060728	3.956688000000014	0.058759467571443125	238.060728	1.978344000000007	0.18939232244776116	
17A	4	a	240.69852	243.336312	242.017416	2.6377919999999904	0.052396634828644206	242.017416	1.3188959999999952	0.08410634626749114	
17A	4	a	243.99576	247.293	245.314656	3.2972400000000164	0.02743228425455735	245.314656	1.6486200000000082	0.058146306134531534	
17A	4	a	247.952448	249.930792	248.611896	1.9783439999999928	0.017891492745817583	248.611896	0.9891719999999964	0.033408642980363945	
17A	4	a	250.59024	274.989816	251.909136	24.399576000000025	0.08530038104824778	262.460304	12.199788000000012	1.2417364974608056	
17A	4	a	275.649264	289.497672	285.540984	13.848408000000006	0.058867459064952055	282.243744	6.924204000000003	0.6506523765097356	
17A	4	a	291.476016	298.070496	292.135464	6.594479999999976	0.05051880003988307	294.773256	3.297239999999988	0.3271057212767219	
17A	4	a	300.04884	302.686632	300.04884	2.6377919999999904	0.01627107415789686	301.367736	1.3188959999999952	0.03629929886398897	
17A	4	a	303.34608	308.621664	307.302768	5.275584000000038	0.078084916126552	305.983872	2.637792000000019	0.19230542064667167	
17A	4	a	309.281112	311.259456	309.281112	1.9783439999999928	0.017181168542892422	309.94056	0.9891719999999964	0.012208262457371388	
17A	4	a	311.918904	324.448416	317.853936	12.529512000000011	0.07306967902054051	317.853936	6.2647560000000055	0.7003447754391048	
17A	4	a	325.107864	348.847992	334.999584	23.74012799999997	0.14612538370198713	336.977928	11.870063999999985	2.437047960825849	
17A	4	a	351.485784	363.355848	361.377504	11.870063999999957	0.12115290898043352	357.420816	5.935031999999978	1.0238421037780885	
17A	4	a	364.015296	373.907016	365.334192	9.89172000000002	0.08477349417121527	368.631432	4.94586000000001	0.46795110440842347	
17A	4	a	374.566464	380.501496	375.88536	5.935031999999978	0.039611899480546775	377.204256	2.967515999999989	0.1809357502182274	
17A	4	a	382.47984	388.414872	385.77708	5.935031999999978	0.06119151980920012	385.117632	2.967515999999989	0.22371542718195525	
17A	4	a	389.07432	393.031008	391.712112	3.9566879999999855	0.06844307410970796	391.052664	1.9783439999999928	0.17667809532144596	
17A	4	a	395.6688	400.944384	398.96604	5.275584000000038	0.06794537577864324	398.306592	2.637792000000019	0.2801015798314457	
17A	4	a	401.603832	408.85776	402.26328	7.2539279999999735	0.09513264272614608	404.901072	3.6269639999999868	0.7693884608491728	
17A	4	a	409.517208	414.792792	410.176656	5.275584000000038	0.07389096667323214	412.155	2.637792000000019	0.33928732779792115	
17A	4	a	416.771136	422.04672	417.430584	5.275583999999981	0.05724167734315211	419.408928	2.6377919999999904	0.13647233328722996	
17A	4	a	422.706168	425.34396	424.025064	2.6377919999999904	0.018368844713532173	424.025064	1.3188959999999952	0.04287211410300351	
17A	2	b	432.597888	437.214024	433.916784	4.616135999999983	-0.07469469621177804	434.576232	2.3080679999999916	-0.18164360480496144	
17A	2	b	439.192368	441.83016	439.851816	2.6377919999999904	-0.05858354080537653	440.511264	1.3188959999999952	-0.09556900893675091	
17A	2	b	442.489608	445.786848	443.808504	3.297240000000045	-0.07448101701004362	443.808504	1.6486200000000224	-0.1655570162192983	
17A	2	b	447.765192	470.845872	459.635256	23.080679999999973	-0.09699276946420454	458.975808	11.540339999999986	-1.7407418998690747	
17A	4	a	471.50532	484.034832	475.462008	12.529512000000011	0.11571160685471638	477.440352	6.2647560000000055	0.9347795872629006	
17A	4	a	484.69428	490.629312	489.310416	5.935032000000035	0.12452730782895527	487.332072	2.9675160000000176	0.4334596551874004	
17A	4	a	491.28876	498.542688	497.88324	7.2539279999999735	0.09521001648607719	494.586	3.6269639999999868	0.40762629732629274	
17A	4	a	499.202136	511.0722	500.521032	11.870064000000013	0.14776200761192504	505.137168	5.935032000000007	1.1036783843950837	
17A	4	a	511.731648	518.326128	512.391096	6.594480000000033	0.07095242846124661	515.028888	3.2972400000000164	0.45557887108020134	
17A	4	a	518.985576	531.515088	530.85564	12.529511999999954	0.08055434633003378	524.920608	6.264755999999977	0.9776162490559925	
17A	4	a	532.174536	537.45012	532.833984	5.275583999999981	0.07048541599049418	534.812328	2.6377919999999904	0.3292281146019904	
17A	4	a	538.109568	541.406808	540.74736	3.297239999999988	0.03186324466398949	539.428464	1.648619999999994	0.08119832052777154	
17A	4	a	543.385152	545.363496	543.385152	1.9783440000001065	0.020459648243189577	544.0446	0.9891720000000532	0.033048275284515816	
17A	4	a	546.022944	554.595768	550.63908	8.572823999999969	0.05172855935637699	549.979632	4.286411999999984	0.31210882263482964	
17A	4	a	555.255216	566.465832	560.5308	11.210615999999959	0.07855077052280324	560.5308	5.6053079999999795	0.8515717309399511	
17A	4	a	567.12528	574.379208	571.741416	7.2539279999999735	0.08618211803263387	570.42252	3.6269639999999868	0.4325121278232067	
17A	4	a	575.038656	582.952032	576.357552	7.913376000000085	0.0666965730196325	578.995344	3.9566880000000424	0.34834604965672766	
17A	4	a	583.61148	590.20596	588.227616	6.594479999999976	0.04647734732979947	586.90872	3.297239999999988	0.20007483365536904	
17A	4	a	590.865408	600.09768	594.822096	9.232271999999966	0.07342408538746037	595.481544	4.616135999999983	0.31799893446536953	
18A	4	a	0.0	1.978344	0.659448	1.978344	0.02646002098832856	0.659448	0.989172	0.04116904096278984	
18A	4	a	7.253928	18.464544	17.145648	11.210616	0.07578927658606593	12.529512	5.605308	0.8337576380177649	
18A	4	a	19.123992	29.67516	21.761784	10.551168	0.08256704764427525	24.399576	5.275584	0.7307925210537372	
18A	2	b	30.334608	32.312952	31.653504	1.9783440000000034	-0.003555077637392934	30.994056	0.9891720000000017	-0.003061621029581074	
18A	4	a	32.9724	35.610192	34.950744	2.6377919999999975	0.051229233841125765	34.291296	1.3188959999999987	0.09370546804752555	
18A	4	a	37.588536	50.118048	40.226328	12.529512000000004	0.09240376853383392	43.523568	6.264756000000002	0.9779781053925067	
18A	4	a	50.777496	56.712528	53.415288	5.935032	0.09023251212336225	53.415288	2.967516	0.407130636913565	
18A	4	a	59.35032	72.53928	69.901488	13.188960000000002	0.058270160090316825	65.9448	6.594480000000001	0.6825267820207872	
18A	4	a	73.198728	81.112104	73.858176	7.9133759999999995	0.04647760865672401	77.155416	3.9566879999999998	0.28976143743484495	
18A	4	a	81.771552	92.982168	91.663272	11.210616000000002	0.06739055253361581	87.047136	5.605308000000001	0.536474133449246	
18A	4	a	96.279408	124.635672	117.381744	28.356263999999996	0.09802188592192129	110.127816	14.178131999999998	1.9907654272828728	
18A	4	a	125.29512	128.59236	127.273464	3.2972400000000164	0.0676046430828614	126.614016	1.6486200000000082	0.16932857509681276	
18A	4	a	129.251808	133.208496	131.8896	3.9566879999999855	0.05816365247092525	131.230152	1.9783439999999928	0.22354452073622766	
18A	4	a	133.867944	141.121872	135.18684	7.253928000000002	0.06352375011474054	137.165184	3.626964000000001	0.3814580233344145	
18A	4	a	141.78132	150.354144	147.056904	8.572823999999997	0.0481504562785422	145.738008	4.286411999999999	0.2830386770222213	
18A	4	a	151.013592	159.586416	155.629728	8.572824000000026	0.14296404252176131	154.97028	4.286412000000013	0.9920376523398757	
18A	4	a	160.245864	168.15924	164.202552	7.9133759999999995	0.1751807429835277	164.202552	3.9566879999999998	1.1722431365717816	
18A	4	a	168.818688	179.369856	172.775376	10.55116799999999	0.16687364108707303	174.094272	5.275583999999995	1.2070023035637396	
18A	4	a	180.029304	183.985992	182.007648	3.956688000000014	0.10746984710834884	182.007648	1.978344000000007	0.3234066695532607	
18A	4	a	187.283232	189.921024	187.283232	2.6377919999999904	0.0530908432198105	188.602128	1.3188959999999952	0.08818743754021119	
18A	4	a	190.580472	195.196608	193.218264	4.616136000000012	0.05726535276385292	192.558816	2.308068000000006	0.22091051662094752	
18A	4	a	195.856056	205.088328	199.812744	9.232271999999995	0.08216618972782719	200.472192	4.616135999999997	0.5649448094809819	
18A	4	a	205.747776	210.363912	208.385568	4.616136000000012	0.04758569819551495	207.72612	2.308068000000006	0.15117162558003283	
18A	4	a	211.02336	218.936736	213.001704	7.9133759999999995	0.07475986340549001	214.980048	3.9566879999999998	0.43529882061742997	
18A	4	a	219.596184	232.125696	224.21232	12.529512000000011	0.12573742606955385	225.531216	6.2647560000000055	1.0596928591763555	
18A	4	a	232.785144	239.379624	234.10404	6.594480000000004	0.07992886877198435	236.082384	3.297240000000002	0.4899602784938355	
18A	4	a	240.039072	260.48196	255.865824	20.44288800000001	0.09457554707023119	249.930792	10.221444000000005	1.7092348532229757	
18A	4	a	261.141408	281.584296	267.07644	20.442887999999982	0.12716376196929247	271.033128	10.221443999999991	1.8006144207362376	
18A	4	a	282.243744	296.7516	293.45436	14.507856000000004	0.0798856488851225	289.497672	7.253928000000002	0.9547023807390467	
18A	4	a	299.389392	302.027184	300.04884	2.6377919999999904	0.07089091518500723	300.708288	1.3188959999999952	0.13921485000758516	
18A	4	a	304.664976	307.302768	304.664976	2.6377919999999904	0.0692931715924443	305.983872	1.3188959999999952	0.11426370791584439	
18A	4	a	307.962216	319.172832	314.556696	11.210616000000016	0.10992528734178286	313.2378	5.605308000000008	0.8179972465736356	
18A	4	a	319.83228	330.383448	325.107864	10.551167999999961	0.10324772671177618	325.107864	5.275583999999981	0.7213290132191357	
18A	4	a	331.042896	367.971984	335.659032	36.929088000000036	0.10940071643072669	349.50744	18.464544000000018	3.363279553837109	
18A	4	a	368.631432	381.160944	372.58812	12.529511999999954	0.06530830872165172	374.566464	6.264755999999977	0.7409765466629685	
18A	4	a	381.820392	386.436528	383.798736	4.616135999999983	0.06215383261390306	383.798736	2.3080679999999916	0.2745141700284761	
18A	4	a	387.095976	400.284936	396.328248	13.188960000000009	0.1330918697057406	393.690456	6.594480000000004	1.4205974174445024	
18A	4	a	400.944384	408.85776	404.241624	7.913375999999971	0.1110690966087069	404.901072	3.9566879999999855	0.6664411386738116	
18A	4	a	409.517208	412.814448	410.836104	3.297240000000045	0.06832819309787919	410.836104	1.6486200000000224	0.16924598605781727	
18A	4	a	413.473896	424.684512	420.068376	11.210615999999959	0.08688646531986599	418.74948	5.6053079999999795	0.9677961642468391	
18A	4	a	425.34396	433.257336	429.960096	7.913376000000028	0.08721314425090965	429.300648	3.956688000000014	0.4933629804949067	
18A	4	a	433.916784	504.47772	493.267104	70.56093599999997	0.1920433126369554	468.867528	35.280467999999985	10.278819754936931	
18A	4	a	505.137168	508.434408	507.115512	3.297240000000045	0.08752343156760833	506.456064	1.6486200000000224	0.2762659424744409	
18A	4	a	513.709992	517.66668	517.007232	3.9566879999999855	0.06390579512727301	515.688336	1.9783439999999928	0.13719314802580773	
18A	4	a	518.326128	534.15288	522.942264	15.826751999999942	0.10179446965100825	526.239504	7.913375999999971	1.2575026612644786	
18A	4	a	534.812328	540.74736	538.769016	5.935031999999978	0.06583737070800755	537.45012	2.967515999999989	0.27393473371800714	
18A	4	a	541.406808	548.660736	546.022944	7.253928000000087	0.06064947826919953	544.704048	3.6269640000000436	0.3528897578784018	
18A	4	a	549.320184	559.871352	553.276872	10.551167999999961	0.09005960848536176	554.595768	5.275583999999981	0.8090669593081952	
18A	4	a	560.5308	572.400864	563.168592	11.870063999999957	0.10205809262034204	566.465832	5.935031999999978	0.9090013811468498	
18A	4	a	573.060312	581.633136	576.357552	8.572824000000082	0.082531915192678	577.017	4.286412000000041	0.49245769823818697	
18A	4	a	582.292584	590.20596	585.589824	7.913375999999971	0.08327856119608112	586.249272	3.9566879999999855	0.5669982734387753	
18A	4	a	590.865408	598.119336	594.822096	7.2539279999999735	0.12033126007444572	594.162648	3.6269639999999868	0.9035715854699422	
18A	4	a	598.778784	600.09768	600.09768	1.3188959999999952	0.06773997215957106	599.438232	0.6594479999999976	0.021878230036946	
19A	4	a	0.0	2.637792	0.659448	2.637792	0.04426029683715349	1.318896	1.318896	0.08567158603264136	
19A	4	a	3.29724	16.4862	4.616136	13.18896	0.0877331738292555	9.89172	6.59448	0.7604846494994826	
19A	4	a	17.145648	22.421232	19.123992	5.2755839999999985	0.09613232180937636	19.78344	2.6377919999999992	0.4106413067649406	
19A	4	a	26.37792	34.291296	28.356264	7.913376000000003	0.10461299776312005	30.334608	3.9566880000000015	0.49621987066048523	
19A	4	a	34.950744	44.842464	36.929088	9.89172	0.09554132589827269	39.56688	4.94586	0.84013456731196	
19A	4	a	45.501912	69.901488	49.4586	24.399576000000003	0.11106713414390246	57.371976	12.199788000000002	2.521030590150179	
19A	4	a	70.560936	77.814864	73.198728	7.253928000000002	0.07532348227993202	73.858176	3.626964000000001	0.41118183823315335	
19A	4	a	78.474312	86.387688	81.112104	7.9133759999999995	0.11588206131590972	82.431	3.9566879999999998	0.6310418039465524	
19A	4	a	87.047136	91.003824	89.684928	3.9566879999999998	0.06016148833715862	89.02548	1.9783439999999999	0.1824839358828818	
19A	4	a	91.663272	97.598304	92.32272	5.9350319999999925	0.05433517514996744	94.301064	2.9675159999999963	0.2198037746601098	
19A	4	a	99.576648	104.192784	101.554992	4.616135999999997	0.03059045608872779	101.554992	2.3080679999999987	0.10656531228445831	
19A	4	a	104.852232	109.468368	108.149472	4.616135999999997	0.07825203180961138	106.830576	2.3080679999999987	0.2926448642913999	
19A	4	a	111.446712	120.019536	116.062848	8.572823999999997	0.12987561612103882	115.4034	4.286411999999999	0.8760294446799015	
19A	4	a	120.678984	127.932912	121.99788	7.253928000000002	0.08980775801414609	123.976224	3.626964000000001	0.5197426503752478	
19A	4	a	128.59236	145.738008	140.462424	17.145647999999994	0.06739004344246213	137.165184	8.572823999999997	0.9001943166146729	
19A	4	a	146.397456	156.289176	149.035248	9.891719999999992	0.08162526514413893	151.013592	4.945859999999996	0.5255206842188538	
19A	4	a	158.26752	176.732064	168.818688	18.464544000000018	0.13537610358697316	167.499792	9.232272000000009	1.6183810819671727	
19A	4	a	177.391512	199.153296	184.64544	21.761784000000006	0.20217243431699128	187.94268	10.880892000000003	3.1877163993771607	
19A	4	a	199.812744	230.8068	225.531216	30.994056	0.17903172297578918	214.980048	15.497028	3.966548505057773	
19A	4	a	231.466248	236.741832	233.444592	5.275583999999981	0.09497831957489433	234.10404	2.6377919999999904	0.3697774042620907	
19A	4	a	237.40128	259.163064	247.952448	21.761784000000006	0.1075782970291792	247.952448	10.880892000000003	1.929712641603561	
19A	4	a	259.822512	292.135464	263.119752	32.312951999999996	0.1394945434225403	275.649264	16.156475999999998	3.723692275683196	
19A	4	a	292.794912	304.664976	298.070496	11.870064000000013	0.09199347205170794	298.729944	5.935032000000007	1.098712555505475	
19A	4	a	307.302768	325.767312	319.83228	18.46454399999999	0.13509639271467222	316.53504	9.232271999999995	1.861604654082459	
19A	4	a	326.42676	331.042896	327.745656	4.616135999999983	0.10578265013597221	328.405104	2.3080679999999916	0.47278445259491186	
19A	4	a	331.702344	337.637376	334.999584	5.935032000000035	0.08241169500967738	334.340136	2.9675160000000176	0.3369091235047237	
19A	4	a	338.296824	341.594064	338.956272	3.297239999999988	0.06603320821810721	339.61572	1.648619999999994	0.1589889202155801	
19A	4	a	342.253512	348.847992	344.231856	6.594479999999976	0.10673702046802536	345.550752	3.297239999999988	0.5880927054180964	
19A	4	a	349.50744	352.145232	349.50744	2.637792000000047	0.09105260152525174	350.826336	1.3188960000000236	0.18030081127325137	
19A	4	a	352.80468	359.39916	356.10192	6.594479999999976	0.05303096518792971	356.10192	3.297239999999988	0.22644979086712502	
19A	4	a	360.058608	363.355848	362.6964	3.297239999999988	0.06428815147386979	361.377504	1.648619999999994	0.16205688775207983	
19A	4	a	364.015296	383.139288	371.928672	19.123992000000044	0.11855477015045413	373.247568	9.561996000000022	1.903497622127623	
19A	4	a	383.798736	408.198312	389.733768	24.399575999999968	0.11057732016185895	395.6688	12.199787999999984	2.171751178243354	
19A	4	a	408.85776	417.430584	414.133344	8.572824000000026	0.08557423098359651	412.814448	4.286412000000013	0.5902788647490689	
19A	4	a	418.090032	425.34396	420.068376	7.2539279999999735	0.10581797995042797	421.387272	3.6269639999999868	0.4333077638201166	
19A	4	a	426.003408	434.576232	433.257336	8.572824000000026	0.05360581887200366	429.960096	4.286412000000013	0.3180708002062489	
19A	4	a	435.23568	439.192368	437.214024	3.9566879999999855	0.05992846477123903	437.214024	1.9783439999999928	0.2206780490312079	
19A	4	a	439.851816	449.084088	445.786848	9.232272000000023	0.06775342119264449	444.467952	4.616136000000012	0.5355548696391581	
19A	4	a	449.743536	457.656912	452.381328	7.913375999999971	0.059487011590059424	453.700224	3.9566879999999855	0.3767636245379864	
19A	4	a	458.31636	460.294704	459.635256	1.9783440000000496	0.028326085151720637	458.975808	0.9891720000000248	0.029361462351017664	
19A	4	a	462.932496	477.440352	466.229736	14.507856000000004	0.0614518303727829	470.186424	7.253928000000002	0.7056580208455949	
19A	4	a	478.0998	480.078144	478.0998	1.9783439999999928	0.034917979870080273	478.759248	0.9891719999999964	0.05493188387891568	
19A	4	a	480.737592	482.715936	481.39704	1.9783439999999928	0.020275845808418236	481.39704	0.9891719999999964	0.03573698292314553	
19A	4	a	484.69428	486.672624	484.69428	1.9783439999999928	0.03903424815000145	485.353728	0.9891719999999964	0.043758003374930965	
19A	4	a	488.650968	493.267104	491.948208	4.61613600000004	0.06958425374189448	490.629312	2.30806800000002	0.2699844002954912	
19A	4	a	493.926552	516.347784	509.093856	22.421232000000032	0.13377383034030776	505.137168	11.210616000000016	1.5754374245538443	
19A	4	a	517.007232	524.26116	518.985576	7.2539279999999735	0.10297430267874663	520.304472	3.6269639999999868	0.5058559248066927	
19A	4	a	524.920608	530.85564	525.580056	5.935031999999978	0.08215965338143416	527.5584	2.967515999999989	0.3888880961573693	
19A	4	a	531.515088	559.211904	542.066256	27.696816000000013	0.08268358475413917	545.363496	13.848408000000006	1.7987659186524068	
19A	4	a	559.871352	563.82804	560.5308	3.9566879999999855	0.06992152610136193	561.849696	1.9783439999999928	0.1979443201969746	
19A	4	a	564.487488	569.103624	566.465832	4.616135999999983	0.07353107629942413	566.465832	2.3080679999999916	0.2374600797105595	
19A	4	a	569.763072	575.038656	571.741416	5.275583999999981	0.062472449628350635	572.400864	2.6377919999999904	0.28660274786806594	
19A	4	a	575.698104	580.973688	578.335896	5.275584000000094	0.07159271524374189	578.335896	2.637792000000047	0.32348895639714836	
19A	4	a	581.633136	587.568168	584.930376	5.935031999999978	0.06424353485930379	584.270928	2.967515999999989	0.2327854423331357	
19A	4	a	588.227616	600.09768	597.459888	11.870063999999957	0.12672572633163304	594.162648	5.935031999999978	0.8802699578966515	
