										AB_Fed#13_Anterograde_evts_formatted.txt
ROI	Quadrant	Direction	Start time (s)	End time (s)	Peak time (s)	Duration (s)	Amplitude	Midpoint (s)	Half Duration(s)	AUC
8A	4	a	0.0	4.147836	1.185096	4.147836	1.1891455131190325	1.777644	2.073918	5.214104155935953	
8A	2	b	4.740384	10.665864	7.703124	5.925479999999999	-0.1717938849531655	7.703124	2.9627399999999997	-1.083088686584759	
8A	2	b	13.036056	37.923072	21.924276	24.887015999999996	-0.19793453579268316	25.479564	12.443507999999998	-4.292278218879222	
8A	4	a	38.51562	57.477156	46.218744	18.961536000000002	1.0878656973329193	47.996388	9.480768000000001	12.621383039127952	
8A	4	a	58.069704	73.475952	66.365376	15.406248000000005	0.20522142961877066	65.772828	7.7031240000000025	2.7343106114403684	
8A	4	a	74.0685	102.510804	89.474748	28.442303999999993	0.759264344839301	88.289652	14.221151999999996	20.159887830088266	
8A	4	a	103.103352	112.58412	106.65864	9.480767999999998	0.25996548961516774	107.843736	4.740383999999999	2.1758766987401943	
8A	2	b	114.954312	126.805272	115.54686	11.85096	-0.11129671381096085	120.879792	5.92548	-1.421826108163146	
8A	4	a	129.175464	164.728344	138.063684	35.55287999999999	0.8865362264910117	146.951904	17.776439999999994	30.990684604007004	
8A	4	a	168.283632	187.245168	170.653824	18.961535999999995	1.7276106658364037	177.7644	9.480767999999998	18.81357167390996	
8A	4	a	189.022812	205.614156	199.096128	16.59134400000002	0.37528988760322957	197.318484	8.29567200000001	5.783397078988481	
8A	4	a	206.206704	220.427856	208.576896	14.22115199999999	3.866035303495251	213.31728	7.110575999999995	40.44891053989356	
8A	4	a	221.020404	225.16824	222.798048	4.147835999999984	0.2774206249276321	222.798048	2.073917999999992	1.075943907783409	
8A	2	b	225.760788	227.538432	226.353336	1.7776440000000093	-0.12184138234919484	226.353336	0.8888220000000047	-0.18472211247056913	
8A	4	a	228.13098	239.389392	233.463912	11.258411999999993	0.2258378374275889	233.463912	5.629205999999996	2.3487671006181157	
8A	4	a	239.98194	264.276408	254.203092	24.294467999999995	3.2915017711167387	251.8329	12.147233999999997	61.78187638532167	
8A	4	a	266.054052	308.12496	299.829288	42.070907999999974	1.4081641792487471	286.793232	21.035453999999987	32.56829625556202	
8A	4	a	312.272796	334.197072	318.198276	21.924275999999963	0.24344301207041585	322.93866	10.962137999999982	3.7203808558906575	
8A	4	a	334.78962	337.159812	336.567264	2.3701919999999745	0.08797676225531426	335.974716	1.1850959999999873	0.08805489401593669	
8A	4	a	337.75236	354.936252	344.270388	17.183892000000014	0.5262265280215397	346.048032	8.591946000000007	6.157882255147317	
8A	4	a	355.5288	360.269184	359.676636	4.740384000000006	0.06363091623923012	357.898992	2.370192000000003	0.2683941844577211	
9A	2	b	0.0	2.370192	0.0	2.370192	-0.5550367713669004	1.185096	1.185096	-1.1704730851266707	
9A	4	a	2.96274	8.88822	5.92548	5.92548	0.8568414617945637	5.92548	2.96274	5.50277967343513	
9A	2	b	9.480768	15.406248	14.221152	5.92548	-0.1648939266078635	12.443508	2.96274	-0.8034052726502825	
9A	4	a	15.998796	33.775236	27.849756	17.77644	0.28846800707064935	24.887016	8.88822	5.888483776532089	
9A	4	a	37.923072	39.700716	38.51562	1.7776440000000022	0.04066775863142702	38.51562	0.8888220000000011	0.07029290696420976	
9A	4	a	40.293264	42.070908	40.885812	1.7776440000000022	0.018657426755424034	40.885812	0.8888220000000011	0.028896620644258464	
9A	2	b	42.663456	45.626196	43.256004	2.9627400000000037	-0.05473486584820719	43.848552	1.4813700000000019	-0.14088103556012976	
9A	4	a	46.218744	85.326912	49.181484	39.10816799999999	0.9748334613793155	65.772828	19.554083999999996	19.270433471536364	
9A	2	b	87.104556	88.8822	88.289652	1.7776439999999951	-0.023418125398338763	87.697104	0.8888219999999976	-0.025232690664582558	
9A	4	a	89.474748	120.287244	91.84494	30.812495999999996	0.7285694519569095	104.880996	15.406247999999998	16.53792065787489	
9A	2	b	120.879792	133.3233	129.768012	12.443507999999994	-0.2621926295980228	126.805272	6.221753999999997	-2.6988041804362615	
9A	4	a	133.915848	146.359356	135.100944	12.44350799999998	0.46190747515826525	139.841328	6.22175399999999	4.0147185071894205	
9A	4	a	146.951904	163.543248	151.692288	16.591343999999992	0.21356203607732915	155.247576	8.295671999999996	3.234160685248969	
9A	2	b	165.320892	171.246372	168.87618	5.925480000000022	-0.19987982214705813	168.283632	2.962740000000011	-1.1119569426564995	
9A	4	a	171.83892	181.319688	173.616564	9.480768000000012	1.4782505330301423	176.579304	4.740384000000006	8.783462888720837	
9A	4	a	181.912236	199.096128	189.61536	17.183891999999986	0.2575358882436043	190.207908	8.591945999999993	3.8531554595206576	
9A	2	b	201.46632	207.984348	206.799252	6.518028000000015	-0.21394386549575595	204.42906	3.2590140000000076	-1.4111844937780287	
9A	4	a	208.576896	223.390596	215.094924	14.813699999999983	2.304049149685074	215.687472	7.4068499999999915	32.55998743851613	
9A	2	b	225.760788	231.686268	227.538432	5.925480000000022	-0.12616720325059871	228.723528	2.962740000000011	-0.6523088805771493	
9A	4	a	235.241556	244.722324	238.204296	9.480767999999983	0.11123810312863602	239.98194	4.740383999999992	0.7812335392965293	
9A	4	a	246.499968	263.091312	253.610544	16.59134400000002	2.683600556796206	254.79564	8.29567200000001	55.853199263454854	
9A	4	a	263.68386	268.424244	266.054052	4.740384000000006	0.43630074168631605	266.054052	2.370192000000003	1.8291558538143302	
9A	2	b	269.016792	270.794436	269.016792	1.7776440000000093	-0.07060832897774105	269.60934	0.8888220000000047	-0.10206837540958613	
9A	4	a	271.386984	276.127368	274.942272	4.740384000000006	0.13568417146841405	273.757176	2.370192000000003	0.7447659094712855	
9A	4	a	276.719916	290.941068	280.867752	14.221151999999961	0.24199677053562185	283.830492	7.1105759999999805	3.231440974186505	
9A	4	a	291.533616	311.680248	302.19948	20.14663200000001	1.0739664689347932	301.606932	10.073316000000005	13.056761694294554	
9A	2	b	315.235536	318.198276	315.828084	2.9627399999999966	-0.1496329611469167	316.420632	1.4813699999999983	-0.38867011597763623	
9A	2	b	318.790824	338.937456	329.456688	20.14663200000001	-0.15979218418859942	328.86414	10.073316000000005	-2.852003014235846	
9A	4	a	340.7151	343.085292	341.307648	2.3701919999999745	0.033945850452210546	341.900196	1.1850959999999873	0.047253627125402264	
9A	4	a	343.67784	359.084088	347.233128	15.406248000000005	0.16679789887194563	351.380964	7.7031240000000025	2.1260733821418216	
10A	4	a	0.0	2.96274	0.0	2.96274	0.1954469662973719	1.185096	1.48137	0.41975709059707955	
10A	4	a	4.740384	15.998796	8.295672	11.258412	0.8143674131330845	10.073316	5.629206	7.190218565781566	
10A	4	a	16.591344	32.59014	23.109372	15.998795999999999	0.206371467097771	24.294468	7.999397999999999	2.50596730425449	
10A	2	b	34.960332	49.774032	46.811292	14.813699999999997	-0.13122888629405738	42.070908	7.406849999999999	-1.4060942825415919	
10A	4	a	50.36658	62.21754	50.959128	11.85096	0.6282519418654275	56.29206	5.92548	4.773557135056698	
10A	4	a	62.810088	72.290856	68.735568	9.480768000000005	0.126635402879971	67.550472	4.740384000000002	1.259363660327136	
10A	2	b	75.846144	78.216336	77.03124	2.370192000000003	-0.018863428577611696	77.03124	1.1850960000000015	-0.03178698356382159	
10A	4	a	82.95672	87.104556	82.95672	4.147835999999998	0.04424026448648943	84.734364	2.073917999999999	0.14104656504405244	
10A	4	a	87.697104	103.103352	95.400228	15.406248000000005	0.5538375676796754	95.400228	7.7031240000000025	7.515443457696083	
10A	4	a	103.6959	120.287244	109.62138	16.591344000000007	0.24835063595264817	111.991572	8.295672000000003	3.4105512887218206	
10A	2	b	126.805272	130.36056	128.582916	3.5552879999999902	-0.06460600922973203	128.582916	1.7776439999999951	-0.14145015869818311	
10A	2	b	130.953108	132.730752	131.545656	1.7776440000000093	-0.058150316412117764	131.545656	0.8888220000000047	-0.10076519074346546	
10A	4	a	133.3233	143.989164	136.28604	10.665864	0.7520382914045496	138.656232	5.332932	5.624191529031698	
10A	4	a	144.581712	149.322096	146.951904	4.7403839999999775	0.16971971244699846	146.951904	2.3701919999999888	0.7430951345504428	
10A	4	a	149.914644	160.580508	151.692288	10.665864	0.17826385737160422	155.247576	5.332932	1.2020900893582165	
10A	4	a	162.9507	187.245168	176.579304	24.294467999999995	1.61721177324574	174.80166	12.147233999999997	18.559757327028304	
10A	4	a	187.837716	195.54084	191.393004	7.7031240000000025	0.16122766271321476	191.393004	3.8515620000000013	1.1824267551195526	
10A	4	a	196.133388	203.243964	200.281224	7.110576000000009	0.06646395272834393	199.688676	3.5552880000000044	0.28984187957961605	
10A	4	a	203.836512	227.538432	218.650212	23.70192	3.4217367820087503	215.687472	11.85096	59.01470976225321	
10A	2	b	228.13098	249.462708	245.90742	21.331728	-0.35443123031826573	238.796844	10.665864	-7.184612298566151	
10A	4	a	250.055256	269.016792	255.388188	18.961535999999995	2.930972042857721	259.536024	9.480767999999998	58.820748259296046	
10A	2	b	269.60934	286.200684	282.645396	16.59134400000005	-0.19841036664842715	277.905012	8.295672000000025	-4.145316800546974	
10A	4	a	286.793232	298.051644	293.903808	11.258412000000021	0.28403876176124143	292.126164	5.629206000000011	2.88260405766881	
10A	4	a	298.644192	315.828084	305.754768	17.183892000000014	0.9231358757276094	306.939864	8.591946000000007	10.139802718296288	
10A	2	b	317.605728	321.753564	317.605728	4.147835999999984	-0.07310785000308329	319.383372	2.073917999999992	-0.20687941367380525	
10A	4	a	322.346112	344.862936	327.679044	22.516823999999986	0.2598718249139784	333.604524	11.258411999999993	5.386085459042902	
10A	4	a	345.455484	352.56606	350.195868	7.1105759999999805	0.11883181009850308	349.010772	3.5552879999999902	0.7219224757680447	
10A	4	a	354.936252	357.306444	356.121348	2.3701919999999745	0.06224188926911811	356.121348	1.1850959999999873	0.09729291858418443	
10A	4	a	357.898992	360.269184	360.269184	2.3701919999999745	0.06276256142901415	359.084088	1.1850959999999873	0.10714102485508925	
11A	2	b	1.185096	4.740384	1.777644	3.555288	-0.06299296981526181	2.96274	1.777644	-0.14829910103925137	
11A	2	b	5.332932	7.110576	5.332932	1.7776440000000004	-0.019199113891552155	5.92548	0.8888220000000002	-0.02148137850944898	
11A	4	a	7.703124	20.73918	11.85096	13.036056000000002	0.4626990216539264	14.221152	6.518028000000001	5.197976551896009	
11A	4	a	21.331728	28.442304	24.294468	7.110576000000002	0.2553494680338959	24.887016	3.555288000000001	1.9181123630389518	
11A	4	a	29.034852	31.405044	30.812496	2.3701919999999994	0.025179499818397844	30.219948	1.1850959999999997	0.04377682509385261	
11A	4	a	31.997592	37.330524	34.960332	5.332931999999996	0.07804657286022598	34.367784	2.666465999999998	0.33051732784934673	
11A	4	a	37.923072	39.700716	39.108168	1.7776440000000022	0.04923695634731429	38.51562	0.8888220000000011	0.08333792357029957	
11A	4	a	40.293264	73.475952	55.699512	33.182688000000006	0.4190132987947268	56.884608	16.591344000000003	9.863950488847875	
11A	4	a	74.0685	112.58412	93.622584	38.51562	0.43070863164845674	93.030036	19.25781	16.552949309955423	
11A	4	a	113.176668	162.358152	143.396616	49.18148399999998	0.4961230869008846	137.471136	24.59074199999999	16.934446543789104	
11A	4	a	162.9507	166.505988	164.135796	3.5552879999999902	0.04573741936969977	164.728344	1.7776439999999951	0.1355856820560144	
11A	4	a	167.098536	187.245168	179.542044	20.14663200000001	0.7427710663433391	177.171852	10.073316000000005	9.89799041266705	
11A	4	a	187.837716	191.985552	189.022812	4.147836000000012	0.08038140190447374	189.61536	2.073918000000006	0.21643804006752476	
11A	2	b	194.355744	212.132184	210.947088	17.776440000000008	-0.3693815335513735	203.243964	8.888220000000004	-8.32187999937461	
11A	4	a	212.724732	226.353336	221.612952	13.628604000000024	2.1013939413134506	219.24276	6.814302000000012	32.494815120309035	
11A	4	a	226.945884	243.537228	235.241556	16.591343999999992	0.42373694501744374	235.241556	8.295671999999996	4.794916647218845	
11A	2	b	244.129776	251.8329	250.647804	7.7031240000000025	-0.44602422381266393	247.685064	3.8515620000000013	-3.1361748992588674	
11A	4	a	252.425448	274.942272	263.68386	22.516824000000014	2.5126069432735862	263.68386	11.258412000000007	62.03215990882397	
11A	4	a	275.53482	317.01318	308.717508	41.47835999999995	1.2854469083019584	296.274	20.739179999999976	54.71484730268436	
11A	4	a	318.790824	325.308852	322.93866	6.518028000000015	0.39576851861180184	321.753564	3.2590140000000076	2.555039331712508	
11A	4	a	325.9014	335.382168	331.234332	9.480767999999955	0.2264779890507489	330.641784	4.7403839999999775	2.023493292758389	
11A	4	a	335.974716	347.825676	338.937456	11.850959999999986	0.2081133899835832	341.900196	5.925479999999993	2.1123041842418724	
11A	4	a	348.418224	360.269184	355.5288	11.850959999999986	0.8242726665413418	354.343704	5.925479999999993	8.515493572142772	
12A	4	a	0.0	1.777644	0.0	1.777644	0.11626999240518998	0.592548	0.888822	0.15986675184284183	
12A	2	b	2.370192	14.8137	10.665864	12.443508000000001	-0.09549580113674949	8.295672	6.221754000000001	-1.119050763305465	
12A	4	a	15.406248	50.36658	27.257208	34.960332	0.55520504534134	32.59014	17.480166	13.429833549305513	
12A	4	a	50.959128	90.659844	69.328116	39.70071600000001	0.38484659409646893	70.513212	19.850358000000003	14.752503131368378	
12A	4	a	93.622584	109.028832	101.918256	15.40624799999999	0.4268790703850889	101.325708	7.703123999999995	6.407024809506395	
12A	4	a	109.62138	115.54686	111.991572	5.925479999999993	0.09738310768549541	112.58412	2.9627399999999966	0.5676755917002796	
12A	4	a	119.102148	121.47234	120.879792	2.370192000000003	0.02922675627181537	120.287244	1.1850960000000015	0.04779197712529015	
12A	4	a	122.064888	123.842532	122.064888	1.7776440000000093	0.04064232797641987	122.657436	0.8888220000000047	0.026361478071701194	
12A	4	a	124.43508	130.953108	126.805272	6.518027999999987	0.12629158773084326	127.39782	3.2590139999999934	0.7988845105764566	
12A	4	a	131.545656	133.915848	132.138204	2.370192000000003	0.030611925565604103	132.730752	1.1850960000000015	0.06763152984363363	
12A	4	a	134.508396	151.09974	146.951904	16.591343999999992	0.520943572330911	142.804068	8.295671999999996	5.984690452690199	
12A	4	a	152.877384	157.617768	154.655028	4.740384000000006	0.21818512199387996	155.247576	2.370192000000003	1.1944433658937306	
12A	4	a	158.210316	162.358152	158.802864	4.147835999999984	0.04256125065804994	159.98796	2.073917999999992	0.11663117088576103	
12A	4	a	164.135796	165.91344	165.320892	1.7776440000000093	0.02291714801113809	164.728344	0.8888220000000047	0.04251993972158408	
12A	2	b	166.505988	181.912236	172.431468	15.406248000000005	-0.16919946450335255	174.209112	7.7031240000000025	-2.190208689109218	
12A	4	a	182.504784	190.207908	185.467524	7.7031240000000025	0.4257924603369423	186.060072	3.8515620000000013	3.193848832358139	
12A	4	a	190.800456	205.021608	194.948292	14.22115199999999	0.3496035085324958	197.911032	7.110575999999995	4.03999670170861	
12A	4	a	205.614156	213.909828	207.984348	8.295671999999996	0.14293985959342148	209.761992	4.147835999999998	1.1236297276761056	
12A	4	a	214.502376	234.05646	225.16824	19.55408399999999	1.5819079818190422	223.983144	9.777041999999994	19.477886529140683	
12A	4	a	234.649008	244.722324	238.796844	10.073315999999977	0.318174275616669	239.389392	5.0366579999999885	3.1349898639447202	
12A	4	a	245.314872	249.462708	247.685064	4.147835999999984	0.04438175442772474	247.092516	2.073917999999992	0.1438626751947667	
12A	4	a	250.055256	252.425448	251.240352	2.3701919999999745	0.041035599348407725	251.240352	1.1850959999999873	0.08406549667409591	
12A	4	a	255.388188	289.755972	276.719916	34.36778399999997	1.7808947604353973	272.57208	17.183891999999986	62.40466557629377	
12A	2	b	291.533616	306.939864	303.384576	15.406248000000005	-0.2311383626063317	299.23674	7.7031240000000025	-2.9331904311389154	
12A	4	a	307.532412	309.310056	308.717508	1.7776439999999525	0.06102953221948049	308.12496	0.8888219999999762	0.0823519542125446	
12A	4	a	309.902604	311.680248	311.0877	1.7776440000000093	0.042884285352913665	310.495152	0.8888220000000047	0.061281785932118193	
12A	4	a	312.272796	337.159812	324.716304	24.88701599999996	0.5038334258909112	324.716304	12.44350799999998	8.128936434804519	
12A	4	a	337.75236	341.307648	338.937456	3.555287999999962	0.08939948774848983	339.530004	1.777643999999981	0.23139016567661197	
12A	2	b	343.085292	351.380964	347.825676	8.295672000000025	-0.1219660731122838	347.233128	4.147836000000012	-0.7818946089962084	
12A	4	a	353.751156	360.269184	359.676636	6.518028000000015	0.33154990333042056	356.713896	3.2590140000000076	2.148429540869053	
13A	4	a	1.185096	24.294468	17.77644	23.109371999999997	0.3599840415898956	12.443508	11.554685999999998	4.729995073656278	
13A	4	a	26.66466	49.774032	30.219948	23.109371999999997	0.16535235436689888	37.923072	11.554685999999998	3.7480028063133735	
13A	4	a	50.36658	68.14302	61.624992	17.776440000000008	0.4335228900803003	59.2548	8.888220000000004	4.774968671324235	
13A	4	a	68.735568	88.289652	74.661048	19.554084000000003	0.19973130311665122	78.216336	9.777042000000002	3.952616760200141	
13A	4	a	88.8822	92.437488	90.067296	3.5552880000000044	0.05615213899487426	90.659844	1.7776440000000022	0.15090740476965592	
13A	4	a	93.030036	109.028832	103.6959	15.998795999999999	0.4462124667110361	100.73316	7.999397999999999	5.84370215170066	
13A	4	a	109.62138	113.176668	110.806476	3.5552880000000044	0.04723662598983647	111.399024	1.7776440000000022	0.16818206607426645	
13A	4	a	113.769216	135.100944	126.805272	21.331728	0.24162076276851874	124.43508	10.665864	4.286376274187764	
13A	4	a	135.693492	154.06248	147.544452	18.368988	0.4642568655977801	144.581712	9.184494	6.211491695796284	
13A	4	a	155.840124	172.431468	165.91344	16.591343999999992	0.11382688836624943	164.135796	8.295671999999996	1.7301786635154215	
13A	4	a	173.024016	196.133388	187.837716	23.109372000000008	0.5169460295904795	184.282428	11.554686000000004	5.877789522578527	
13A	4	a	196.725936	205.021608	200.281224	8.295671999999996	0.10523326408756972	200.873772	4.147835999999998	0.7588588692376945	
13A	4	a	205.614156	215.687472	207.984348	10.073316000000005	0.0664144687008632	210.35454	5.036658000000003	0.5407443143528372	
13A	4	a	216.28002	232.871364	226.945884	16.591343999999992	1.2492962751565566	224.575692	8.295671999999996	11.20831950629297	
13A	4	a	235.241556	243.537228	238.204296	8.295671999999996	0.11785292722589724	239.389392	4.147835999999998	1.0161706405365902	
13A	2	b	247.685064	260.72112	255.980736	13.036055999999974	-0.19194399437939924	254.203092	6.518027999999987	-2.298644022646375	
13A	4	a	261.313668	277.312464	271.386984	15.99879599999997	0.5692090037188646	269.016792	7.999397999999985	8.498540504144241	
13A	4	a	277.905012	287.38578	280.275204	9.480768000000012	0.12376033221294369	282.645396	4.740384000000006	0.7651870798521414	
13A	4	a	295.088904	298.644192	295.088904	3.555287999999962	0.033045170490453746	296.866548	1.777643999999981	0.09162782874450359	
13A	4	a	299.23674	360.269184	359.676636	61.032444	1.0194538482568793	329.456688	30.516222	41.141306876980515	
14A	4	a	0.0	1.777644	0.0	1.777644	0.012235123856598529	0.592548	0.888822	0.021035664784867292	
14A	4	a	2.370192	29.034852	21.331728	26.66466	0.31659419522323584	15.406248	13.33233	4.75541602158227	
14A	4	a	30.812496	51.551676	38.51562	20.73918	0.11344068800000784	40.885812	10.36959	2.079211398786704	
14A	4	a	53.32932	71.698308	65.18028	18.368987999999995	0.26337224211252264	62.21754	9.184493999999997	3.2082644868938064	
14A	4	a	72.290856	92.437488	77.623788	20.146631999999997	0.10793077493393177	82.364172	10.073315999999998	2.486084636162767	
14A	4	a	93.030036	113.176668	106.65864	20.14663200000001	0.3079701402196344	103.103352	10.073316000000005	4.673454469455592	
14A	4	a	113.769216	135.100944	125.620176	21.331728	0.14856763393275063	124.43508	10.665864	3.3842926344094435	
14A	4	a	135.693492	157.02522	149.914644	21.331728	0.33503327551162165	146.359356	10.665864	4.663477037862592	
14A	4	a	157.617768	178.356948	167.691084	20.739179999999976	0.09930585945734505	167.691084	10.369589999999988	1.863318587247947	
14A	4	a	180.134592	197.911032	189.61536	17.776440000000008	0.36477376720094146	189.022812	8.888220000000004	4.297017457410901	
14A	4	a	198.50358	238.796844	226.945884	40.29326399999999	0.5740068079688541	218.650212	20.146631999999997	13.285603251324316	
14A	4	a	241.759584	282.052848	273.164628	40.29326399999999	0.5088893323851411	261.906216	20.146631999999997	12.27534404518455	
14A	4	a	282.645396	329.456688	316.420632	46.81129199999998	0.2466226439198993	305.754768	23.40564599999999	10.824997705555862	
14A	4	a	330.049236	360.269184	358.49154	30.219947999999988	0.1821590857954234	344.862936	15.109973999999994	4.533588610205635	
15A	4	a	1.185096	7.703124	7.110576	6.518028	0.02771209416243514	4.147836	3.259014	0.19658858338493534	
15A	4	a	8.295672	14.221152	11.85096	5.92548	0.0323716574287769	11.258412	2.96274	0.1523070405245166	
15A	4	a	14.8137	31.405044	27.257208	16.591344	0.07844299229971141	23.109372	8.295672	1.028883628979577	
15A	4	a	31.997592	46.218744	34.367784	14.221152	0.07006102742073139	39.108168	7.110576	0.6695687722709979	
15A	4	a	46.811292	51.551676	50.959128	4.740383999999999	0.03596693535605611	49.181484	2.3701919999999994	0.13437155656540967	
15A	4	a	52.144224	58.662252	54.514416	6.518028000000001	0.017551285171879094	55.106964	3.2590140000000005	0.07269344092392627	
15A	2	b	59.2548	62.810088	62.21754	3.5552879999999973	-0.011244747587471293	61.032444	1.7776439999999987	-0.022268902418358216	
15A	4	a	63.402636	92.437488	68.735568	29.034852	0.11864688978208338	77.623788	14.517426	2.773940225440067	
15A	2	b	94.215132	95.992776	95.400228	1.7776440000000093	-0.02039651851409552	94.80768	0.8888220000000047	-0.02794051495115557	
15A	2	b	96.585324	98.362968	97.77042	1.7776439999999951	-0.0019728610940925595	97.177872	0.8888219999999976	-0.0023164743837142954	
15A	4	a	101.325708	103.103352	101.325708	1.7776439999999951	0.023603452400536407	101.918256	0.8888219999999976	0.04091018595971929	
15A	4	a	105.473544	123.249984	113.769216	17.776439999999994	0.14559531561484262	114.361764	8.888219999999997	2.166342201150861	
15A	4	a	123.842532	128.582916	125.620176	4.740384000000006	0.02613050672500772	126.212724	2.370192000000003	0.12077002548344062	
15A	2	b	133.915848	138.063684	136.28604	4.147835999999984	-0.028023320543304475	135.693492	2.073917999999992	-0.11214349936860324	
15A	2	b	138.656232	140.433876	139.24878	1.7776440000000093	-0.013219115510688217	139.24878	0.8888220000000047	-0.020713508668858127	
15A	4	a	143.396616	146.359356	143.396616	2.9627399999999966	0.03678834817176835	144.581712	1.4813699999999983	0.0480524485421987	
15A	4	a	146.951904	167.098536	154.655028	20.146631999999983	0.16370235310611814	157.02522	10.073315999999991	2.664758490724548	
15A	4	a	167.691084	172.431468	168.283632	4.740384000000006	0.032235053076250963	170.061276	2.370192000000003	0.1423550955932601	
15A	4	a	174.209112	176.579304	175.394208	2.370192000000003	0.020027523437033956	175.394208	1.1850960000000015	0.04240045918239721	
15A	4	a	178.356948	180.134592	178.949496	1.7776440000000093	0.008897409881931662	178.949496	0.8888220000000047	0.010084012012916421	
15A	4	a	181.912236	203.243964	196.725936	21.331728	0.08868239950459689	192.5781	10.665864	1.6803958627020767	
15A	4	a	203.836512	218.650212	214.502376	14.813700000000011	0.04568066419488348	210.947088	7.406850000000006	0.6036204123537143	
15A	4	a	219.24276	241.167036	231.09372	21.924275999999992	0.3554641071999418	229.908624	10.962137999999996	5.229082854519809	
15A	4	a	242.94468	253.017996	245.90742	10.073316000000005	0.029142647282480727	247.685064	5.036658000000003	0.2781284973723507	
15A	4	a	253.610544	257.75838	256.573284	4.147835999999984	0.036421719583302314	255.388188	2.073917999999992	0.12326955962411956	
15A	4	a	266.054052	280.275204	276.127368	14.221151999999961	0.23909873277404747	273.164628	7.1105759999999805	2.7620591133650647	
15A	4	a	280.867752	303.384576	287.978328	22.516823999999986	0.0826560860302703	292.126164	11.258411999999993	1.7762496237150585	
15A	4	a	303.977124	340.122552	330.049236	36.14542799999998	0.20709568835554903	321.753564	18.07271399999999	4.909819405939293	
15A	4	a	340.7151	342.492744	341.900196	1.7776440000000093	0.018424642444625938	341.307648	0.8888220000000047	0.031650399287460496	
15A	4	a	344.862936	346.64058	344.862936	1.7776440000000093	0.018949876330898396	345.455484	0.8888220000000047	0.01870821656743127	
15A	4	a	348.418224	350.788416	349.60332	2.3701919999999745	0.026928976864852627	349.60332	1.1850959999999873	0.03023319037761607	
15A	4	a	352.56606	354.936252	354.343704	2.3701920000000314	0.01920358073250439	353.751156	1.1850960000000157	0.041608308497603774	
15A	2	b	355.5288	357.898992	355.5288	2.3701920000000314	-0.017939815710847684	356.713896	1.1850960000000157	-0.030645841207973312	
15A	4	a	358.49154	360.269184	359.084088	1.7776440000000093	0.027620645722133297	359.084088	0.8888220000000047	0.05175238367031865	
16A	4	a	1.185096	3.555288	2.96274	2.3701920000000003	0.014032989242807714	2.370192	1.1850960000000001	0.017460165161942598	
16A	4	a	4.147836	7.703124	5.92548	3.555288	0.02336807359725479	5.92548	1.777644	0.04956672766515502	
16A	4	a	8.295672	14.221152	8.88822	5.92548	0.02090631535264431	11.258412	2.96274	0.07630639523817073	
16A	4	a	14.8137	17.77644	15.406248	2.96274	0.016782785936999556	15.998796	1.48137	0.033313046690378156	
16A	4	a	18.368988	33.775236	26.66466	15.406247999999998	0.0494585415829234	26.072112	7.703123999999999	0.6782601738024954	
16A	4	a	36.145428	42.070908	38.51562	5.92548	0.046795902234497144	39.108168	2.96274	0.17108614903582536	
16A	4	a	42.663456	51.551676	50.959128	8.888220000000004	0.03137776919766244	46.811292	4.444110000000002	0.24174246646425424	
16A	4	a	52.144224	60.439896	55.699512	8.295671999999996	0.023195473554146084	56.29206	4.147835999999998	0.19730677289619858	
16A	4	a	64.587732	78.808884	70.513212	14.221152000000004	0.05192657037655457	71.698308	7.110576000000002	0.5057156186064893	
16A	4	a	79.401432	104.880996	86.512008	25.479563999999996	0.03459888827064961	91.84494	12.739781999999998	0.6813289544612202	
16A	4	a	105.473544	118.5096	111.399024	13.036056000000002	0.03909768910043809	111.991572	6.518028000000001	0.3281200544660925	
16A	4	a	119.102148	128.582916	126.805272	9.480768000000012	0.027874443711701558	123.842532	4.740384000000006	0.24471886807330406	
16A	4	a	129.175464	136.28604	130.36056	7.110576000000009	0.021283199798898145	132.730752	3.5552880000000044	0.11572361162202077	
16A	4	a	136.878588	138.656232	138.063684	1.777643999999981	0.012964620361458956	137.471136	0.8888219999999905	0.016755054808157643	
16A	4	a	139.24878	141.618972	140.433876	2.370192000000003	0.027043236754982325	140.433876	1.1850960000000015	0.03601903792107625	
16A	4	a	142.21152	151.09974	143.989164	8.88821999999999	0.02078677968200804	146.359356	4.444109999999995	0.14718531542584778	
16A	4	a	151.692288	162.9507	156.432672	11.258412000000021	0.0701740724258062	157.02522	5.629206000000011	0.617741566266558	
16A	4	a	163.543248	167.098536	164.728344	3.5552879999999902	0.02070569282420709	165.320892	1.7776439999999951	0.06654553287566872	
16A	4	a	167.691084	172.431468	170.061276	4.740384000000006	0.01799491713870849	170.061276	2.370192000000003	0.09645721407842645	
16A	4	a	173.024016	177.171852	174.80166	4.147836000000012	0.019684838162561613	174.80166	2.073918000000006	0.07177891567751499	
16A	4	a	177.7644	179.542044	177.7644	1.7776440000000093	0.0030297042872199365	178.356948	0.8888220000000047	0.0034130697075766547	
16A	4	a	187.837716	190.207908	189.61536	2.370192000000003	0.007861207079277177	189.022812	1.1850960000000015	0.012370701911764925	
16A	4	a	193.763196	213.909828	199.096128	20.14663200000001	0.050513071510926766	203.836512	10.073316000000005	0.9173592778316265	
16A	2	b	217.465116	228.13098	224.575692	10.665864	-0.048531430517966934	222.798048	5.332932	-0.5470368946520283	
16A	4	a	228.723528	245.314872	232.871364	16.59134400000002	0.1662606373573614	237.0192	8.29567200000001	2.346208784082742	
16A	4	a	245.90742	248.277612	247.685064	2.370192000000003	0.02247469581534456	247.092516	1.1850960000000015	0.03886624560213958	
16A	4	a	248.87016	260.128572	257.165832	11.258412000000021	0.02824968696576957	254.203092	5.629206000000011	0.2628441772529774	
16A	4	a	260.72112	288.570876	276.719916	27.849756000000014	0.22266109411302093	274.349724	13.924878000000007	4.007560529871755	
16A	4	a	290.34852	297.459096	296.274	7.1105759999999805	0.02225093640185949	293.903808	3.5552879999999902	0.1231573212758067	
16A	4	a	298.051644	303.384576	298.051644	5.332931999999971	0.032329737637132316	300.421836	2.6664659999999856	0.13310431945779144	
16A	4	a	303.977124	311.0877	307.532412	7.1105759999999805	0.033782178383295225	307.532412	3.5552879999999902	0.15805221160851457	
16A	4	a	311.680248	333.011976	326.493948	21.331728	0.11813048723860708	322.346112	10.665864	1.7293096305155264	
16A	4	a	333.604524	360.269184	358.49154	26.66465999999997	0.1288367210530772	346.64058	13.332329999999985	3.2990278204976637	
17A	4	a	0.0	1.777644	1.185096	1.777644	0.007561636043106668	0.592548	0.888822	0.008337846775926638	
17A	4	a	2.370192	14.221152	11.85096	11.85096	0.02784763307850724	8.295672	5.92548	0.31362445995658816	
17A	4	a	16.591344	21.924276	18.961536	5.332932	0.018245881013092435	18.961536	2.666466	0.054321318337595126	
17A	4	a	22.516824	37.330524	29.6274	14.813699999999997	0.07172485187665334	29.6274	7.406849999999999	0.9086849873884957	
17A	4	a	37.923072	45.033648	40.885812	7.110576000000002	0.034530854278436496	41.47836	3.555288000000001	0.325521307936807	
17A	4	a	45.626196	47.40384	46.811292	1.7776440000000022	0.013840451443741242	46.218744	0.8888220000000011	0.02356717212202364	
17A	4	a	47.996388	50.36658	47.996388	2.370191999999996	0.03009931057287396	49.181484	1.185095999999998	0.050806974924581416	
17A	4	a	52.144224	56.884608	53.32932	4.740383999999999	0.025454169723424958	54.514416	2.3701919999999994	0.09614726367880572	
17A	4	a	57.477156	93.030036	74.0685	35.552879999999995	0.07498313011378377	75.253596	17.776439999999997	1.5235690781310587	
17A	4	a	93.622584	95.400228	94.80768	1.7776439999999951	0.006977315762867753	94.215132	0.8888219999999976	0.012012008393304574	
17A	4	a	95.992776	123.249984	114.954312	27.25720799999999	0.05879956451284429	109.62138	13.628603999999996	1.0577272886269107	
17A	4	a	123.842532	128.582916	126.805272	4.740384000000006	0.02371291315655344	126.212724	2.370192000000003	0.132204612768695	
17A	4	a	130.953108	138.656232	135.693492	7.7031240000000025	0.029209528890392522	134.508396	3.8515620000000013	0.18921599918050824	
17A	4	a	139.24878	142.21152	140.433876	2.9627399999999966	0.02574174768269355	140.433876	1.4813699999999983	0.06754535207551893	
17A	4	a	142.804068	162.9507	152.877384	20.14663200000001	0.038119524072846134	152.877384	10.073316000000005	0.6647724123869038	
17A	4	a	163.543248	174.209112	166.505988	10.665864	0.022620622237588206	168.87618	5.332932	0.2532486255158157	
17A	4	a	174.80166	176.579304	175.394208	1.7776440000000093	0.0147620154103415	175.394208	0.8888220000000047	0.021671942954848422	
17A	4	a	177.171852	181.912236	178.949496	4.740384000000006	0.02021324046456252	179.542044	2.370192000000003	0.05840749578293003	
17A	4	a	182.504784	190.207908	189.61536	7.7031240000000025	0.02887134534143676	186.060072	3.8515620000000013	0.13604352987090584	
17A	4	a	190.800456	205.614156	200.873772	14.813700000000011	0.04068614617037858	197.911032	7.406850000000006	0.47068369419106065	
17A	4	a	206.206704	213.909828	211.539636	7.7031240000000025	0.030887464777734408	209.761992	3.8515620000000013	0.22281274817396468	
17A	4	a	214.502376	223.983144	221.612952	9.480768000000012	0.030909663672737397	219.24276	4.740384000000006	0.28082672869912834	
17A	4	a	224.575692	244.722324	235.241556	20.146631999999983	0.10032477189516165	234.649008	10.073315999999991	1.6265589698029461	
17A	4	a	245.314872	255.980736	250.647804	10.665864	0.034561550604532365	250.647804	5.332932	0.2897760837754437	
17A	4	a	258.350928	283.830492	281.4603	25.479563999999982	0.09959505218924336	270.794436	12.739781999999991	1.6674201698799114	
17A	4	a	284.42304	292.126164	288.570876	7.7031240000000025	0.027131028416312097	287.978328	3.8515620000000013	0.21127704618116738	
17A	4	a	292.718712	300.421836	296.866548	7.7031240000000025	0.04032617622447132	296.274	3.8515620000000013	0.27368919416831977	
17A	4	a	301.014384	303.384576	301.606932	2.3701919999999745	0.016588778033256757	302.19948	1.1850959999999873	0.03566616115197824	
17A	4	a	303.977124	329.456688	308.717508	25.479563999999982	0.041648619567712375	316.420632	12.739781999999991	1.0636568203453474	
17A	4	a	330.049236	340.122552	338.937456	10.073315999999977	0.03174152130739749	334.78962	5.0366579999999885	0.16362314208329748	
17A	4	a	340.7151	342.492744	340.7151	1.7776440000000093	0.00742817162418552	341.307648	0.8888220000000047	0.010366895806411258	
17A	4	a	350.195868	355.5288	353.158608	5.332931999999971	0.00935788189541098	352.56606	2.6664659999999856	0.05452998151886601	
17A	4	a	356.121348	359.084088	358.49154	2.9627399999999966	0.008847989687955637	357.306444	1.4813699999999983	0.01849343816512694	
18A	4	a	4.147836	7.703124	5.92548	3.555288	0.014480488527842783	5.92548	1.777644	0.0380869449902872	
18A	4	a	10.073316	13.628604	11.85096	3.555287999999999	0.012420393879110758	11.85096	1.7776439999999996	0.029918820379075617	
18A	4	a	15.406248	21.924276	15.406248	6.518027999999999	0.01749421416266539	18.368988	3.2590139999999996	0.07126475126771126	
18A	4	a	22.516824	29.034852	25.479564	6.518028000000001	0.015385440541481832	25.479564	3.2590140000000005	0.0829245644945445	
18A	4	a	29.6274	51.551676	50.959128	21.924276	0.026792390708845204	40.293264	10.962138	0.4027002246278378	
18A	4	a	52.144224	62.21754	58.069704	10.073315999999998	0.016096008943498274	56.884608	5.036657999999999	0.17022595452243983	
18A	4	a	67.550472	91.252392	80.586528	23.70192	0.03478099175232974	79.401432	11.85096	0.6131314140240367	
18A	4	a	91.84494	100.73316	96.585324	8.888220000000004	0.017298256857708805	95.992776	4.444110000000002	0.1229712443237373	
18A	4	a	101.325708	103.103352	101.918256	1.7776439999999951	0.00889239440960754	101.918256	0.8888219999999976	0.01643697477508077	
18A	4	a	105.473544	107.843736	105.473544	2.370192000000003	0.008113706116749109	106.65864	1.1850960000000015	0.014224954504065745	
18A	4	a	108.436284	112.58412	109.62138	4.147835999999998	0.017356180365840523	110.213928	2.073917999999999	0.04715732310351628	
18A	4	a	113.176668	120.287244	114.954312	7.110575999999995	0.016130821495783265	116.731956	3.5552879999999973	0.06390013328072963	
18A	4	a	120.879792	135.100944	125.027628	14.221152000000004	0.017796776577766016	127.990368	7.110576000000002	0.20196035293845743	
18A	4	a	135.693492	139.24878	138.063684	3.5552880000000187	0.012622953124875824	137.471136	1.7776440000000093	0.029031409882774584	
18A	4	a	141.618972	146.359356	143.989164	4.7403839999999775	0.014207491928654004	143.989164	2.3701919999999888	0.06649313701564258	
18A	4	a	146.951904	151.09974	149.322096	4.147835999999984	0.018060083323577336	148.729548	2.073917999999992	0.05506942079290683	
18A	4	a	151.692288	155.247576	151.692288	3.5552880000000187	0.01918578698188178	153.469932	1.7776440000000093	0.06586210935246867	
18A	4	a	157.617768	160.580508	158.802864	2.9627399999999966	0.01203294579912062	158.802864	1.4813699999999983	0.02810844306476984	
18A	4	a	162.9507	190.207908	174.80166	27.25720799999999	0.02486504271941692	176.579304	13.628603999999996	0.3947388216760972	
18A	4	a	194.948292	217.465116	209.169444	22.516823999999986	0.018856723462749025	206.206704	11.258411999999993	0.33852803316011487	
18A	2	b	223.983144	233.463912	229.316076	9.480767999999983	-0.02112313348796957	228.723528	4.740383999999992	-0.14109709160212486	
18A	4	a	235.241556	253.017996	241.759584	17.776440000000008	0.065310132894277	244.129776	8.888220000000004	1.1993909944499266	
18A	4	a	253.610544	259.536024	257.165832	5.925479999999993	0.03003383484365929	256.573284	2.9627399999999966	0.13523108022603375	
18A	4	a	260.128572	264.276408	261.906216	4.147835999999984	0.03172237237253839	261.906216	2.073917999999992	0.06176943861721734	
18A	4	a	267.239148	271.979532	269.016792	4.740384000000006	0.025470474529673548	269.60934	2.370192000000003	0.06972686777463077	
18A	4	a	275.53482	295.681452	287.978328	20.146631999999954	0.07131449745746876	285.608136	10.073315999999977	1.32521962030006	
18A	4	a	296.274	301.606932	299.829288	5.332931999999971	0.04219119934772331	298.644192	2.6664659999999856	0.17271479247866145	
18A	4	a	302.19948	315.828084	308.717508	13.628603999999996	0.036061799338445	308.717508	6.814301999999998	0.44598925903856923	
18A	4	a	317.605728	325.308852	318.198276	7.7031240000000025	0.021842816429899936	321.161016	3.8515620000000013	0.1316554129325006	
18A	4	a	325.9014	334.197072	331.234332	8.295671999999968	0.0387234283753638	330.049236	4.147835999999984	0.3261133602279076	
18A	4	a	334.78962	341.900196	338.937456	7.1105759999999805	0.04141698087740675	338.344908	3.5552879999999902	0.2594057851182222	
18A	4	a	342.492744	346.64058	343.67784	4.147835999999984	0.03399037656387138	344.270388	2.073917999999992	0.1038450954293299	
18A	4	a	347.233128	360.269184	360.269184	13.036055999999974	0.11254659010193646	353.751156	6.518027999999987	1.1396339678648433	
19A	4	a	4.740384	7.703124	5.92548	2.96274	0.01168241247719115	5.92548	1.48137	0.024734331685800137	
19A	4	a	10.073316	14.221152	11.85096	4.147836	0.01206424613742707	11.85096	2.073918	0.04064557944533381	
19A	4	a	14.8137	17.183892	15.406248	2.3701919999999994	0.016181047725899678	15.998796	1.1850959999999997	0.023357717298588876	
19A	4	a	17.77644	21.924276	19.554084	4.147835999999998	0.008487140299725193	19.554084	2.073917999999999	0.02860247105129704	
19A	4	a	22.516824	24.887016	24.294468	2.3701919999999994	0.0021785134246063986	23.70192	1.1850959999999997	0.003374181650671826	
19A	4	a	26.66466	28.442304	26.66466	1.7776439999999987	0.006508935394594739	27.257208	0.8888219999999993	0.010741011822796354	
19A	4	a	29.034852	30.812496	29.6274	1.7776439999999987	0.011210629818694584	29.6274	0.8888219999999993	0.012649015919392603	
19A	4	a	31.405044	33.775236	31.997592	2.3701919999999994	0.010943498717182032	32.59014	1.1850959999999997	0.026223698245665783	
19A	4	a	37.923072	43.256004	38.51562	5.332932	0.024156288311999563	40.293264	2.666466	0.09928345041452658	
19A	4	a	45.626196	51.551676	47.996388	5.92548	0.022789688129278174	48.588936	2.96274	0.1046024302972019	
19A	4	a	52.144224	57.477156	53.32932	5.332932	0.013605647111082808	54.514416	2.666466	0.06816025867498832	
19A	4	a	58.069704	62.21754	61.624992	4.147835999999998	0.02107764434183579	59.847348	2.073917999999999	0.04425546502517469	
19A	4	a	64.587732	69.328116	68.735568	4.740383999999992	0.013063910855752647	66.957924	2.370191999999996	0.04173084230869234	
19A	4	a	72.883404	75.846144	74.661048	2.9627399999999966	0.008349791393133077	74.0685	1.4813699999999983	0.014546104958719885	
19A	4	a	76.438692	91.252392	80.586528	14.813699999999997	0.024609769997051445	83.549268	7.406849999999999	0.2231743581560393	
19A	4	a	91.84494	94.80768	92.437488	2.962740000000011	0.008735908737173115	93.030036	1.4813700000000054	0.020756994013935826	
19A	4	a	95.400228	103.103352	96.585324	7.7031240000000025	0.012552306190152906	98.955516	3.8515620000000013	0.0880887625857748	
19A	4	a	105.473544	110.806476	109.62138	5.332932	0.015132061650584228	107.843736	2.666466	0.0601333660295319	
19A	4	a	111.399024	115.54686	114.361764	4.147835999999998	0.012578362130492238	113.176668	2.073917999999999	0.04541120778298752	
19A	4	a	116.139408	129.768012	126.805272	13.628603999999996	0.022975686259748773	122.657436	6.814301999999998	0.20297632563712603	
19A	4	a	130.36056	133.915848	130.36056	3.5552880000000187	0.014869125225994706	132.138204	1.7776440000000093	0.03907975351755749	
19A	4	a	135.693492	139.841328	138.063684	4.147836000000012	0.014353758634613523	137.471136	2.073918000000006	0.04495241832553509	
19A	4	a	142.21152	147.544452	143.396616	5.332932	0.015454837264109456	144.581712	2.666466	0.05089424055135816	
19A	4	a	148.137	157.02522	153.469932	8.88821999999999	0.016405807141291695	152.284836	4.444109999999995	0.11871383989118311	
19A	4	a	157.617768	160.580508	159.395412	2.9627399999999966	0.010487064954168623	158.802864	1.4813699999999983	0.031736716027523204	
19A	4	a	162.9507	169.468728	165.91344	6.518027999999987	0.011652992217772162	165.91344	3.2590139999999934	0.06743371622570082	
19A	4	a	174.80166	177.171852	174.80166	2.370192000000003	0.01640508399511109	175.986756	1.1850960000000015	0.03341514849322652	
19A	4	a	180.72714	190.207908	189.022812	9.480768000000012	0.018793106430432083	185.467524	4.740384000000006	0.16140022759457862	
19A	4	a	190.800456	197.911032	193.763196	7.110576000000009	0.018949630838250853	194.355744	3.5552880000000044	0.11657621136089902	
19A	4	a	198.50358	205.021608	199.688676	6.518027999999987	0.017002061842111504	201.46632	3.2590139999999934	0.10084528880270055	
19A	4	a	207.3918	210.947088	209.761992	3.5552880000000187	0.01096862294346801	209.169444	1.7776440000000093	0.03801076946471044	
19A	4	a	211.539636	218.650212	215.687472	7.110576000000009	0.019785785735593864	215.094924	3.5552880000000044	0.11739517410629574	
19A	4	a	219.24276	221.020404	219.835308	1.7776440000000093	0.006918692527945636	219.835308	0.8888220000000047	0.009471118560464953	
19A	4	a	225.760788	229.316076	226.945884	3.5552880000000187	0.010178635659493174	227.538432	1.7776440000000093	0.019426826439273792	
19A	4	a	231.09372	234.05646	231.09372	2.9627399999999966	0.01691297660629576	232.278816	1.4813699999999983	0.03349224609493334	
19A	4	a	234.649008	261.313668	251.240352	26.664659999999998	0.04273223834575213	247.685064	13.332329999999999	0.8348484024442961	
19A	4	a	263.091312	272.57208	271.386984	9.480768000000012	0.021075221312427894	267.831696	4.740384000000006	0.17714017590451392	
19A	4	a	276.127368	298.644192	295.088904	22.516823999999986	0.05448673432569029	287.38578	11.258411999999993	0.9182342223706388	
19A	4	a	301.014384	309.310056	302.19948	8.295671999999968	0.03283139598176399	305.16222	4.147835999999984	0.25150683023267156	
19A	4	a	309.902604	321.161016	318.198276	11.258412000000021	0.03281123920489948	315.235536	5.629206000000011	0.3174899192440144	
19A	4	a	321.753564	329.456688	324.716304	7.7031240000000025	0.02035248352559793	325.308852	3.8515620000000013	0.11945552500776652	
19A	4	a	330.049236	346.64058	341.307648	16.591343999999992	0.06231934898120062	338.344908	8.295671999999996	0.8140054592779034	
19A	4	a	347.233128	355.5288	351.973512	8.295671999999968	0.043450781273395855	351.380964	4.147835999999984	0.29508595914410807	
19A	4	a	356.121348	360.269184	359.676636	4.147835999999984	0.04188235004670893	357.898992	2.073917999999992	0.11769890793987758	
