										AB_Fed#9_Cloaca_evts_formatted.txt
ROI	Quadrant	Direction	Start time (s)	End time (s)	Peak time (s)	Duration (s)	Amplitude	Midpoint (s)	Half Duration(s)	AUC
17A	2	b	1.777644	5.332932	2.370192	3.5552879999999996	-0.0919239821143032	3.555288	1.7776439999999998	-0.21652297083784866	
17A	2	b	7.110576	8.88822	7.703124	1.7776440000000004	-0.06021854653491454	7.703124	0.8888220000000002	-0.08754533883653748	
17A	2	b	10.665864	14.221152	12.443508	3.555288000000001	-0.07592313950258145	12.443508	1.7776440000000004	-0.27424221802873183	
17A	2	b	14.8137	16.591344	14.8137	1.7776439999999987	-0.08107242368269807	15.406248	0.8888219999999993	-0.07844677263247313	
17A	2	b	21.924276	24.294468	23.70192	2.3701919999999994	-0.07441326337458865	23.109372	1.1850959999999997	-0.1272462583253262	
17A	2	b	28.442304	30.812496	29.034852	2.3701919999999994	-0.07257390972470157	29.6274	1.1850959999999997	-0.16923542868022623	
17A	2	b	32.59014	37.330524	33.775236	4.740383999999999	-0.05705052139321021	34.960332	2.3701919999999994	-0.24255917216033174	
17A	2	b	37.923072	40.293264	37.923072	2.370192000000003	-0.059397994034644075	39.108168	1.1850960000000015	-0.12200268310582985	
17A	2	b	40.885812	55.699512	42.070908	14.813699999999997	-0.12901880129235854	47.996388	7.406849999999999	-1.6223983677630691	
17A	2	b	56.29206	58.069704	56.29206	1.7776440000000022	-0.058296454726501246	56.884608	0.8888220000000011	-0.05400624506439189	
17A	2	b	60.439896	66.957924	62.21754	6.518028000000008	-0.09144834733735285	63.402636	3.259014000000004	-0.527996091026437	
17A	2	b	67.550472	71.10576	68.735568	3.5552880000000044	-0.06765711030572863	69.328116	1.7776440000000022	-0.24376973136142555	
17A	2	b	71.698308	74.0685	71.698308	2.370192000000003	-0.057167278715136494	72.883404	1.1850960000000015	-0.11452098262354204	
17A	2	b	77.623788	83.549268	77.623788	5.925479999999993	-0.06068611953196612	80.586528	2.9627399999999966	-0.332414421547111	
17A	2	b	84.141816	85.91946	84.734364	1.7776439999999951	-0.06330269151780987	84.734364	0.8888219999999976	-0.09356477670248631	
17A	2	b	86.512008	88.289652	86.512008	1.7776440000000093	-0.04664272966827232	87.104556	0.8888220000000047	-0.06651678791965776	
17A	2	b	90.067296	91.84494	90.067296	1.7776439999999951	-0.02396402931879349	90.659844	0.8888219999999976	-0.04008724998706703	
17A	2	b	92.437488	94.215132	92.437488	1.7776439999999951	-0.049291426429264096	93.030036	0.8888219999999976	-0.03455169309892714	
17A	2	b	94.80768	96.585324	95.400228	1.7776439999999951	-0.03357305308391778	95.400228	0.8888219999999976	-0.06047260878466387	
17A	2	b	100.140612	103.6959	103.103352	3.5552879999999902	-0.0811696427332449	101.918256	1.7776439999999951	-0.20596478854439293	
17A	2	b	105.473544	110.806476	108.436284	5.332932	-0.09599837397120359	107.843736	2.666466	-0.3973069085107841	
17A	2	b	112.58412	114.361764	113.176668	1.7776439999999951	-0.034198855426379904	113.176668	0.8888219999999976	-0.06226575567656023	
17A	2	b	117.324504	119.102148	117.917052	1.7776439999999951	-0.06198404667787649	117.917052	0.8888219999999976	-0.0911352233305065	
17A	2	b	119.694696	124.43508	120.287244	4.740384000000006	-0.07757197351079981	122.064888	2.370192000000003	-0.3955703460038327	
17A	2	b	126.212724	130.36056	127.39782	4.147835999999998	-0.09189342095791586	127.990368	2.073917999999999	-0.3356075384497723	
17A	2	b	130.953108	133.3233	130.953108	2.370192000000003	-0.037171520393455726	132.138204	1.1850960000000015	-0.07678460367931916	
17A	2	b	133.915848	138.656232	135.693492	4.7403839999999775	-0.05150377303081122	136.28604	2.3701919999999888	-0.27230824663575515	
17A	2	b	139.24878	145.766808	142.804068	6.518027999999987	-0.08196139181958229	142.21152	3.2590139999999934	-0.5242499013774053	
17A	2	b	146.359356	154.06248	148.729548	7.7031240000000025	-0.07431063808191363	149.914644	3.8515620000000013	-0.529685370296131	
17A	2	b	154.655028	158.802864	155.840124	4.147836000000012	-0.047424156719278354	156.432672	2.073918000000006	-0.18815776558177033	
17A	2	b	160.580508	162.9507	161.765604	2.370192000000003	-0.045792148180611836	161.765604	1.1850960000000015	-0.0923646971178842	
17A	2	b	163.543248	166.505988	165.91344	2.9627399999999966	-0.037314464417852466	164.728344	1.4813699999999983	-0.11944781013591488	
17A	2	b	170.653824	173.616564	172.431468	2.962740000000025	-0.06611667268507349	171.83892	1.4813700000000125	-0.1511694409226645	
17A	2	b	176.579304	178.356948	177.171852	1.777643999999981	-0.015612712125126382	177.171852	0.8888219999999905	-0.017246517732909528	
17A	2	b	180.134592	181.912236	180.72714	1.7776440000000093	-0.06087374191339956	180.72714	0.8888220000000047	-0.10354416593293791	
17A	2	b	184.874976	187.837716	186.65262	2.9627399999999966	-0.04371159694772597	186.060072	1.4813699999999983	-0.10798037419983042	
17A	2	b	188.430264	191.985552	189.61536	3.5552880000000187	-0.052927274996494855	190.207908	1.7776440000000093	-0.14893024765258245	
17A	2	b	192.5781	194.355744	193.170648	1.777643999999981	-0.041640212944945354	193.170648	0.8888219999999905	-0.07609821496711877	
17A	2	b	196.133388	197.911032	196.725936	1.7776440000000093	-0.057343339740597354	196.725936	0.8888220000000047	-0.08437851185459722	
17A	2	b	198.50358	207.984348	199.096128	9.480768000000012	-0.10689527047576286	203.243964	4.740384000000006	-1.0810631842664	
17A	2	b	208.576896	211.539636	208.576896	2.9627399999999966	-0.052543481140595816	209.761992	1.4813699999999983	-0.10766479939992224	
17A	2	b	212.132184	213.909828	212.132184	1.7776440000000093	-0.05140510504174722	212.724732	0.8888220000000047	-0.04113120821292049	
17A	2	b	214.502376	217.465116	215.687472	2.9627399999999966	-0.08039597775882701	215.687472	1.4813699999999983	-0.26639206203837595	
17A	2	b	218.057664	222.798048	220.427856	4.740384000000006	-0.08056287445067278	220.427856	2.370192000000003	-0.3823879861032997	
17A	2	b	223.390596	225.16824	223.983144	1.7776440000000093	-0.09704419677600384	223.983144	0.8888220000000047	-0.16405381075726044	
17A	2	b	226.945884	229.316076	226.945884	2.370192000000003	-0.1059275053372235	228.13098	1.1850960000000015	-0.15736420891211456	
17A	2	b	231.09372	232.871364	231.686268	1.7776440000000093	-0.08691532143935188	231.686268	0.8888220000000047	-0.12366086441432556	
17A	2	b	239.98194	245.314872	241.167036	5.332932	-0.05390671898275823	242.352132	2.666466	-0.20870531664770597	
17A	2	b	247.685064	252.425448	248.277612	4.7403839999999775	-0.07615384906726863	250.055256	2.3701919999999888	-0.3556088608075618	
17A	2	b	253.017996	255.980736	254.79564	2.9627399999999966	-0.039160300296895656	254.203092	1.4813699999999983	-0.09837315297871418	
17A	2	b	256.573284	260.72112	258.943476	4.147835999999984	-0.06079203957702628	258.350928	2.073917999999992	-0.20212581121763074	
17A	2	b	261.313668	266.054052	265.461504	4.740384000000006	-0.07770973376163726	263.68386	2.370192000000003	-0.2379053131712987	
17A	2	b	269.016792	276.127368	272.57208	7.1105759999999805	-0.08058269107452443	272.57208	3.5552879999999902	-0.4233899731302877	
17A	2	b	278.49756	280.275204	279.682656	1.7776439999999525	-0.07752338487280408	279.090108	0.8888219999999762	-0.10013722925858626	
17A	2	b	280.867752	287.978328	285.608136	7.1105759999999805	-0.0918595245411642	284.42304	3.5552879999999902	-0.6020431953784218	
17A	2	b	290.34852	302.792028	295.088904	12.443508000000008	-0.2107701701497322	296.274	6.221754000000004	-2.752350668060647	
17A	4	a	303.384576	312.272796	305.754768	8.888220000000047	0.11367145742890505	307.532412	4.444110000000023	0.6628624612233549	
17A	2	b	314.642988	318.790824	315.828084	4.147835999999984	-0.23256808585998678	316.420632	2.073917999999992	-0.8225174302678011	
17A	2	b	319.383372	321.161016	320.568468	1.7776440000000093	-0.05380066776435877	319.97592	0.8888220000000047	-0.08897496769739988	
17A	2	b	322.93866	325.308852	323.531208	2.3701919999999745	-0.0753361796494989	324.123756	1.1850959999999873	-0.13007887242924987	
17A	2	b	325.9014	330.641784	327.679044	4.740383999999949	-0.09289812235151507	328.271592	2.3701919999999745	-0.4315593831427289	
17A	2	b	331.234332	334.197072	332.419428	2.9627399999999966	-0.05385534051395924	332.419428	1.4813699999999983	-0.15809410940880508	
17A	2	b	335.974716	349.010772	343.67784	13.036055999999974	-0.19793047104569084	342.492744	6.518027999999987	-2.209899479659321	
17A	2	b	349.60332	351.380964	350.788416	1.7776440000000093	-0.04743169551340376	350.195868	0.8888220000000047	-0.07028585369668683	
17A	2	b	353.751156	360.269184	360.269184	6.518028000000015	-0.17049367681920025	356.713896	3.2590140000000076	-0.6042125678125492	
18A	2	b	2.96274	9.480768	7.110576	6.518027999999999	-0.07818997790126758	5.92548	3.2590139999999996	-0.40181568969265835	
18A	2	b	10.073316	11.85096	11.258412	1.7776440000000004	-0.026036921654666312	10.665864	0.8888220000000002	-0.034106653290536304	
18A	2	b	12.443508	14.221152	12.443508	1.7776440000000004	-0.026495983332722073	13.036056	0.8888220000000002	-0.04537355896866013	
18A	2	b	17.77644	19.554084	18.368988	1.7776439999999987	-0.042824474725072115	18.368988	0.8888219999999993	-0.05095599432910669	
18A	2	b	20.146632	26.072112	21.331728	5.92548	-0.05980804799331407	23.109372	2.96274	-0.342331030361104	
18A	2	b	26.66466	29.6274	27.257208	2.96274	-0.03769736409081759	27.849756	1.48137	-0.09940597829594289	
18A	2	b	31.997592	37.330524	34.367784	5.332931999999996	-0.06664519938657554	34.367784	2.666465999999998	-0.2881023569140777	
18A	2	b	37.923072	40.885812	38.51562	2.9627400000000037	-0.08866514282181015	39.108168	1.4813700000000019	-0.24149177881216888	
18A	4	a	42.663456	45.626196	44.4411	2.9627400000000037	0.03569711932257835	43.848552	1.4813700000000019	0.09478759611234389	
18A	4	a	46.218744	49.181484	46.218744	2.9627399999999966	0.03302772854759439	47.40384	1.4813699999999983	0.09433723658701765	
18A	2	b	54.514416	57.477156	56.29206	2.9627400000000037	-0.03518099786888973	55.699512	1.4813700000000019	-0.07404655803867466	
18A	2	b	59.2548	62.810088	60.439896	3.5552879999999973	-0.04969333083512906	61.032444	1.7776439999999987	-0.13315463238501635	
18A	2	b	65.772828	67.550472	66.365376	1.7776439999999951	-0.03652863578920895	66.365376	0.8888219999999976	-0.06512704014321713	
18A	2	b	72.290856	75.846144	72.883404	3.5552879999999902	-0.0423328569548711	74.0685	1.7776439999999951	-0.14509528221236834	
18A	2	b	76.438692	81.771624	78.808884	5.332932	-0.06875685063163672	78.808884	2.666466	-0.36465183460248607	
18A	2	b	85.326912	87.697104	86.512008	2.370192000000003	-0.04322615965460974	86.512008	1.1850960000000015	-0.07630169917660057	
18A	2	b	91.252392	93.030036	91.84494	1.7776439999999951	-0.04681393224629726	91.84494	0.8888219999999976	-0.06261463652745558	
18A	2	b	97.177872	101.918256	99.548064	4.740384000000006	-0.06195609427808879	99.548064	2.370192000000003	-0.2188496783132141	
18A	2	b	102.510804	108.436284	106.066092	5.925480000000007	-0.05518163654465447	105.473544	2.9627400000000037	-0.27140814940709124	
18A	2	b	109.028832	110.806476	110.213928	1.7776440000000093	-0.020548684672056616	109.62138	0.8888220000000047	-0.024561934149325948	
18A	2	b	113.769216	120.287244	118.5096	6.518028000000001	-0.0735310622762535	116.731956	3.2590140000000005	-0.4147726852552205	
18A	2	b	120.879792	125.620176	122.064888	4.740384000000006	-0.06521211277354277	123.249984	2.370192000000003	-0.2936451867379093	
18A	2	b	127.39782	130.36056	127.39782	2.9627399999999966	-0.04526774350323448	128.582916	1.4813699999999983	-0.12856201975470016	
18A	2	b	130.953108	132.730752	131.545656	1.7776440000000093	-0.04512562647189666	131.545656	0.8888220000000047	-0.056252367039018036	
18A	2	b	133.3233	136.878588	135.100944	3.5552880000000187	-0.06980531641695231	135.100944	1.7776440000000093	-0.195174983050723	
18A	2	b	137.471136	139.24878	138.063684	1.7776440000000093	-0.0395940162138122	138.063684	0.8888220000000047	-0.061802508783501464	
18A	2	b	139.841328	146.359356	143.989164	6.518027999999987	-0.06638976653258499	142.804068	3.2590139999999934	-0.4096701919870358	
18A	2	b	148.137	151.09974	148.729548	2.9627399999999966	-0.053304064833423315	149.322096	1.4813699999999983	-0.11033316818381134	
18A	2	b	154.655028	158.210316	157.617768	3.5552880000000187	-0.031043361234513345	156.432672	1.7776440000000093	-0.07981939656156478	
18A	2	b	158.802864	161.173056	160.580508	2.370192000000003	-0.03628691193703837	159.98796	1.1850960000000015	-0.06519836558488179	
18A	2	b	161.765604	165.320892	164.728344	3.5552879999999902	-0.04731765414830802	163.543248	1.7776439999999951	-0.12454458096958065	
18A	2	b	168.283632	174.209112	170.653824	5.925479999999993	-0.0369543979450615	171.246372	2.9627399999999966	-0.15830200899626834	
18A	2	b	174.80166	178.949496	177.7644	4.147836000000012	-0.05359838026952346	176.579304	2.073918000000006	-0.1763505613162497	
18A	4	a	179.542044	181.319688	180.72714	1.7776440000000093	0.008429729608383951	180.134592	0.8888220000000047	0.005857866220940533	
18A	2	b	181.912236	185.467524	184.282428	3.5552879999999902	-0.03198125270799146	183.68988	1.7776439999999951	-0.07238021953301521	
18A	2	b	190.800456	194.948292	191.393004	4.147836000000012	-0.04834256737885223	192.5781	2.073918000000006	-0.14071097032467228	
18A	2	b	195.54084	199.096128	196.725936	3.5552879999999902	-0.04866648441679944	197.318484	1.7776439999999951	-0.1351271872797506	
18A	2	b	199.688676	202.651416	200.281224	2.962740000000025	-0.039549713484266835	200.873772	1.4813700000000125	-0.10209411399056956	
18A	2	b	203.243964	208.576896	204.42906	5.332932	-0.043865122060297246	205.614156	2.666466	-0.19376250092935998	
18A	2	b	209.169444	211.539636	210.35454	2.370192000000003	-0.029122429905194647	210.35454	1.1850960000000015	-0.05490470180930629	
18A	2	b	213.31728	215.687472	213.909828	2.370192000000003	-0.06641958236603651	214.502376	1.1850960000000015	-0.108416356364756	
18A	2	b	216.28002	218.057664	216.28002	1.777643999999981	-0.03898890712256886	216.872568	0.8888219999999905	-0.05552503725010016	
18A	2	b	218.650212	220.427856	218.650212	1.777643999999981	-0.01524344029536806	219.24276	0.8888219999999905	-0.018563493196172898	
18A	2	b	221.020404	228.723528	224.575692	7.703123999999974	-0.042665313038804165	224.575692	3.851561999999987	-0.2544829807619404	
18A	2	b	229.316076	234.05646	232.871364	4.7403839999999775	-0.07965859871638692	231.686268	2.3701919999999888	-0.27600329912634325	
18A	2	b	237.0192	238.796844	237.611748	1.777643999999981	-0.029783000233719825	237.611748	0.8888219999999905	-0.0361480808322312	
18A	2	b	239.389392	244.722324	242.352132	5.332932	-0.06472279915208912	241.759584	2.666466	-0.2339984049487147	
18A	2	b	256.573284	261.906216	261.313668	5.332931999999971	-0.08101748917338947	258.943476	2.6664659999999856	-0.226790829378392	
18A	2	b	263.68386	272.57208	266.6466	8.888220000000047	-0.04669895340721153	267.831696	4.444110000000023	-0.3296829132154746	
18A	2	b	273.164628	275.53482	274.942272	2.3701920000000314	-0.03292880242358853	274.349724	1.1850960000000157	-0.061995983958734735	
18A	2	b	280.275204	285.608136	282.052848	5.332932000000028	-0.08195282360415668	282.645396	2.666466000000014	-0.3332108048882274	
18A	2	b	286.200684	287.978328	287.38578	1.7776439999999525	-0.037697490850030047	286.793232	0.8888219999999762	-0.06111318992071002	
18A	2	b	290.941068	305.16222	298.051644	14.221152000000018	-0.15509380004980589	298.051644	7.110576000000009	-2.568330324769547	
18A	4	a	309.902604	312.272796	309.902604	2.3701920000000314	0.04388197738326971	311.0877	1.1850960000000157	0.08012228260968235	
18A	4	a	312.865344	315.235536	313.457892	2.3701920000000314	0.07617940868831674	314.05044	1.1850960000000157	0.15134357970262147	
18A	2	b	317.605728	321.753564	318.198276	4.147835999999984	-0.06103616756245689	319.383372	2.073917999999992	-0.21464100735435987	
18A	2	b	322.346112	325.308852	324.123756	2.9627399999999966	-0.10293646539548185	323.531208	1.4813699999999983	-0.24370590326486163	
18A	2	b	327.679044	333.011976	330.049236	5.332932000000028	-0.07207684999736363	330.049236	2.666466000000014	-0.373228273759705	
18A	2	b	333.604524	335.974716	335.382168	2.3701919999999745	-0.037504466332075825	334.78962	1.1850959999999873	-0.07047408991553827	
18A	2	b	336.567264	338.344908	337.159812	1.7776439999999525	-0.0376574767753981	337.159812	0.8888219999999762	-0.06082932880848424	
18A	2	b	338.937456	343.67784	339.530004	4.740384000000006	-0.08419950882381988	341.307648	2.370192000000003	-0.31333199657787425	
18A	2	b	344.270388	348.418224	347.233128	4.147835999999984	-0.11711625906388878	346.048032	2.073917999999992	-0.5339000934274762	
18A	2	b	349.010772	360.269184	359.084088	11.258412000000021	-0.1617078547872275	354.343704	5.629206000000011	-1.3826574403728078	
19A	2	b	4.740384	6.518028	5.332932	1.7776440000000004	-0.15263790249312814	5.332932	0.8888220000000002	-0.2395315697192859	
19A	2	b	9.480768	16.591344	12.443508	7.110576	-0.1589113497730663	13.036056	3.555288	-0.6865788567756292	
19A	2	b	17.183892	21.924276	18.368988	4.740383999999999	-0.09586161322483955	19.554084	2.3701919999999994	-0.32631153059051665	
19A	2	b	22.516824	32.59014	27.257208	10.073315999999998	-0.13815889502104106	27.257208	5.036657999999999	-0.8187587233243498	
19A	2	b	33.182688	39.108168	36.145428	5.92548	-0.12032277622567555	36.145428	2.96274	-0.5676072308333651	
19A	2	b	39.700716	45.626196	42.070908	5.92548	-0.07774461435384472	42.663456	2.96274	-0.39169564333014084	
19A	2	b	46.218744	50.36658	46.811292	4.147835999999998	-0.07985172733269152	47.996388	2.073917999999999	-0.25788703883021924	
19A	2	b	50.959128	58.662252	53.32932	7.7031240000000025	-0.1318641828152316	54.514416	3.8515620000000013	-0.7161663528069138	
19A	2	b	59.2548	66.957924	63.995184	7.7031240000000025	-0.09657921043714923	62.810088	3.8515620000000013	-0.7255221127546665	
19A	2	b	67.550472	69.328116	68.735568	1.7776439999999951	-0.04122467393000573	68.14302	0.8888219999999976	-0.06851824594712186	
19A	2	b	69.920664	73.475952	70.513212	3.5552880000000044	-0.12027311727609868	71.698308	1.7776440000000022	-0.32433378316093453	
19A	2	b	76.438692	81.179076	77.03124	4.740383999999992	-0.12160040825993867	78.808884	2.370191999999996	-0.44689755568210376	
19A	2	b	81.771624	88.8822	83.549268	7.110575999999995	-0.08975968373145049	85.326912	3.5552879999999973	-0.556264926482781	
19A	2	b	91.252392	93.622584	91.84494	2.370192000000003	-0.05176180645919626	92.437488	1.1850960000000015	-0.11954426755849945	
19A	2	b	94.215132	96.585324	94.80768	2.370192000000003	-0.02242626864579922	95.400228	1.1850960000000015	-0.03467517726700553	
19A	2	b	97.177872	101.918256	98.362968	4.740384000000006	-0.09376127635498355	99.548064	2.370192000000003	-0.3280269096731192	
19A	2	b	102.510804	110.806476	104.288448	8.29567200000001	-0.13277105537231204	106.65864	4.147836000000005	-0.8273729325335706	
19A	2	b	111.399024	113.176668	112.58412	1.7776440000000093	-0.0176035505390848	111.991572	0.8888220000000047	-0.018601055262155386	
19A	2	b	113.769216	115.54686	114.361764	1.7776439999999951	-0.05049944799694828	114.361764	0.8888219999999976	-0.09559511381459229	
19A	2	b	117.324504	119.694696	117.324504	2.3701919999999888	-0.057725332079960445	118.5096	1.1850959999999944	-0.10567601681004968	
19A	2	b	122.064888	127.39782	123.249984	5.332932	-0.13316879156696837	124.43508	2.666466	-0.5734581876705367	
19A	2	b	127.990368	131.545656	128.582916	3.5552880000000044	-0.09140195612718394	129.768012	1.7776440000000022	-0.3169066623488408	
19A	2	b	132.138204	139.24878	135.693492	7.110576000000009	-0.12260785294212839	135.693492	3.5552880000000044	-0.4514679755391626	
19A	2	b	142.21152	145.17426	142.804068	2.9627399999999966	-0.05774657371377634	143.396616	1.4813699999999983	-0.1797281828134314	
19A	2	b	148.137	151.692288	149.322096	3.5552879999999902	-0.0770626798339138	149.914644	1.7776439999999951	-0.2874017980511634	
19A	2	b	152.284836	156.432672	153.469932	4.147835999999984	-0.07307836457905514	154.06248	2.073917999999992	-0.27668909057996927	
19A	2	b	157.02522	163.543248	161.173056	6.518028000000015	-0.09211974639161413	159.98796	3.2590140000000076	-0.5261471680444145	
19A	2	b	164.135796	167.098536	165.320892	2.9627399999999966	-0.050405152555966115	165.320892	1.4813699999999983	-0.1456176099772728	
19A	2	b	171.83892	176.579304	173.024016	4.740384000000006	-0.08459764918631674	174.209112	2.370192000000003	-0.4220750465911953	
19A	2	b	177.171852	179.542044	177.7644	2.370192000000003	-0.08225872088905728	178.356948	1.1850960000000015	-0.17202933722509983	
19A	2	b	180.134592	182.504784	180.72714	2.370192000000003	-0.02920963598951465	181.319688	1.1850960000000015	-0.0789458055098593	
19A	2	b	183.097332	184.874976	183.68988	1.7776440000000093	-0.028063025471987135	183.68988	0.8888220000000047	-0.034660913235285085	
19A	2	b	185.467524	190.207908	187.245168	4.740384000000006	-0.06772198326867329	187.837716	2.370192000000003	-0.2943345797853756	
19A	2	b	190.800456	197.911032	193.763196	7.110576000000009	-0.07440275346751601	194.355744	3.5552880000000044	-0.3675276305512529	
19A	2	b	198.50358	202.058868	199.096128	3.5552879999999902	-0.085576205543902	200.281224	1.7776439999999951	-0.2989736518502999	
19A	2	b	206.206704	209.761992	206.799252	3.5552879999999902	-0.09281744481536514	207.984348	1.7776439999999951	-0.2964763640260324	
19A	2	b	211.539636	213.31728	212.724732	1.7776440000000093	-0.018829253756944553	212.132184	0.8888220000000047	-0.015650213264875257	
19A	2	b	213.909828	221.020404	216.872568	7.110576000000009	-0.07545631698888	217.465116	3.5552880000000044	-0.3994253262331473	
19A	2	b	221.612952	225.760788	222.2055	4.147835999999984	-0.09907680278689668	223.390596	2.073917999999992	-0.3225778788699072	
19A	2	b	226.353336	230.501172	228.13098	4.147835999999984	-0.0785169975769966	228.13098	2.073917999999992	-0.3216203177649639	
19A	2	b	231.09372	234.649008	232.278816	3.5552880000000187	-0.05321617165936532	232.871364	1.7776440000000093	-0.18286625318977134	
19A	2	b	237.0192	240.574488	238.204296	3.5552879999999902	-0.045767579117451884	238.796844	1.7776439999999951	-0.15442851016753534	
19A	2	b	242.352132	244.129776	242.352132	1.777643999999981	-0.03102435770520362	242.94468	0.8888219999999905	-0.03031249897658217	
19A	2	b	245.90742	248.87016	245.90742	2.9627399999999966	-0.03360764488566037	247.092516	1.4813699999999983	-0.07970026817796994	
19A	2	b	249.462708	253.610544	251.240352	4.147836000000012	-0.06745123169335132	251.240352	2.073918000000006	-0.29622462572031094	
19A	2	b	254.203092	266.054052	257.165832	11.850960000000015	-0.073868149633181	260.128572	5.925480000000007	-0.7168217790671609	
19A	2	b	266.6466	271.386984	267.239148	4.740384000000006	-0.10011827075611857	269.016792	2.370192000000003	-0.3243082768226653	
19A	2	b	271.979532	276.127368	273.164628	4.147835999999984	-0.09338851912196233	273.757176	2.073917999999992	-0.2233982915541428	
19A	2	b	277.905012	280.867752	277.905012	2.9627399999999966	-0.05532616866944773	279.090108	1.4813699999999983	-0.1728238166462508	
19A	2	b	281.4603	284.42304	282.052848	2.9627399999999966	-0.03260964862328164	282.645396	1.4813699999999983	-0.09424924799400936	
19A	2	b	287.38578	289.755972	287.38578	2.3701919999999745	-0.04605634049605456	288.570876	1.1850959999999873	-0.09210456766869002	
19A	2	b	292.718712	296.866548	293.903808	4.147836000000041	-0.07384055321867988	294.496356	2.0739180000000204	-0.26526365064900514	
19A	2	b	297.459096	302.19948	300.421836	4.740384000000006	-0.07723749428598925	299.829288	2.370192000000003	-0.2927663146961317	
19A	2	b	302.792028	306.939864	305.16222	4.147835999999984	-0.06816255894721879	304.569672	2.073917999999992	-0.24136230547492565	
19A	2	b	309.310056	316.420632	314.642988	7.110576000000037	-0.07655879458184334	312.865344	3.5552880000000187	-0.4886183840209446	
19A	2	b	317.01318	322.346112	317.605728	5.332932000000028	-0.07435094154299282	319.383372	2.666466000000014	-0.3493505426373229	
19A	2	b	322.93866	329.456688	325.9014	6.518027999999958	-0.16694941351950732	325.9014	3.259013999999979	-0.6744718491832338	
19A	2	b	330.049236	334.78962	331.234332	4.740384000000006	-0.15962016855358918	332.419428	2.370192000000003	-0.6063095927644133	
19A	2	b	335.382168	340.7151	337.159812	5.332932000000028	-0.16317592965290695	337.75236	2.666466000000014	-0.5645475627617171	
19A	2	b	341.307648	344.862936	343.085292	3.5552880000000187	-0.12629727130452917	343.085292	1.7776440000000093	-0.36142682785682845	
19A	2	b	347.825676	360.269184	360.269184	12.443508000000008	-0.3891256623329338	353.751156	6.221754000000004	-2.6641520572760595	
