										AB_Fed#12_Anterograde_evts_formatted.txt
ROI	Quadrant	Direction	Start time (s)	End time (s)	Peak time (s)	Duration (s)	Amplitude	Midpoint (s)	Half Duration(s)	AUC
8A	4	a	0.0	1.777644	0.0	1.777644	0.23332547359182287	0.592548	0.888822	0.33028003814084594	
8A	2	b	2.370192	8.88822	5.332932	6.518028000000001	-0.16643297333116402	5.332932	3.2590140000000005	-1.036160455668013	
8A	4	a	9.480768	24.294468	15.406248	14.813699999999999	0.1613887569587824	16.591344	7.4068499999999995	2.084479902475131	
8A	4	a	24.887016	45.626196	35.55288	20.73918	0.46801681004056395	34.960332	10.36959	5.788621743219101	
8A	4	a	46.218744	51.551676	49.181484	5.332932	0.15247581635886354	48.588936	2.666466	0.7563632489230105	
8A	4	a	57.477156	75.253596	65.772828	17.77644	0.5435992827928469	66.365376	8.88822	8.37734250929231	
8A	4	a	75.846144	90.659844	80.586528	14.813700000000011	0.6374848321185196	82.95672	7.406850000000006	5.857383047502681	
8A	4	a	92.437488	121.47234	113.176668	29.034852	0.27870682210467734	106.65864	14.517426	6.970121047685873	
8A	4	a	122.064888	127.39782	124.43508	5.332932	0.49252362066104505	124.43508	2.666466	2.2809017131945604	
8A	4	a	127.990368	130.953108	130.36056	2.9627399999999824	0.07111018556798765	129.175464	1.4813699999999912	0.1939174768706733	
8A	4	a	131.545656	175.986756	168.283632	44.441100000000006	1.9593097546680704	153.469932	22.220550000000003	35.73858465086216	
8A	2	b	176.579304	190.207908	186.060072	13.628603999999996	-0.23978744218953807	183.097332	6.814301999999998	-3.2697152214220124	
8A	4	a	190.800456	200.873772	197.911032	10.073316000000005	0.519003815399893	195.54084	5.036658000000003	5.054332830961666	
8A	4	a	203.836512	207.3918	203.836512	3.5552879999999902	0.23324130033818902	205.614156	1.7776439999999951	0.5969507153437268	
8A	4	a	207.984348	219.835308	210.35454	11.850959999999986	0.9558058389156585	213.909828	5.925479999999993	8.7578208968371	
8A	4	a	220.427856	261.906216	252.425448	41.47835999999998	1.3240530879548915	241.167036	20.73917999999999	34.69657870547376	
8A	4	a	264.276408	266.054052	264.276408	1.7776440000000093	0.03684234197560032	264.868956	0.8888220000000047	0.04994252581755099	
8A	2	b	266.6466	269.60934	268.424244	2.9627399999999966	-0.051139349453446226	267.831696	1.4813699999999983	-0.1268844254109167	
8A	4	a	274.349724	303.384576	294.496356	29.034852	0.9896012902860343	288.570876	14.517426	24.50433733493011	
8A	2	b	303.977124	306.347316	305.754768	2.3701919999999745	-0.07693105939406619	305.16222	1.1850959999999873	-0.11604393444763206	
8A	4	a	309.310056	316.420632	312.865344	7.110576000000037	0.08222226571719604	312.865344	3.5552880000000187	0.7150005733673379	
8A	4	a	318.790824	349.60332	338.937456	30.81249600000001	1.279147661273238	334.197072	15.406248000000005	25.57373886763916	
8A	4	a	350.195868	351.973512	350.195868	1.7776440000000093	0.03854204784721649	350.788416	0.8888220000000047	0.030533275704338392	
8A	2	b	352.56606	356.121348	354.936252	3.5552880000000187	-0.06668722366024937	354.343704	1.7776440000000093	-0.1994052364580463	
8A	4	a	356.713896	359.084088	357.306444	2.3701920000000314	0.06905345154752585	357.898992	1.1850960000000157	0.1549304090262762	
9A	4	a	0.0	5.92548	1.777644	5.92548	0.5723665095900725	2.96274	2.96274	3.5725849602511817	
9A	4	a	7.703124	11.258412	8.88822	3.555288	0.06089052052140609	9.480768	1.777644	0.17558133835336442	
9A	2	b	17.183892	19.554084	18.368988	2.3701919999999994	-0.048654530101151394	18.368988	1.1850959999999997	-0.08722809043474866	
9A	4	a	20.146632	24.887016	21.331728	4.740383999999999	0.06689729934141786	22.516824	2.3701919999999994	0.31244636072190235	
9A	4	a	25.479564	48.588936	43.256004	23.109371999999997	0.6256337920671049	36.737976	11.554685999999998	9.638624196450383	
9A	4	a	49.181484	72.290856	65.18028	23.109372000000008	0.2831153716653052	60.439896	11.554686000000004	6.097247088271154	
9A	2	b	75.253596	77.623788	75.253596	2.370192000000003	-0.05317895387431948	76.438692	1.1850960000000015	-0.07143053926172405	
9A	4	a	78.216336	108.436284	97.177872	30.219948000000002	0.5242407171206294	93.030036	15.109974000000001	12.203957965092927	
9A	4	a	109.028832	111.399024	109.028832	2.370192000000003	0.05149824847967599	110.213928	1.1850960000000015	0.08397269189827594	
9A	4	a	111.991572	121.47234	115.54686	9.480767999999998	0.0792486540026105	116.731956	4.740383999999999	0.7582765193369576	
9A	4	a	122.064888	124.43508	123.249984	2.370192000000003	0.04904895638930773	123.249984	1.1850960000000015	0.13389577520808293	
9A	4	a	125.027628	130.953108	129.768012	5.925479999999979	0.1460499516136866	127.990368	2.9627399999999895	0.6809527604992431	
9A	4	a	134.508396	157.02522	141.618972	22.516823999999986	0.9691591174914831	145.766808	11.258411999999993	15.906987990070283	
9A	4	a	157.617768	160.580508	159.98796	2.9627399999999966	0.04203695954735043	158.802864	1.4813699999999983	0.062411492043751515	
9A	2	b	161.173056	177.7644	167.098536	16.591343999999992	-0.29286611520178996	169.468728	8.295671999999996	-3.8647096216254626	
9A	4	a	178.356948	194.948292	183.097332	16.59134400000002	1.0682873626609974	186.65262	8.29567200000001	17.57239538617803	
9A	2	b	195.54084	210.947088	207.3918	15.406248000000005	-0.2716944486366395	203.243964	7.7031240000000025	-4.338416778205263	
9A	4	a	211.539636	221.612952	217.465116	10.073316000000005	0.41805083007567223	216.28002	5.036658000000003	4.188307009331943	
9A	4	a	222.2055	241.759584	232.278816	19.55408399999999	0.46987292214409626	231.686268	9.777041999999994	8.0714082614499	
9A	2	b	245.90742	250.647804	248.277612	4.740384000000006	-0.10727224195003249	248.277612	2.370192000000003	-0.46560835240934484	
9A	4	a	251.240352	264.868956	258.943476	13.628604000000024	0.4448375919071488	257.75838	6.814302000000012	5.241563531810182	
9A	4	a	265.461504	269.60934	266.6466	4.147835999999984	0.18188104455747744	267.239148	2.073917999999992	0.6276907238318348	
9A	4	a	272.57208	283.830492	275.53482	11.258411999999964	0.26544453646744204	277.905012	5.629205999999982	2.697604945842091	
9A	4	a	284.42304	308.12496	302.19948	23.701919999999973	0.5138286418572493	296.274	11.850959999999986	7.3801268774819615	
9A	4	a	308.717508	316.420632	311.680248	7.7031240000000025	0.2708492720740616	312.272796	3.8515620000000013	2.0963885776446505	
9A	4	a	317.01318	328.271592	320.568468	11.258412000000021	0.23148616106262399	322.346112	5.629206000000011	1.8365051497365283	
9A	4	a	328.86414	330.641784	328.86414	1.7776439999999525	0.02407004129987289	329.456688	0.8888219999999762	0.027880116396839405	
9A	4	a	332.419428	350.788416	346.048032	18.368988	0.5064895153537874	341.307648	9.184494	7.128225492691576	
9A	4	a	351.380964	360.269184	357.306444	8.88821999999999	0.5175846889728284	355.5288	4.444109999999995	4.525717131960049	
10A	4	a	0.0	10.073316	2.370192	10.073316	0.7061218977894028	4.740384	5.036658	7.295098632640945	
10A	4	a	10.665864	12.443508	10.665864	1.7776440000000004	0.05529441899686738	11.258412	0.8888220000000002	0.059666818171538294	
10A	2	b	13.036056	24.887016	17.77644	11.850959999999999	-0.10957839389226853	18.961536	5.925479999999999	-1.2015748169018134	
10A	4	a	26.66466	49.774032	43.848552	23.109371999999997	0.5537892796310988	37.923072	11.554685999999998	11.351431366907374	
10A	4	a	50.36658	56.29206	52.144224	5.92548	0.16976178075935833	53.32932	2.96274	1.063497083038303	
10A	2	b	56.884608	59.847348	57.477156	2.9627399999999966	-0.12986611290120642	58.069704	1.4813699999999983	-0.3104929101653455	
10A	4	a	60.439896	68.14302	61.032444	7.70312400000001	0.18821006803822282	63.995184	3.851562000000005	1.1278375288353732	
10A	4	a	68.735568	100.73316	90.067296	31.997591999999997	0.5927518678001595	84.734364	15.998795999999999	12.334719396455547	
10A	2	b	101.325708	103.103352	102.510804	1.7776439999999951	-0.02235012413587789	101.918256	0.8888219999999976	-0.028702329004567373	
10A	2	b	104.880996	107.251188	105.473544	2.370192000000003	-0.0314454409710474	106.066092	1.1850960000000015	-0.07250807501315948	
10A	4	a	107.843736	110.213928	108.436284	2.3701919999999888	0.04265832532733205	109.028832	1.1850959999999944	0.08678400214765847	
10A	4	a	110.806476	141.026424	132.730752	30.219947999999988	0.5471433165089246	125.620176	15.109973999999994	13.935308734267457	
10A	4	a	141.618972	163.543248	154.06248	21.924275999999992	0.33651661361069163	152.284836	10.962137999999996	6.150508505615307	
10A	4	a	164.135796	183.097332	170.061276	18.961535999999995	1.3593140857351775	173.616564	9.480767999999998	14.824812377113485	
10A	4	a	187.837716	207.3918	197.911032	19.55408399999999	0.25601087107685494	197.318484	9.777041999999994	3.7489626283763897	
10A	4	a	207.984348	209.761992	207.984348	1.777643999999981	0.06654089620876968	208.576896	0.8888219999999905	0.05388468551503012	
10A	4	a	210.35454	226.945884	219.24276	16.59134400000002	1.9298808981604565	218.650212	8.29567200000001	21.165130863382146	
10A	4	a	227.538432	245.90742	237.611748	18.368988	0.16779803433968077	236.426652	9.184494	2.4274041559898714	
10A	4	a	246.499968	248.277612	247.092516	1.7776440000000093	0.09547560545806189	247.092516	0.8888220000000047	0.1491174781233915	
10A	2	b	251.240352	253.017996	251.240352	1.7776440000000093	-0.031181219740691546	251.8329	0.8888220000000047	-0.0511739540427949	
10A	4	a	254.79564	271.979532	261.906216	17.183892000000014	0.3640429711450679	263.091312	8.591946000000007	4.484499554010412	
10A	4	a	272.57208	276.127368	274.349724	3.555287999999962	0.09718258453848083	274.349724	1.777643999999981	0.4001569937906999	
10A	4	a	276.719916	289.755972	281.4603	13.036055999999974	0.18881732007336538	283.237944	6.518027999999987	2.0970874939147714	
10A	4	a	292.126164	331.234332	304.569672	39.10816799999998	0.29908933931029047	311.680248	19.55408399999999	10.666589852448658	
10A	4	a	331.82688	359.676636	347.233128	27.849755999999957	0.3321127849166632	345.455484	13.924877999999978	6.356822543356151	
11A	4	a	4.740384	15.998796	7.703124	11.258412	0.1998227427180188	10.073316	5.629206	1.925589441398912	
11A	2	b	20.146632	24.887016	23.70192	4.740383999999999	-0.06050989140157892	22.516824	2.3701919999999994	-0.3031447598854333	
11A	2	b	25.479564	27.257208	26.072112	1.7776439999999987	-0.043310491864994916	26.072112	0.8888219999999993	-0.06353889271011282	
11A	4	a	27.849756	58.069704	48.588936	30.219948000000002	0.4606642556536231	42.663456	15.109974000000001	14.13325659596019	
11A	4	a	58.662252	63.402636	60.439896	4.740383999999999	0.11322759249402647	61.032444	2.3701919999999994	0.4380951651956688	
11A	4	a	63.995184	68.14302	65.18028	4.147836000000005	0.07452642832542722	65.772828	2.0739180000000026	0.21139390426400428	
11A	4	a	68.735568	98.955516	89.474748	30.219948000000002	0.5939651732674935	83.549268	15.109974000000001	17.13792932694738	
11A	4	a	101.325708	107.843736	104.288448	6.518028000000001	0.14602718999532271	104.288448	3.2590140000000005	1.0775638489186483	
11A	4	a	108.436284	141.618972	132.730752	33.18268800000001	0.6067052266955417	125.027628	16.591344000000007	16.051045627027662	
11A	4	a	142.21152	146.359356	142.804068	4.147835999999984	0.15322254502892285	143.989164	2.073917999999992	0.6854394752034778	
11A	2	b	146.951904	149.322096	147.544452	2.3701919999999745	-0.07057527444261913	148.137	1.1850959999999873	-0.15110473089977816	
11A	4	a	149.914644	164.135796	152.284836	14.22115199999999	0.31292691186864685	157.02522	7.110575999999995	3.3210966512596616	
11A	4	a	164.728344	183.68988	175.986756	18.961535999999995	2.5752922630293895	174.209112	9.480767999999998	28.14384061925514	
11A	2	b	185.467524	189.61536	187.837716	4.147836000000012	-0.07249382617065159	187.245168	2.073918000000006	-0.190034794028616	
11A	4	a	190.207908	200.873772	193.170648	10.665864	0.23318328114868248	195.54084	5.332932	2.0423315327127596	
11A	4	a	201.46632	209.169444	206.206704	7.7031240000000025	0.12346851504743661	205.021608	3.8515620000000013	0.6651892727390356	
11A	4	a	209.761992	225.760788	220.427856	15.998795999999999	1.49561531677758	217.465116	7.999397999999999	12.28341378308338	
11A	4	a	226.353336	229.316076	226.945884	2.9627399999999966	0.09924557422155367	227.538432	1.4813699999999983	0.18353933106854337	
11A	4	a	229.908624	231.686268	230.501172	1.7776440000000093	0.03564233953622242	230.501172	0.8888220000000047	0.06929122277396926	
11A	4	a	233.463912	239.98194	235.834104	6.518028000000015	0.18707891917560637	236.426652	3.2590140000000076	1.2979006169596023	
11A	4	a	240.574488	242.352132	241.167036	1.7776440000000093	0.03216650821331424	241.167036	0.8888220000000047	0.042729230481854064	
11A	4	a	242.94468	245.314872	244.129776	2.370192000000003	0.04607790348432861	244.129776	1.1850960000000015	0.09702545734121903	
11A	4	a	245.90742	248.277612	247.092516	2.370192000000003	0.031838700870986614	247.092516	1.1850960000000015	0.05471713828643132	
11A	4	a	250.055256	267.831696	261.906216	17.776440000000008	0.30906692454760165	258.943476	8.888220000000004	4.551470977779296	
11A	4	a	269.60934	276.127368	271.979532	6.518028000000015	0.15448916045806804	272.57208	3.2590140000000076	1.151694505874627	
11A	4	a	276.719916	287.978328	277.905012	11.258411999999964	0.25237974108578776	282.052848	5.629205999999982	2.1916391812062432	
11A	4	a	288.570876	310.495152	306.347316	21.92427600000002	0.4111541306295847	299.23674	10.96213800000001	7.877438512689225	
11A	4	a	311.0877	312.865344	311.0877	1.7776440000000093	0.06468742354100154	311.680248	0.8888220000000047	0.07981629753716613	
11A	2	b	313.457892	315.828084	313.457892	2.3701919999999745	-0.03827823566641486	314.642988	1.1850959999999873	-0.057310342859705043	
11A	4	a	316.420632	321.753564	319.383372	5.332931999999971	0.0975055903190305	318.790824	2.6664659999999856	0.37960723730061474	
11A	4	a	323.531208	326.493948	324.716304	2.9627399999999966	0.1197328224754024	324.716304	1.4813699999999983	0.3146585989112496	
11A	4	a	328.271592	357.306444	349.60332	29.034852	0.585916570729212	342.492744	14.517426	14.91766172928062	
11A	2	b	357.898992	359.676636	359.084088	1.7776439999999525	-0.02659758956335523	358.49154	0.8888219999999762	-0.04071034787743799	
12A	4	a	0.0	8.295672	0.592548	8.295672	0.2698754716684455	4.147836	4.147836	2.2399566931517807	
12A	4	a	8.88822	30.812496	15.998796	21.924276	0.378047588458593	19.554084	10.962138	7.10717120353196	
12A	4	a	31.405044	36.737976	34.367784	5.332932000000003	0.058835398675900485	33.775236	2.6664660000000016	0.20282065091146828	
12A	2	b	38.51562	44.4411	39.700716	5.92548	-0.08647815926539693	41.47836	2.96274	-0.24991641905843442	
12A	4	a	49.181484	91.84494	65.18028	42.663456	0.4887180518178198	70.513212	21.331728	17.30398841800819	
12A	4	a	92.437488	100.73316	93.622584	8.295671999999996	0.3547296495326817	96.585324	4.147835999999998	2.8639805990725797	
12A	4	a	101.325708	123.249984	106.066092	21.924275999999992	0.38148360191433106	111.991572	10.962137999999996	6.961622599983537	
12A	4	a	123.842532	143.396616	136.878588	19.55408399999999	0.34425747382217775	133.3233	9.777041999999994	5.7465921241625715	
12A	4	a	145.766808	170.653824	157.617768	24.88701599999999	0.26007541165533343	158.210316	12.443507999999994	5.189553239759132	
12A	4	a	171.246372	182.504784	177.171852	11.258411999999993	1.0193657677584889	176.579304	5.629205999999996	6.018295894748285	
12A	4	a	186.060072	187.837716	186.65262	1.7776440000000093	0.051035657447360716	186.65262	0.8888220000000047	0.0781714386110044	
12A	2	b	188.430264	191.985552	189.022812	3.5552880000000187	-0.13043693266695833	190.207908	1.7776440000000093	-0.4421986333527359	
12A	4	a	192.5781	218.057664	206.206704	25.479563999999982	0.23867187206297968	205.021608	12.739781999999991	6.674061188104661	
12A	4	a	218.650212	231.686268	222.2055	13.036056000000002	0.6025800648502426	225.16824	6.518028000000001	4.657433054707376	
12A	4	a	232.278816	262.498764	251.8329	30.219947999999988	0.2938829204310509	247.092516	15.109973999999994	10.590502957087208	
12A	4	a	263.091312	268.424244	266.6466	5.332931999999971	0.19071867548868315	265.461504	2.6664659999999856	1.0445518664765265	
12A	4	a	270.201888	275.53482	272.57208	5.332932000000028	0.10049573501362463	272.57208	2.666466000000014	0.45292334673473245	
12A	2	b	276.127368	279.682656	278.49756	3.5552880000000187	-0.09319059140295982	277.905012	1.7776440000000093	-0.3730951354941612	
12A	4	a	280.275204	300.421836	290.34852	20.14663200000001	0.270972512159223	290.34852	10.073316000000005	3.7266689386935883	
12A	4	a	301.014384	306.347316	303.384576	5.332931999999971	0.19533170190019966	303.384576	2.6664659999999856	1.004625985956427	
12A	4	a	306.939864	313.457892	309.902604	6.518028000000015	0.23640953664574837	309.902604	3.2590140000000076	1.2930462677892716	
12A	4	a	314.05044	318.198276	317.605728	4.147836000000041	0.07980767131539235	315.828084	2.0739180000000204	0.16681748907219385	
12A	2	b	318.790824	322.93866	319.97592	4.147836000000041	-0.11533431057963917	320.568468	2.0739180000000204	-0.5357892843439682	
12A	4	a	323.531208	349.60332	333.604524	26.072112000000004	0.36851054271869454	336.567264	13.036056000000002	9.78615548869248	
12A	4	a	351.380964	360.269184	351.973512	8.88821999999999	0.2170505035485215	355.5288	4.444109999999995	1.2957353476294344	
13A	4	a	1.185096	2.96274	1.185096	1.7776440000000002	0.025641692458655996	1.777644	0.8888220000000001	0.035645962487071525	
13A	4	a	3.555288	14.221152	9.480768	10.665864	0.1292136048533008	8.88822	5.332932	1.234187624468489	
13A	4	a	14.8137	32.59014	22.516824	17.776439999999997	0.30810673130585586	23.70192	8.888219999999999	4.904500652380844	
13A	4	a	33.182688	34.960332	33.775236	1.7776440000000022	0.022281408538351144	33.775236	0.8888220000000011	0.032639024523897886	
13A	2	b	35.55288	37.330524	36.145428	1.7776439999999951	-0.014397548205776989	36.145428	0.8888219999999976	-0.021364258767072153	
13A	2	b	37.923072	43.256004	40.885812	5.332932	-0.06173729748856838	40.293264	2.666466	-0.2672562065843478	
13A	2	b	45.033648	46.811292	45.033648	1.7776440000000022	-0.0611371867673971	45.626196	0.8888220000000011	-0.08073650691801326	
13A	4	a	49.774032	56.29206	54.514416	6.518028000000001	0.0828007961756505	52.736772	3.2590140000000005	0.4885101289668987	
13A	4	a	58.069704	69.920664	61.032444	11.85096	0.4988959076379347	63.995184	5.92548	5.630406886650944	
13A	4	a	70.513212	108.436284	97.177872	37.923072000000005	0.5416724482457207	89.474748	18.961536000000002	12.79310865549401	
13A	4	a	109.028832	125.620176	113.176668	16.591344000000007	0.26637478293346506	117.324504	8.295672000000003	4.306361827854899	
13A	4	a	126.212724	136.28604	133.915848	10.07331600000002	0.2309357360266726	130.953108	5.03665800000001	2.174724265529691	
13A	4	a	136.878588	151.09974	139.24878	14.22115199999999	0.5199358356301191	143.989164	7.110575999999995	5.456862765200941	
13A	4	a	151.692288	164.728344	157.02522	13.036056000000002	0.2833859679131332	158.210316	6.518028000000001	3.4268716113094806	
13A	4	a	165.320892	189.022812	180.134592	23.70192	0.9055803941828353	177.171852	11.85096	11.985214536126719	
13A	4	a	189.61536	220.427856	197.911032	30.81249599999998	0.425788266509187	205.021608	15.40624799999999	13.258878334330575	
13A	4	a	221.020404	235.241556	224.575692	14.22115199999999	0.8079694746005042	228.13098	7.110575999999995	8.758896139356038	
13A	2	b	237.611748	244.722324	239.389392	7.1105759999999805	-0.10058412421106588	241.167036	3.5552879999999902	-0.6373817661154701	
13A	4	a	245.314872	257.165832	250.647804	11.850960000000015	0.38539917000122115	251.240352	5.925480000000007	4.139228175737543	
13A	4	a	257.75838	273.164628	267.239148	15.406248000000005	0.5974684547617586	265.461504	7.7031240000000025	6.335482851075126	
13A	4	a	273.757176	279.090108	276.719916	5.332931999999971	0.0356605507140908	276.127368	2.6664659999999856	0.20633602971005693	
13A	4	a	281.4603	283.237944	282.645396	1.7776440000000093	0.01962360433936139	282.052848	0.8888220000000047	0.03259442324146056	
13A	4	a	283.830492	296.866548	288.570876	13.03605600000003	0.14864075331549342	290.34852	6.518028000000015	1.9849742309669047	
13A	4	a	297.459096	306.939864	305.16222	9.480768000000012	0.281519910682257	302.19948	4.740384000000006	1.5500689439730782	
13A	4	a	307.532412	321.161016	311.680248	13.628603999999996	0.7491293741030551	314.05044	6.814301999999998	7.625182376058735	
13A	4	a	321.753564	343.67784	331.82688	21.92427600000002	0.40556540473264935	332.419428	10.96213800000001	8.184890976963938	
13A	4	a	345.455484	350.195868	347.825676	4.740384000000006	0.07178722218751288	347.825676	2.370192000000003	0.3481003885275433	
13A	4	a	351.973512	360.269184	353.751156	8.295671999999968	0.49996144290038735	356.121348	4.147835999999984	4.436192409083425	
14A	2	b	0.0	7.703124	0.0	7.703124	-0.27680726702041625	3.555288	3.851562	-1.6031404633977469	
14A	4	a	9.480768	18.961536	15.406248	9.480768	0.4826336121784669	14.221152	4.740384	4.429429457711853	
14A	4	a	19.554084	24.887016	21.924276	5.332932	0.17661685311043795	21.924276	2.666466	0.7939445923166442	
14A	2	b	25.479564	27.849756	26.66466	2.3701919999999994	-0.08445652217873567	26.66466	1.1850959999999997	-0.22250976506762266	
14A	4	a	28.442304	42.663456	34.960332	14.221151999999996	0.1510383297276201	35.55288	7.110575999999998	2.1462360403755047	
14A	4	a	43.256004	66.365376	54.514416	23.109372	0.2858036037853502	54.514416	11.554686	5.769315282863753	
14A	4	a	68.735568	88.289652	71.10576	19.554084000000003	0.3381564138803217	78.216336	9.777042000000002	6.320778769328852	
14A	4	a	88.8822	93.030036	90.659844	4.147835999999998	0.0749000926156258	90.659844	2.073917999999999	0.28226615428969914	
14A	4	a	93.622584	103.6959	101.325708	10.073315999999991	0.28877456075647023	98.362968	5.036657999999996	3.1340584479745615	
14A	4	a	104.288448	106.65864	104.880996	2.370192000000003	0.0707976552710936	105.473544	1.1850960000000015	0.18263336438815392	
14A	4	a	107.251188	124.43508	113.176668	17.183892	0.20887253624621316	115.54686	8.591946	3.6618844356912876	
14A	4	a	125.027628	137.471136	127.990368	12.443507999999994	0.08915237954018629	130.953108	6.221753999999997	1.353781134025958	
14A	4	a	138.063684	165.320892	159.395412	27.25720799999999	0.31218342681898603	151.692288	13.628603999999996	6.047082610692994	
14A	4	a	165.91344	168.87618	167.691084	2.9627399999999966	0.06374803539050644	167.098536	1.4813699999999983	0.14680545936382838	
14A	2	b	172.431468	178.949496	177.7644	6.518028000000015	-0.18985850484745637	175.394208	3.2590140000000076	-0.6395539174767881	
14A	4	a	179.542044	187.245168	183.097332	7.7031240000000025	0.5478215155295789	183.097332	3.8515620000000013	4.0062023707308505	
14A	4	a	187.837716	221.612952	196.725936	33.77523600000001	0.7861367414776281	204.42906	16.887618000000003	17.914885091951106	
14A	4	a	222.2055	249.462708	232.871364	27.25720799999999	0.7573307146378263	235.834104	13.628603999999996	18.225802323174456	
14A	4	a	250.055256	253.017996	250.647804	2.9627399999999966	0.10841459658349795	251.240352	1.4813699999999983	0.23901600173557225	
14A	4	a	253.610544	255.980736	254.203092	2.370192000000003	0.024867977526059182	254.79564	1.1850960000000015	0.04078623393478398	
14A	2	b	256.573284	271.979532	265.461504	15.406248000000005	-0.23403602978634508	264.276408	7.7031240000000025	-2.215920242109032	
14A	4	a	272.57208	291.533616	276.719916	18.961535999999967	0.27489765383131415	282.052848	9.480767999999983	5.044916980459262	
14A	4	a	294.496356	296.274	295.088904	1.7776440000000093	0.0564192982942644	295.088904	0.8888220000000047	0.08696112194169126	
14A	4	a	298.051644	301.014384	298.051644	2.9627399999999966	0.03929240876608864	299.23674	1.4813699999999983	0.14440346912200552	
14A	4	a	301.606932	309.310056	305.754768	7.7031240000000025	0.14572467629598007	305.16222	3.8515620000000013	0.852058673872184	
14A	4	a	309.902604	315.828084	312.865344	5.925479999999993	0.14307967487315132	312.865344	2.9627399999999966	0.8026060471527858	
14A	4	a	317.605728	326.493948	322.93866	8.88821999999999	0.27937820674763447	321.753564	4.444109999999995	2.6015798505379815	
14A	4	a	327.086496	334.78962	328.86414	7.7031240000000025	0.1877867887310556	330.641784	3.8515620000000013	1.5588105674689028	
14A	4	a	336.567264	341.307648	339.530004	4.740383999999949	0.049013899762512914	338.937456	2.3701919999999745	0.21439197533923027	
14A	4	a	341.900196	344.862936	341.900196	2.9627399999999966	0.02963858654295226	343.085292	1.4813699999999983	0.05500970232505953	
14A	4	a	345.455484	351.380964	349.60332	5.925479999999993	0.12788078808975056	348.418224	2.9627399999999966	0.6896811473705542	
14A	4	a	351.973512	360.269184	355.5288	8.295671999999968	0.3575507720380737	356.121348	4.147835999999984	3.5606621024281715	
15A	4	a	0.0	21.924276	15.998796	21.924276	0.4857599697495354	10.665864	10.962138	12.455245024936541	
15A	4	a	22.516824	66.957924	58.069704	44.441100000000006	0.42753700340457	44.4411	22.220550000000003	10.086280522178491	
15A	4	a	67.550472	88.8822	79.401432	21.331728	0.1062630591551823	78.216336	10.665864	2.5124544920818663	
15A	4	a	91.252392	95.400228	91.84494	4.147835999999998	0.052745677030798355	93.030036	2.073917999999999	0.16656196446156946	
15A	4	a	95.992776	114.954312	101.918256	18.961535999999995	0.32453861722474375	105.473544	9.480767999999998	4.245790949362044	
15A	4	a	116.731956	122.064888	120.287244	5.332932	0.08291602456578229	119.102148	2.666466	0.43745047128822967	
15A	4	a	122.657436	131.545656	126.805272	8.888220000000004	0.051582715579231664	126.805272	4.444110000000002	0.4620575158346243	
15A	4	a	132.138204	156.432672	144.581712	24.294467999999995	0.37808164142205225	143.989164	12.147233999999997	5.480907296852403	
15A	4	a	158.210316	179.542044	177.7644	21.331728	0.08749903016782223	168.87618	10.665864	1.6048235210503776	
15A	4	a	180.134592	202.651416	191.985552	22.516824000000014	0.562076721563562	191.393004	11.258412000000007	11.33631069751183	
15A	4	a	203.243964	210.947088	206.206704	7.7031240000000025	0.08016795383900366	206.799252	3.8515620000000013	0.5077975236449033	
15A	4	a	211.539636	215.687472	212.724732	4.147836000000012	0.05598797996554916	213.31728	2.073918000000006	0.22860798979527464	
15A	4	a	218.057664	223.390596	221.020404	5.332932	0.11065149896851256	220.427856	2.666466	0.4418052615673236	
15A	4	a	226.353336	249.462708	239.389392	23.10937199999998	0.5189085945100427	237.611748	11.55468599999999	11.17634625100001	
15A	4	a	250.055256	257.75838	255.980736	7.703123999999974	0.08169347620853573	253.610544	3.851561999999987	0.42053165260646086	
15A	4	a	258.350928	260.72112	258.350928	2.3701919999999745	0.03317612414944415	259.536024	1.1850959999999873	0.058395721384129295	
15A	4	a	262.498764	264.868956	262.498764	2.3701920000000314	0.0337940905708205	263.68386	1.1850960000000157	0.05880371535634654	
15A	2	b	265.461504	270.794436	267.831696	5.332932000000028	-0.10359513088121153	267.831696	2.666466000000014	-0.4537942806473212	
15A	4	a	272.57208	280.867752	273.757176	8.295671999999968	0.19399845201487187	276.719916	4.147835999999984	1.4189808677302966	
15A	4	a	281.4603	289.755972	285.608136	8.295671999999968	0.16614558297481752	285.608136	4.147835999999984	1.274453300165582	
15A	4	a	290.34852	311.0877	304.569672	20.739179999999976	0.1538729848646736	300.421836	10.369589999999988	2.7234405722297126	
15A	4	a	311.680248	326.493948	316.420632	14.813699999999983	0.2346890102813246	318.790824	7.4068499999999915	3.7274690632716974	
15A	4	a	327.086496	331.82688	328.86414	4.740384000000006	0.1195609933424353	329.456688	2.370192000000003	0.4891219572098833	
15A	4	a	332.419428	351.380964	346.64058	18.961536000000024	0.10297435545958278	341.900196	9.480768000000012	1.5851254555583423	
15A	4	a	351.973512	360.269184	360.269184	8.295671999999968	0.3500355599678793	356.121348	4.147835999999984	1.6107625448139735	
16A	4	a	0.0	4.147836	0.0	4.147836	0.10415035198678257	1.777644	2.073918	0.38054569686490614	
16A	4	a	4.740384	22.516824	20.146632	17.77644	0.1644269715331903	13.628604	8.88822	1.978331974170494	
16A	4	a	23.109372	30.219948	25.479564	7.110575999999998	0.12873430658644014	26.66466	3.555287999999999	0.8128082699216357	
16A	4	a	30.812496	39.108168	35.55288	8.295672	0.09464501652150736	34.960332	4.147836	0.6868805547044841	
16A	4	a	39.700716	47.996388	41.47836	8.295672000000003	0.05309356758039763	43.848552	4.147836000000002	0.40005621854782814	
16A	4	a	48.588936	71.698308	61.032444	23.109372	0.21804998123528474	59.847348	11.554686	3.6306788514324286	
16A	4	a	72.290856	94.80768	81.771624	22.516824	0.11420254994270462	83.549268	11.258412	2.8048918187073197	
16A	4	a	95.400228	112.58412	106.066092	17.183892	0.19105120040212453	103.6959	8.591946	2.4145889375236926	
16A	4	a	113.176668	135.693492	125.027628	22.516823999999986	0.10430208880009229	124.43508	11.258411999999993	2.43401472038769	
16A	4	a	136.28604	159.395412	151.692288	23.10937199999998	0.18128725529123124	147.544452	11.55468599999999	3.5887067751956856	
16A	4	a	161.173056	174.209112	166.505988	13.036056000000002	0.10451996100886429	167.691084	6.518028000000001	1.2397394571272615	
16A	4	a	174.80166	176.579304	174.80166	1.7776440000000093	0.03429384123405055	175.394208	0.8888220000000047	0.043392350308845806	
16A	4	a	177.171852	183.68988	178.949496	6.518027999999987	0.05786860814253947	180.134592	3.2590139999999934	0.33110310916763586	
16A	4	a	184.282428	199.096128	192.5781	14.813699999999983	0.27105298902876207	191.393004	7.4068499999999915	3.7358297813617902	
16A	4	a	199.688676	219.835308	206.799252	20.14663200000001	0.20390050331911524	209.761992	10.073316000000005	2.9134062746220915	
16A	4	a	220.427856	229.908624	222.2055	9.480768000000012	0.0631768821827623	225.16824	4.740384000000006	0.4799356949333762	
16A	4	a	230.501172	242.94468	234.649008	12.443508000000008	0.20670202215984435	236.426652	6.221754000000004	2.2939515444199468	
16A	4	a	243.537228	261.906216	255.388188	18.368987999999973	0.07856501638824875	252.425448	9.184493999999987	1.3283415953760775	
16A	4	a	262.498764	268.424244	264.276408	5.925479999999993	0.042834072890198804	265.461504	2.9627399999999966	0.17671845331982095	
16A	4	a	269.016792	274.349724	271.979532	5.332931999999971	0.05394970486818962	271.386984	2.6664659999999856	0.23762738278157114	
16A	4	a	274.942272	278.49756	275.53482	3.5552880000000187	0.07969175645146187	276.719916	1.7776440000000093	0.22707455281099687	
16A	4	a	279.090108	284.42304	280.867752	5.332932000000028	0.11577456498098515	281.4603	2.666466000000014	0.5199633382627834	
16A	2	b	285.015588	286.793232	286.200684	1.7776440000000093	-0.011326365229669344	285.608136	0.8888220000000047	-0.011348085687001297	
16A	4	a	288.570876	311.680248	298.051644	23.109372000000008	0.11042229680800486	299.829288	11.554686000000004	2.0976909605662355	
16A	4	a	312.272796	316.420632	314.05044	4.147835999999984	0.05023693212481328	314.05044	2.073917999999992	0.18005316231789004	
16A	4	a	317.01318	330.049236	318.790824	13.03605600000003	0.1917156054052367	323.531208	6.518028000000015	2.0340920972833776	
16A	4	a	332.419428	347.825676	342.492744	15.406248000000005	0.10735715886923836	340.122552	7.7031240000000025	1.8340789093321983	
16A	4	a	348.418224	352.56606	349.60332	4.147835999999984	0.0422968327811315	350.195868	2.073917999999992	0.1731717050279299	
16A	4	a	353.158608	360.269184	360.269184	7.1105759999999805	0.10820172389520843	356.713896	3.5552879999999902	0.640919574755256	
17A	4	a	2.370192	8.295672	3.555288	5.92548	0.0652670119426988	5.332932	2.96274	0.3695525823275684	
17A	4	a	8.88822	20.146632	16.591344	11.258412	0.11028259908294546	14.221152	5.629206	0.8450851943749461	
17A	4	a	20.73918	34.960332	27.257208	14.221152	0.18255037325215606	27.849756	7.110576	2.15882527327462	
17A	4	a	35.55288	52.144224	39.108168	16.591344	0.15952654174735725	43.848552	8.295672	2.577350760703151	
17A	4	a	52.736772	62.21754	59.847348	9.480767999999998	0.09045512241294684	57.477156	4.740383999999999	0.8786399124819887	
17A	4	a	62.810088	71.698308	65.18028	8.888219999999997	0.06247061139101473	66.957924	4.4441099999999985	0.4539661913447002	
17A	4	a	72.290856	76.438692	74.0685	4.147835999999998	0.032896633332241576	74.0685	2.073917999999999	0.11695492642534844	
17A	4	a	77.03124	81.179076	77.623788	4.147835999999998	0.02395282316663483	78.808884	2.073917999999999	0.08758439313055977	
17A	4	a	84.734364	94.80768	84.734364	10.073316000000005	0.03832441989212598	89.474748	5.036658000000003	0.25782671536125534	
17A	4	a	98.362968	110.806476	104.880996	12.443508000000008	0.04560417372923187	104.288448	6.221754000000004	0.5369769529664676	
17A	4	a	111.399024	119.102148	116.731956	7.7031240000000025	0.0950436697883601	114.954312	3.8515620000000013	0.7938100402548987	
17A	4	a	119.694696	128.582916	121.47234	8.888220000000018	0.05875239690104461	123.842532	4.444110000000009	0.4556929471117397	
17A	4	a	129.175464	139.24878	131.545656	10.073316000000005	0.044070508795897245	133.915848	5.036658000000003	0.29056334422003827	
17A	4	a	139.841328	164.728344	155.840124	24.88701599999999	0.13458258204073914	152.284836	12.443507999999994	2.6694519530771164	
17A	4	a	165.320892	172.431468	167.691084	7.110576000000009	0.03707099091331423	168.87618	3.5552880000000044	0.25514179347759447	
17A	4	a	173.024016	181.319688	174.80166	8.295672000000025	0.04228453568741486	177.171852	4.147836000000012	0.281365017345955	
17A	4	a	181.912236	197.318484	189.61536	15.406248000000005	0.08895173216607088	189.61536	7.7031240000000025	1.0507835895762647	
17A	4	a	197.911032	206.206704	199.688676	8.295671999999996	0.06106391011181733	202.058868	4.147835999999998	0.4433850634167732	
17A	4	a	206.799252	257.165832	238.204296	50.36658000000003	0.10546109616897481	231.686268	25.183290000000014	3.337047534553113	
17A	4	a	257.75838	262.498764	258.943476	4.740384000000006	0.039050088787625725	260.128572	2.370192000000003	0.15456144069104572	
17A	4	a	263.091312	268.424244	266.054052	5.332931999999971	0.04336172309235753	265.461504	2.6664659999999856	0.19326995622595122	
17A	4	a	271.386984	273.757176	271.979532	2.3701920000000314	0.04250112364516179	272.57208	1.1850960000000157	0.050445852444008676	
17A	4	a	274.349724	289.755972	279.090108	15.406248000000005	0.1340695745269358	282.052848	7.7031240000000025	1.6115227748677694	
17A	4	a	290.34852	296.274	292.718712	5.925479999999993	0.041115917737949426	293.31126	2.9627399999999966	0.2347142152742282	
17A	2	b	296.866548	301.606932	297.459096	4.740383999999949	-0.018494541170499534	299.23674	2.3701919999999745	-0.08503043639034003	
17A	4	a	303.384576	305.754768	304.569672	2.3701920000000314	0.013078031986914818	304.569672	1.1850960000000157	0.03459168781055666	
17A	4	a	306.347316	310.495152	307.532412	4.147836000000041	0.03888285375263356	308.12496	2.0739180000000204	0.1391133592236009	
17A	4	a	312.272796	337.159812	326.493948	24.88701599999996	0.124341985904038	324.716304	12.44350799999998	2.9614520877701507	
17A	4	a	337.75236	354.343704	342.492744	16.591343999999992	0.08721980882921754	346.048032	8.295671999999996	1.6605763039198709	
17A	4	a	354.936252	360.269184	357.898992	5.332931999999971	0.0872294080161875	357.306444	2.6664659999999856	0.4574035946052287	
18A	4	a	0.0	3.555288	0.0	3.555288	0.12291983856344979	1.777644	1.777644	0.4338049910445966	
18A	4	a	4.147836	19.554084	17.183892	15.406248	0.13778126338010654	11.85096	7.703124	2.1537304234515986	
18A	4	a	20.146632	40.293264	29.034852	20.146632	0.49052243632763703	30.219948	10.073316	8.096179803569102	
18A	4	a	40.885812	43.848552	42.663456	2.9627399999999966	0.026094544637753403	42.070908	1.4813699999999983	0.041243451468789494	
18A	2	b	44.4411	47.40384	44.4411	2.9627400000000037	-0.035313444312200515	45.626196	1.4813700000000019	-0.07965622595694766	
18A	4	a	47.996388	56.29206	53.921868	8.295671999999996	0.08737684840759385	52.144224	4.147835999999998	0.6439968541427478	
18A	4	a	58.069704	71.698308	61.032444	13.628603999999996	0.09606968508225244	64.587732	6.814301999999998	1.1939317884755	
18A	4	a	72.290856	75.253596	73.475952	2.9627399999999966	0.031902625786850214	73.475952	1.4813699999999983	0.0805452441543969	
18A	4	a	75.846144	77.623788	76.438692	1.7776440000000093	0.010395716118394738	76.438692	0.8888220000000047	0.017540191558080065	
18A	4	a	78.216336	95.400228	81.771624	17.183892	0.03720177433012806	86.512008	8.591946	0.5599128936497321	
18A	4	a	95.992776	98.955516	95.992776	2.9627399999999966	0.02148024595473097	97.177872	1.4813699999999983	0.05207995201250626	
18A	4	a	99.548064	121.47234	115.54686	21.924276000000006	0.0561690651309823	110.213928	10.962138000000003	1.146848753824788	
18A	4	a	122.064888	130.36056	126.805272	8.295671999999996	0.046190133013500834	126.212724	4.147835999999998	0.4120601824114586	
18A	4	a	130.953108	135.693492	132.730752	4.740384000000006	0.0175298730114668	133.3233	2.370192000000003	0.07366955810215103	
18A	4	a	136.28604	149.322096	142.804068	13.036055999999974	0.03476390917283334	142.804068	6.518027999999987	0.4491201933657988	
18A	4	a	149.914644	154.06248	152.284836	4.147835999999984	0.028653074730083494	151.692288	2.073917999999992	0.09462268482930802	
18A	4	a	154.655028	164.135796	160.580508	9.480768000000012	0.05652407056699604	159.395412	4.740384000000006	0.5594112287460004	
18A	4	a	164.728344	176.579304	173.024016	11.850960000000015	0.04624481384313972	170.653824	5.925480000000007	0.4413444822729373	
18A	4	a	177.171852	180.72714	178.949496	3.5552879999999902	0.019416292136174684	178.949496	1.7776439999999951	0.07096679652440863	
18A	4	a	186.060072	187.837716	187.245168	1.7776440000000093	0.010630696523440175	186.65262	0.8888220000000047	0.009090541822527332	
18A	4	a	188.430264	194.355744	190.207908	5.925479999999993	0.02417361238734128	191.393004	2.9627399999999966	0.10847389489273795	
18A	4	a	194.948292	207.3918	201.46632	12.44350799999998	0.07074397220470097	200.873772	6.22175399999999	0.6205595260180636	
18A	4	a	207.984348	225.16824	213.909828	17.183891999999986	0.02531271401679014	216.28002	8.591945999999993	0.3725798058072639	
18A	4	a	225.760788	228.723528	225.760788	2.9627399999999966	0.01862137273032638	226.945884	1.4813699999999983	0.0457730872409573	
18A	4	a	229.316076	231.686268	231.09372	2.370192000000003	0.011755815784768586	230.501172	1.1850960000000015	0.028892801367586207	
18A	4	a	232.278816	234.649008	233.463912	2.370192000000003	0.03256089985162314	233.463912	1.1850960000000015	0.06259092698476276	
18A	4	a	235.241556	260.72112	247.092516	25.479563999999982	0.05539119408037996	247.685064	12.739781999999991	1.128809015535474	
18A	4	a	261.313668	268.424244	267.239148	7.1105759999999805	0.025484659601697546	264.868956	3.5552879999999902	0.1359558323966248	
18A	4	a	269.016792	271.979532	270.794436	2.9627399999999966	0.014932641474559638	270.201888	1.4813699999999983	0.03141531087314808	
18A	4	a	272.57208	281.4603	277.312464	8.88821999999999	0.021480860111419586	276.719916	4.444109999999995	0.14876578330287982	
18A	4	a	282.052848	302.19948	292.126164	20.14663200000001	0.03914567174040928	292.126164	10.073316000000005	0.7148069512451349	
18A	4	a	302.792028	311.0877	303.384576	8.295671999999968	0.025612013915673693	306.939864	4.147835999999984	0.1634293342121651	
18A	4	a	313.457892	322.93866	314.642988	9.480768000000012	0.021465710893314283	318.198276	4.740384000000006	0.18734784266206583	
18A	4	a	323.531208	333.011976	328.271592	9.480768000000012	0.050774454659631596	328.271592	4.740384000000006	0.429670736919625	
18A	4	a	334.78962	338.344908	335.974716	3.555287999999962	0.025630499719801136	336.567264	1.777643999999981	0.08933173273851525	
18A	4	a	338.937456	360.269184	348.418224	21.331728	0.10125873394550422	349.60332	10.665864	1.5109450150039296	
19A	2	b	0.0	5.332932	0.0	5.332932	-0.08845426506531462	2.370192	2.666466	-0.3436277270841439	
19A	4	a	7.703124	9.480768	8.295672	1.7776439999999996	0.014001118071047758	8.295672	0.8888219999999998	0.02426834133314404	
19A	4	a	10.073316	12.443508	11.85096	2.3701919999999994	0.03151778525261828	11.258412	1.1850959999999997	0.0734901249482437	
19A	4	a	13.036056	16.591344	15.998796	3.555287999999999	0.05409933871520778	14.8137	1.7776439999999996	0.1491450598049996	
19A	4	a	17.183892	31.997592	20.73918	14.8137	0.16421728704603367	24.294468	7.40685	2.2598956839309565	
19A	4	a	32.59014	37.923072	35.55288	5.332932	0.21536239301323	34.960332	2.666466	0.9415593895748202	
19A	4	a	38.51562	43.256004	40.293264	4.740383999999999	0.22420753807136884	40.885812	2.3701919999999994	0.808523487938721	
19A	4	a	43.848552	50.36658	46.811292	6.518028000000001	0.1511597948322727	46.811292	3.2590140000000005	0.9329165427422722	
19A	4	a	50.959128	61.032444	53.921868	10.073315999999998	0.07566835900536462	55.699512	5.036657999999999	0.6362182598166986	
19A	4	a	61.624992	65.772828	62.21754	4.147836000000005	0.02462219807638455	63.402636	2.0739180000000026	0.07299363737913245	
19A	4	a	66.365376	69.328116	67.550472	2.9627399999999966	0.017349459550667357	67.550472	1.4813699999999983	0.030877424838070766	
19A	2	b	69.920664	74.0685	71.698308	4.147835999999998	-0.027459522348886267	71.698308	2.073917999999999	-0.08990789166948032	
19A	2	b	74.661048	116.731956	100.73316	42.070908	-0.08055728687924413	95.400228	21.035454	-2.9887693927666246	
19A	4	a	119.694696	123.842532	122.657436	4.147836000000012	0.025239890919426244	121.47234	2.073918000000006	0.0927943128086407	
19A	4	a	124.43508	131.545656	126.212724	7.110576000000009	0.02118522142231538	127.990368	3.5552880000000044	0.11450018852717747	
19A	4	a	132.138204	135.693492	133.915848	3.5552879999999902	0.0488241587701459	133.915848	1.7776439999999951	0.14930166166802206	
19A	4	a	136.28604	139.24878	136.28604	2.9627399999999966	0.02144072089753757	137.471136	1.4813699999999983	0.060373300887350045	
19A	4	a	139.841328	171.246372	167.098536	31.405044000000004	0.08236689957780641	155.247576	15.702522000000002	2.259631542058183	
19A	4	a	171.83892	177.7644	172.431468	5.925479999999993	0.02116152854810749	174.80166	2.9627399999999966	0.12643160723921743	
19A	4	a	178.356948	183.68988	181.319688	5.332932	0.016531944435970836	180.72714	2.666466	0.07312352418963919	
19A	4	a	184.282428	192.5781	186.060072	8.295671999999996	0.023147001968007785	188.430264	4.147835999999998	0.15349592079848173	
19A	4	a	193.170648	202.058868	194.948292	8.88821999999999	0.04127120623656677	197.318484	4.444109999999995	0.37625949748527177	
19A	4	a	204.42906	207.3918	206.206704	2.9627399999999966	0.01638853291469977	205.614156	1.4813699999999983	0.03867086846100787	
19A	4	a	207.984348	215.094924	212.724732	7.1105759999999805	0.021574739061344772	211.539636	3.5552879999999902	0.1843022088388896	
19A	4	a	215.687472	221.612952	217.465116	5.925479999999993	0.03455109480592533	218.650212	2.9627399999999966	0.1957483490443701	
19A	4	a	222.2055	224.575692	222.798048	2.370192000000003	0.013169405286433067	223.390596	1.1850960000000015	0.02793600796060758	
19A	4	a	228.13098	230.501172	229.908624	2.370192000000003	0.007515077322892028	229.316076	1.1850960000000015	0.009464357528929712	
19A	4	a	235.241556	237.0192	236.426652	1.7776440000000093	0.01070261697889796	235.834104	0.8888220000000047	0.012677975761066884	
19A	4	a	237.611748	239.389392	238.796844	1.777643999999981	0.012388962261662861	238.204296	0.8888219999999905	0.011571877788969398	
19A	4	a	239.98194	244.722324	242.94468	4.7403839999999775	0.02740802602102299	242.352132	2.3701919999999888	0.08198632145465079	
19A	4	a	246.499968	261.313668	248.87016	14.813700000000011	0.04223850155451103	253.610544	7.406850000000006	0.4838585288119941	
19A	4	a	261.906216	268.424244	265.461504	6.518028000000015	0.0191774037901995	264.868956	3.2590140000000076	0.12452496191100837	
19A	4	a	269.016792	285.015588	282.645396	15.99879599999997	0.03532621393983182	276.719916	7.999397999999985	0.5270162996310732	
19A	4	a	287.38578	300.421836	292.126164	13.036055999999974	0.03390146487865042	293.903808	6.518027999999987	0.3839854972706537	
19A	4	a	302.19948	305.754768	302.792028	3.5552880000000187	0.01815468375394258	303.977124	1.7776440000000093	0.05058008003127068	
19A	4	a	306.347316	312.865344	306.347316	6.518028000000015	0.021114132823729426	309.310056	3.2590140000000076	0.11555039355337693	
19A	4	a	313.457892	318.198276	314.642988	4.740384000000006	0.018971357687597612	315.828084	2.370192000000003	0.05980712769127794	
19A	4	a	318.790824	327.679044	324.123756	8.88821999999999	0.045314971168242124	322.93866	4.444109999999995	0.4094625247867364	
19A	4	a	328.271592	334.197072	331.234332	5.925479999999993	0.04785748746197882	331.234332	2.9627399999999966	0.31583953680494703	
19A	2	b	334.78962	336.567264	335.382168	1.7776440000000093	-0.0066314216548062355	335.382168	0.8888220000000047	-0.008036934531960416	
19A	4	a	337.159812	341.900196	338.937456	4.740384000000006	0.05334681126414886	339.530004	2.370192000000003	0.1998399049350632	
19A	4	a	342.492744	347.825676	342.492744	5.332931999999971	0.03609674787788775	344.862936	2.6664659999999856	0.1922046367793171	
19A	4	a	348.418224	354.936252	351.973512	6.518028000000015	0.0582586980532569	351.380964	3.2590140000000076	0.23795133771825083	
19A	4	a	355.5288	360.269184	357.306444	4.740384000000006	0.023222127471334897	357.898992	2.370192000000003	0.10627385843821102	
