										AB_Fed#4_Anterograde_evts_formatted.txt
ROI	Quadrant	Direction	Start time (s)	End time (s)	Peak time (s)	Duration (s)	Amplitude	Midpoint (s)	Half Duration(s)	AUC
8A	4	a	2.370192	4.147836	3.555288	1.777644	0.054049284877614845	2.96274	0.888822	0.07564794066345937	
8A	4	a	4.740384	11.258412	5.92548	6.518028	0.06153462254612796	7.703124	3.259014	0.34189599763068146	
8A	4	a	11.85096	16.591344	11.85096	4.740383999999999	0.06329044525039151	14.221152	2.3701919999999994	0.3103570887963334	
8A	4	a	17.183892	22.516824	20.73918	5.332932	0.06955045743216903	19.554084	2.666466	0.2776060871485353	
8A	4	a	23.109372	36.145428	30.812496	13.036056000000002	0.08768647640330007	29.6274	6.518028000000001	1.174035527727798	
8A	4	a	36.737976	39.108168	38.51562	2.370191999999996	0.06532323232969262	37.923072	1.185095999999998	0.08258795373658878	
8A	4	a	39.700716	42.663456	40.885812	2.9627399999999966	0.04784994055913305	40.885812	1.4813699999999983	0.10654259886987183	
8A	4	a	44.4411	47.40384	45.033648	2.9627400000000037	0.030445126475214135	45.626196	1.4813700000000019	0.0641053017984865	
8A	4	a	47.996388	50.959128	49.774032	2.9627399999999966	0.05435829036844275	49.181484	1.4813699999999983	0.13588856016972883	
8A	4	a	55.106964	58.662252	56.884608	3.5552880000000044	0.052863132371480326	56.884608	1.7776440000000022	0.11449221491666228	
8A	4	a	61.032444	75.253596	67.550472	14.221152000000004	0.11386357133272584	68.14302	7.110576000000002	0.9312848649587218	
8A	4	a	75.846144	87.697104	81.771624	11.85096	0.09803753163343876	81.771624	5.92548	1.09708514187409	
8A	4	a	88.289652	94.215132	88.8822	5.925479999999993	0.09879161070200393	91.252392	2.9627399999999966	0.5372292991946779	
8A	4	a	94.80768	113.769216	100.73316	18.961535999999995	0.12250372397431519	104.288448	9.480767999999998	2.006248266472017	
8A	4	a	114.361764	126.805272	115.54686	12.443508000000008	0.06821216477429815	120.287244	6.221754000000004	0.6135239772523775	
8A	4	a	127.39782	130.36056	128.582916	2.9627399999999966	0.06821366007836582	128.582916	1.4813699999999983	0.18198823328581537	
8A	4	a	130.953108	134.508396	131.545656	3.5552880000000187	0.07514620459614063	132.730752	1.7776440000000093	0.2468533324883504	
8A	4	a	135.100944	143.396616	138.656232	8.295671999999996	0.09956127886109467	139.24878	4.147835999999998	0.616291030221298	
8A	4	a	143.989164	151.09974	143.989164	7.110576000000009	0.08781319263948761	147.544452	3.5552880000000044	0.5630703233906456	
8A	4	a	151.692288	161.173056	159.395412	9.480768000000012	0.06630877644395694	156.432672	4.740384000000006	0.4629561568851239	
8A	4	a	161.765604	170.061276	161.765604	8.295671999999996	0.06453442646913565	165.91344	4.147835999999998	0.4854279203944787	
8A	4	a	170.653824	173.024016	170.653824	2.370192000000003	0.0514555490624633	171.83892	1.1850960000000015	0.13138608158201692	
8A	4	a	173.616564	175.986756	173.616564	2.370192000000003	0.05246218371349043	174.80166	1.1850960000000015	0.09727130405696194	
8A	4	a	176.579304	193.170648	183.097332	16.591343999999992	0.085177498984633	184.874976	8.295671999999996	0.9413351254045901	
8A	4	a	193.763196	197.318484	195.54084	3.5552880000000187	0.04949570413663418	195.54084	1.7776440000000093	0.14276898905928093	
8A	4	a	197.911032	200.281224	197.911032	2.370192000000003	0.07237084409292205	199.096128	1.1850960000000015	0.14341742755119613	
8A	4	a	200.873772	210.35454	207.984348	9.480767999999983	0.08950107556020903	205.614156	4.740383999999992	0.5527957586600989	
8A	4	a	210.947088	213.31728	211.539636	2.370192000000003	0.06330034241507843	212.132184	1.1850960000000015	0.0878101547909036	
8A	4	a	213.909828	216.28002	215.094924	2.370192000000003	0.08581334127611084	215.094924	1.1850960000000015	0.18514470271417527	
8A	4	a	216.872568	222.2055	218.650212	5.332932	0.053702360658436366	219.24276	2.666466	0.2380046302500105	
8A	4	a	224.575692	241.167036	228.13098	16.591343999999992	0.0777741475370326	232.871364	8.295671999999996	1.154635297901746	
8A	4	a	241.759584	273.164628	262.498764	31.405044000000004	0.09328054326718282	257.165832	15.702522000000002	2.2789538599054593	
8A	4	a	273.757176	287.38578	277.312464	13.628603999999996	0.12345347436764387	280.275204	6.814301999999998	1.237220863648265	
8A	4	a	287.978328	297.459096	293.31126	9.480768000000012	0.07651735488566747	292.718712	4.740384000000006	0.6293976638076866	
8A	4	a	298.051644	300.421836	299.23674	2.3701919999999745	0.03769273246768723	299.23674	1.1850959999999873	0.07488764476273979	
8A	4	a	302.19948	305.754768	302.792028	3.5552880000000187	0.043824806822408746	303.977124	1.7776440000000093	0.09530308300381107	
8A	4	a	306.347316	308.12496	306.347316	1.7776440000000093	0.061555143376292865	306.939864	0.8888220000000047	0.057523791282397374	
8A	4	a	308.717508	315.235536	312.272796	6.518028000000015	0.06816119424358869	311.680248	3.2590140000000076	0.3313820911780403	
8A	4	a	319.383372	321.161016	319.383372	1.7776440000000093	0.037473035942753086	319.97592	0.8888220000000047	0.05281751825106373	
8A	4	a	321.753564	324.716304	321.753564	2.9627399999999966	0.03946858394294672	322.93866	1.4813699999999983	0.0980921451511878	
8A	4	a	327.086496	334.78962	330.641784	7.7031240000000025	0.05920744656303967	330.641784	3.8515620000000013	0.3617166195491197	
8A	4	a	335.382168	344.270388	339.530004	8.888220000000047	0.056435468458366334	339.530004	4.444110000000023	0.4638222377497778	
8A	4	a	346.64058	352.56606	351.380964	5.925479999999993	0.05790129208422101	349.60332	2.9627399999999966	0.36156332401416713	
8A	4	a	353.158608	354.936252	353.158608	1.7776440000000093	0.05480740646240889	353.751156	0.8888220000000047	0.0642245389448195	
8A	4	a	356.713896	359.676636	359.084088	2.9627399999999966	0.0563792850441307	357.898992	1.4813699999999983	0.129228500619315	
9A	4	a	1.185096	4.147836	2.370192	2.96274	0.04151548444491304	2.370192	1.48137	0.11397077800661082	
9A	4	a	4.740384	6.518028	5.92548	1.7776440000000004	0.05777184470934804	5.332932	0.8888220000000002	0.07194796899563283	
9A	4	a	8.295672	22.516824	20.73918	14.221152	0.07888275167945702	15.406248	7.110576	1.148276472543026	
9A	4	a	23.109372	25.479564	23.70192	2.3701919999999994	0.06766026487294763	24.294468	1.1850959999999997	0.1416146969891401	
9A	4	a	26.072112	37.330524	31.405044	11.258411999999996	0.06097915970086376	31.405044	5.629205999999998	0.6626613873898128	
9A	4	a	37.923072	40.293264	38.51562	2.370192000000003	0.04859639741379551	39.108168	1.1850960000000015	0.10493904090134998	
9A	4	a	42.663456	48.588936	43.848552	5.92548	0.04967467591822938	45.626196	2.96274	0.24572100895517446	
9A	4	a	49.181484	61.624992	56.884608	12.443508000000001	0.06976249220929942	55.106964	6.221754000000001	0.6706067488364662	
9A	4	a	63.402636	65.772828	63.995184	2.370192000000003	0.0721312027409935	64.587732	1.1850960000000015	0.10272186294499286	
9A	4	a	66.365376	68.14302	66.365376	1.7776440000000093	0.036670625002139356	66.957924	0.8888220000000047	0.06149567982585524	
9A	4	a	68.735568	70.513212	69.328116	1.7776439999999951	0.056916598886050274	69.328116	0.8888219999999976	0.06745180452699362	
9A	4	a	75.846144	81.179076	78.808884	5.332932	0.046747684326683636	78.216336	2.666466	0.20768691410910844	
9A	4	a	81.771624	84.734364	84.141816	2.9627399999999966	0.049116576599495865	82.95672	1.4813699999999983	0.09140767266037697	
9A	4	a	85.326912	101.918256	98.955516	16.591344000000007	0.17726057161179787	93.622584	8.295672000000003	2.5800160726413544	
9A	4	a	102.510804	117.917052	107.251188	15.406248000000005	0.11952460969282708	110.213928	7.7031240000000025	1.9532642963034843	
9A	4	a	119.694696	123.842532	120.287244	4.147836000000012	0.06896879506121945	121.47234	2.073918000000006	0.25718854103922206	
9A	4	a	124.43508	129.175464	126.212724	4.740384000000006	0.075808775344258	126.805272	2.370192000000003	0.3375786832704353	
9A	4	a	129.768012	134.508396	130.953108	4.740384000000006	0.05654794706480182	132.138204	2.370192000000003	0.23781919519360173	
9A	4	a	136.28604	141.026424	138.656232	4.7403839999999775	0.056685507961119264	138.656232	2.3701919999999888	0.12684266173673797	
9A	4	a	143.396616	151.692288	148.137	8.295671999999996	0.0711645829668961	147.544452	4.147835999999998	0.5889535370832573	
9A	4	a	153.469932	155.247576	154.06248	1.7776440000000093	0.04584858586019713	154.06248	0.8888220000000047	0.08329354153944579	
9A	4	a	157.617768	162.9507	160.580508	5.332932	0.045649630463350466	159.98796	2.666466	0.17028329808637221	
9A	4	a	163.543248	168.87618	165.320892	5.332932	0.046464133645331085	165.91344	2.666466	0.17132569195664327	
9A	4	a	171.83892	174.209112	173.024016	2.370192000000003	0.03461716146936045	173.024016	1.1850960000000015	0.05617092608271723	
9A	2	b	178.949496	180.72714	180.134592	1.777643999999981	-0.003385624048789282	179.542044	0.8888219999999905	-0.004434461792792943	
9A	4	a	183.097332	184.874976	183.68988	1.7776440000000093	0.04351621242712511	183.68988	0.8888220000000047	0.06839704105346311	
9A	4	a	185.467524	187.837716	186.65262	2.370192000000003	0.0607727001787568	186.65262	1.1850960000000015	0.12999840051526723	
9A	4	a	188.430264	192.5781	190.800456	4.147836000000012	0.05414421341295084	190.207908	2.073918000000006	0.2516334469500723	
9A	4	a	193.170648	195.54084	194.948292	2.370192000000003	0.036698676893229365	194.355744	1.1850960000000015	0.08162130558370073	
9A	4	a	197.318484	201.46632	199.688676	4.147835999999984	0.06064265234531474	199.096128	2.073917999999992	0.2624075965651167	
9A	4	a	202.058868	210.35454	207.984348	8.295671999999996	0.06695202448266357	206.206704	4.147835999999998	0.5753707707632532	
9A	4	a	210.947088	222.798048	215.094924	11.850959999999986	0.06885472984393504	216.872568	5.925479999999993	0.7025632447740127	
9A	4	a	223.390596	237.0192	231.686268	13.628604000000024	0.08371199412510144	229.908624	6.814302000000012	1.095243350925583	
9A	4	a	237.611748	245.314872	243.537228	7.7031240000000025	0.043938488813723975	241.167036	3.8515620000000013	0.3469776122729151	
9A	4	a	247.685064	251.8329	249.462708	4.147835999999984	0.04486577527827862	249.462708	2.073917999999992	0.18868059089519384	
9A	4	a	252.425448	282.645396	269.016792	30.219948000000016	0.12304364287224923	267.239148	15.109974000000008	3.108006925992449	
9A	4	a	283.237944	288.570876	286.200684	5.332931999999971	0.07013032560895516	285.608136	2.6664659999999856	0.3289741711638223	
9A	4	a	289.163424	304.569672	295.088904	15.406248000000005	0.07460726522018746	296.866548	7.7031240000000025	1.1357084946248048	
9A	4	a	305.16222	309.310056	306.347316	4.147835999999984	0.07308804284201065	306.939864	2.073917999999992	0.25566692190751894	
9A	4	a	309.902604	316.420632	312.272796	6.518028000000015	0.08718593573269828	312.865344	3.2590140000000076	0.38146345267927684	
9A	4	a	317.01318	318.790824	317.01318	1.7776440000000093	0.05847555947933314	317.605728	0.8888220000000047	0.08613150158980987	
9A	4	a	319.383372	333.604524	328.86414	14.221152000000018	0.08237295477705686	326.493948	7.110576000000009	1.172204329932627	
9A	4	a	334.197072	350.788416	349.60332	16.591343999999992	0.09436589778290738	342.492744	8.295671999999996	0.980365446948666	
9A	4	a	353.158608	360.269184	354.936252	7.1105759999999805	0.07267760419022151	356.713896	3.5552879999999902	0.2980859592018372	
10A	4	a	2.96274	8.295672	7.703124	5.332932	0.0785036117866178	5.332932	2.666466	0.24105668167272754	
10A	4	a	10.073316	13.628604	13.036056	3.555287999999999	0.059465576861890135	11.85096	1.7776439999999996	0.2049352029694278	
10A	4	a	14.221152	17.183892	15.406248	2.96274	0.06638835102317531	15.406248	1.48137	0.2120850529792082	
10A	4	a	17.77644	20.73918	18.961536	2.96274	0.045795988366560625	18.961536	1.48137	0.1348513689360582	
10A	4	a	22.516824	24.294468	23.70192	1.7776439999999987	0.06783282489834086	23.109372	0.8888219999999993	0.09061279757362528	
10A	4	a	26.072112	28.442304	27.849756	2.3701919999999994	0.030913827595442367	27.257208	1.1850959999999997	0.06849194461389763	
10A	4	a	31.405044	37.330524	33.182688	5.925479999999997	0.06966372523934528	34.367784	2.9627399999999984	0.25258267945291046	
10A	4	a	39.108168	50.959128	45.626196	11.85096	0.07685971529601199	45.033648	5.92548	0.7461399421079689	
10A	4	a	51.551676	53.921868	52.736772	2.370192000000003	0.042140624208033106	52.736772	1.1850960000000015	0.09942451129963703	
10A	4	a	55.699512	58.662252	56.29206	2.9627400000000037	0.03725338339747575	56.884608	1.4813700000000019	0.10385720062132209	
10A	4	a	62.21754	65.772828	63.995184	3.5552880000000044	0.06729338925080697	63.995184	1.7776440000000022	0.17996329649931098	
10A	4	a	66.365376	78.216336	73.475952	11.85096	0.0678731374714796	72.290856	5.92548	0.6311657321383297	
10A	4	a	79.99398	82.364172	81.179076	2.370192000000003	0.059907606102390876	81.179076	1.1850960000000015	0.11448589837719636	
10A	4	a	82.95672	87.697104	83.549268	4.740383999999992	0.08651233844850736	85.326912	2.370191999999996	0.37927857218504757	
10A	4	a	88.289652	91.252392	88.8822	2.9627399999999966	0.06008618177356606	89.474748	1.4813699999999983	0.1935610777295973	
10A	4	a	93.030036	117.324504	100.73316	24.29446800000001	0.13351565526294662	104.880996	12.147234000000005	2.4823931238218613	
10A	4	a	117.917052	119.694696	117.917052	1.7776439999999951	0.011442042606540248	118.5096	0.8888219999999976	0.016115048149123234	
10A	4	a	122.064888	125.027628	124.43508	2.962740000000011	0.04641873537210861	123.249984	1.4813700000000054	0.0760429587795528	
10A	4	a	125.620176	127.990368	127.39782	2.370192000000003	0.039226018221690584	126.805272	1.1850960000000015	0.07397054934586644	
10A	4	a	128.582916	130.36056	129.175464	1.777643999999981	0.028197751982392827	129.175464	0.8888219999999905	0.050998682742680046	
10A	4	a	130.953108	134.508396	132.138204	3.5552880000000187	0.05765731033570942	132.730752	1.7776440000000093	0.18702396562749835	
10A	4	a	136.878588	144.581712	140.433876	7.7031240000000025	0.06375289586723998	140.433876	3.8515620000000013	0.35230852928621315	
10A	4	a	145.17426	151.692288	149.322096	6.518027999999987	0.09230514963181458	148.137	3.2590139999999934	0.5637658404733639	
10A	4	a	152.284836	155.840124	154.06248	3.5552879999999902	0.0779500599032783	154.06248	1.7776439999999951	0.2522866116795395	
10A	4	a	156.432672	158.802864	157.617768	2.370192000000003	0.02445858611264118	157.617768	1.1850960000000015	0.05641573877824113	
10A	4	a	160.580508	163.543248	162.9507	2.9627399999999966	0.06772383597541598	161.765604	1.4813699999999983	0.11102857471753791	
10A	4	a	164.135796	177.171852	170.653824	13.036056000000002	0.08024821079980571	170.653824	6.518028000000001	0.8323161163300643	
10A	4	a	177.7644	198.50358	183.68988	20.739180000000005	0.08655053282791814	187.837716	10.369590000000002	1.1834150818593596	
10A	4	a	199.096128	208.576896	206.206704	9.480768000000012	0.07181086251630031	203.836512	4.740384000000006	0.5175370685823444	
10A	4	a	209.169444	216.28002	212.132184	7.110576000000009	0.06893983842962159	212.724732	3.5552880000000044	0.33026368423964714	
10A	4	a	220.427856	222.2055	221.020404	1.7776440000000093	0.03408302640289751	221.020404	0.8888220000000047	0.05186426769982422	
10A	4	a	222.798048	225.16824	223.983144	2.370192000000003	0.03148083805083113	223.983144	1.1850960000000015	0.05826137901492068	
10A	4	a	225.760788	230.501172	226.945884	4.740384000000006	0.05045682627508796	228.13098	2.370192000000003	0.22581498278908452	
10A	4	a	232.278816	235.241556	232.278816	2.9627399999999966	0.042944116490589934	233.463912	1.4813699999999983	0.04534095021096185	
10A	4	a	235.834104	239.389392	238.796844	3.5552879999999902	0.03943278576509801	237.611748	1.7776439999999951	0.09610959842576206	
10A	4	a	239.98194	246.499968	242.94468	6.518027999999987	0.06070678444310351	242.94468	3.2590139999999934	0.2529890021055696	
10A	4	a	247.092516	255.388188	253.017996	8.295672000000025	0.07275610044049063	251.240352	4.147836000000012	0.611012511437864	
10A	4	a	255.980736	261.313668	255.980736	5.332932	0.08304360657462029	258.350928	2.666466	0.31535061046452895	
10A	4	a	261.906216	268.424244	267.239148	6.518028000000015	0.06782754347115283	264.868956	3.2590140000000076	0.4746872976470502	
10A	4	a	270.794436	289.755972	279.090108	18.961535999999967	0.08765217007931403	280.275204	9.480767999999983	1.24326766179681	
10A	4	a	292.126164	296.274	292.126164	4.147835999999984	0.10477871720747123	293.903808	2.073917999999992	0.2577977145021175	
10A	4	a	298.644192	303.384576	299.23674	4.740384000000006	0.06573788134581315	301.014384	2.370192000000003	0.2695928359342694	
10A	4	a	307.532412	316.420632	315.235536	8.88821999999999	0.05470960923011692	311.680248	4.444109999999995	0.46212010031358974	
10A	4	a	317.01318	318.790824	317.605728	1.7776440000000093	0.04691240371235006	317.605728	0.8888220000000047	0.07407876841508343	
10A	4	a	319.383372	331.234332	321.161016	11.850959999999986	0.08185106184455693	325.308852	5.925479999999993	0.7372760237609937	
10A	4	a	334.78962	338.344908	337.75236	3.555287999999962	0.043028046753863514	336.567264	1.777643999999981	0.10328922831863463	
10A	4	a	338.937456	347.233128	343.085292	8.295672000000025	0.06016061153502905	343.085292	4.147836000000012	0.38473176729093606	
10A	4	a	347.825676	350.195868	349.010772	2.3701920000000314	0.0468401067089359	349.010772	1.1850960000000157	0.10902635270789096	
10A	4	a	350.788416	352.56606	351.973512	1.7776440000000093	0.042401978370429916	351.380964	0.8888220000000047	0.057148245328207725	
10A	4	a	353.158608	356.713896	353.158608	3.555287999999962	0.05017693471542284	354.936252	1.777643999999981	0.09618762663352531	
10A	4	a	357.306444	360.269184	359.084088	2.9627399999999966	0.0547808344365488	358.49154	1.4813699999999983	0.12814542782088312	
11A	4	a	2.370192	4.147836	2.96274	1.777644	0.058389287107105226	2.96274	0.888822	0.09045067171051668	
11A	4	a	4.740384	7.110576	5.332932	2.3701920000000003	0.03393194380672515	5.92548	1.1850960000000001	0.0664074746136416	
11A	4	a	7.703124	10.665864	7.703124	2.9627399999999993	0.05369720711677495	8.88822	1.4813699999999996	0.13142993222457955	
11A	4	a	11.258412	16.591344	14.221152	5.332932	0.132378740970597	13.628604	2.666466	0.6109021153511391	
11A	4	a	17.183892	22.516824	18.368988	5.332932	0.07723446912618748	19.554084	2.666466	0.381289383187585	
11A	4	a	23.109372	29.6274	29.034852	6.518028000000001	0.0705641719343788	26.072112	3.2590140000000005	0.313975772633011	
11A	4	a	30.219948	36.145428	30.812496	5.925480000000004	0.07477266755012923	33.182688	2.962740000000002	0.3221651612347456	
11A	4	a	36.737976	38.51562	37.923072	1.7776439999999951	0.044741356686976985	37.330524	0.8888219999999976	0.04763152185869579	
11A	4	a	39.108168	42.070908	40.885812	2.9627400000000037	0.07756028452452757	40.293264	1.4813700000000019	0.21486999532947415	
11A	4	a	42.663456	55.699512	50.36658	13.036056000000002	0.09044812165791516	49.181484	6.518028000000001	1.1538859386212237	
11A	4	a	56.29206	63.402636	61.032444	7.110576000000002	0.07438463032577047	59.847348	3.555288000000001	0.48229523888479386	
11A	4	a	63.995184	76.438692	69.328116	12.443508000000001	0.0937941145674932	69.920664	6.221754000000001	1.0350064961153835	
11A	4	a	77.03124	79.401432	77.623788	2.370192000000003	0.056419612276322084	78.216336	1.1850960000000015	0.11776515545147248	
11A	4	a	79.99398	81.771624	81.179076	1.7776440000000093	0.10009617012380456	80.586528	0.8888220000000047	0.08307011184550239	
11A	4	a	82.364172	85.91946	84.141816	3.5552880000000044	0.0406106556364616	84.141816	1.7776440000000022	0.11879333651864998	
11A	4	a	90.067296	93.030036	92.437488	2.9627399999999966	0.036921027588555866	91.252392	1.4813699999999983	0.08902017294432385	
11A	4	a	93.622584	98.362968	93.622584	4.740383999999992	0.06668829672059484	95.992776	2.370191999999996	0.20286055590443297	
11A	4	a	98.955516	107.251188	98.955516	8.295671999999996	0.07465884831561631	103.103352	4.147835999999998	0.3569629284327669	
11A	4	a	109.62138	124.43508	117.324504	14.813699999999997	0.07775034134677128	116.731956	7.406849999999999	1.0676435037299385	
11A	4	a	125.027628	126.805272	126.212724	1.7776439999999951	0.03570083133031865	125.620176	0.8888219999999976	0.03308842848682714	
11A	4	a	128.582916	130.36056	128.582916	1.777643999999981	0.03777614259212658	129.175464	0.8888219999999905	0.0342487973133383	
11A	4	a	132.138204	133.915848	132.138204	1.7776440000000093	0.05664401225962745	132.730752	0.8888220000000047	0.08662434361383431	
11A	4	a	134.508396	136.28604	135.693492	1.7776440000000093	0.03597979705557819	135.100944	0.8888220000000047	0.030692685924672336	
11A	4	a	138.063684	152.284836	146.951904	14.221152000000018	0.09963671561057019	145.17426	7.110576000000009	1.1825686816175578	
11A	4	a	152.877384	155.247576	154.06248	2.370192000000003	0.08837849778293272	154.06248	1.1850960000000015	0.14922056066931288	
11A	4	a	155.840124	161.173056	156.432672	5.332932	0.04310581768816668	158.210316	2.666466	0.22723420414111706	
11A	4	a	161.765604	163.543248	161.765604	1.7776440000000093	0.0461052217927822	162.358152	0.8888220000000047	0.052066216330401094	
11A	4	a	165.320892	168.87618	165.320892	3.5552880000000187	0.04932164039494591	167.098536	1.7776440000000093	0.12128694087535807	
11A	4	a	169.468728	171.246372	170.061276	1.7776440000000093	0.05180168959872766	170.061276	0.8888220000000047	0.079296461756305	
11A	4	a	171.83892	174.80166	171.83892	2.9627399999999966	0.06898719305229228	173.024016	1.4813699999999983	0.15470132180314655	
11A	4	a	175.394208	177.7644	175.986756	2.370192000000003	0.032392910975274525	176.579304	1.1850960000000015	0.05991240697751277	
11A	4	a	178.356948	184.282428	181.912236	5.925480000000022	0.047795817690965414	181.319688	2.962740000000011	0.20027797539248882	
11A	4	a	184.874976	202.058868	194.948292	17.183891999999986	0.08770876245597581	193.170648	8.591945999999993	1.2356540063663037	
11A	4	a	202.651416	204.42906	202.651416	1.777643999999981	0.05593878978791711	203.243964	0.8888219999999905	0.06345736900088284	
11A	4	a	205.021608	209.169444	207.3918	4.147836000000012	0.06889874569691923	206.799252	2.073918000000006	0.29886935660169067	
11A	4	a	209.761992	212.724732	209.761992	2.9627399999999966	0.07706096432414977	210.947088	1.4813699999999983	0.14492307542107463	
11A	4	a	218.057664	220.427856	219.24276	2.370192000000003	0.07023263400740198	219.24276	1.1850960000000015	0.13095075292371794	
11A	4	a	222.2055	229.316076	222.2055	7.110576000000009	0.08642965515950962	225.760788	3.5552880000000044	0.6054618328014336	
11A	4	a	233.463912	235.241556	234.05646	1.7776440000000093	0.03710949990851642	234.05646	0.8888220000000047	0.0653560437027827	
11A	4	a	239.389392	241.167036	240.574488	1.7776440000000093	0.03845936591255228	239.98194	0.8888220000000047	0.04187375991683728	
11A	4	a	241.759584	248.277612	247.092516	6.518028000000015	0.05909726113187208	244.722324	3.2590140000000076	0.2782573601280913	
11A	4	a	248.87016	252.425448	249.462708	3.5552879999999902	0.03998030618265069	250.647804	1.7776439999999951	0.11175619484713017	
11A	4	a	253.017996	258.943476	258.350928	5.925479999999965	0.06335154944609656	255.980736	2.9627399999999824	0.2667629268572793	
11A	4	a	260.72112	264.276408	263.68386	3.5552880000000187	0.07548804538349341	262.498764	1.7776440000000093	0.2417537966125205	
11A	4	a	264.868956	267.831696	266.054052	2.9627399999999966	0.06181340715036221	266.054052	1.4813699999999983	0.17929133914269935	
11A	4	a	268.424244	270.201888	269.016792	1.7776440000000093	0.038240617670037835	269.016792	0.8888220000000047	0.04560513911461195	
11A	4	a	270.794436	273.164628	270.794436	2.3701919999999745	0.04938077502052529	271.979532	1.1850959999999873	0.08905815864220523	
11A	4	a	274.942272	282.645396	280.275204	7.7031240000000025	0.09695673071291733	278.49756	3.8515620000000013	0.5812725135524723	
11A	4	a	283.237944	288.570876	284.42304	5.332931999999971	0.09182589167379707	285.608136	2.6664659999999856	0.4310734121914974	
11A	4	a	289.163424	297.459096	296.274	8.295671999999968	0.10120904252115803	293.31126	4.147835999999984	0.7018641399924457	
11A	4	a	298.051644	302.19948	299.829288	4.147835999999984	0.07467375095640527	299.829288	2.073917999999992	0.26680378083839784	
11A	4	a	302.792028	309.902604	307.532412	7.1105759999999805	0.08837615365961327	306.347316	3.5552879999999902	0.4526706625374204	
11A	4	a	310.495152	313.457892	311.0877	2.9627399999999966	0.03674825033716189	311.680248	1.4813699999999983	0.11037724170034258	
11A	4	a	314.05044	315.828084	314.642988	1.7776440000000093	0.07667288387279392	314.642988	0.8888220000000047	0.14081087691521565	
11A	4	a	316.420632	341.900196	322.93866	25.479563999999982	0.12131719466094282	328.86414	12.739781999999991	2.8400626321773763	
11A	4	a	342.492744	344.270388	342.492744	1.7776440000000093	0.04984571918476721	343.085292	0.8888220000000047	0.0726950271114033	
11A	4	a	344.862936	352.56606	347.825676	7.7031240000000025	0.0795488325465854	348.418224	3.8515620000000013	0.467950971747662	
11A	4	a	353.158608	358.49154	354.343704	5.332931999999971	0.07947382716397389	355.5288	2.6664659999999856	0.33186372424706967	
11A	4	a	359.084088	360.269184	359.676636	1.1850959999999873	0.0372027738548093	359.676636	0.5925479999999936	0.02281204661240377	
12A	4	a	0.0	4.147836	1.777644	4.147836	0.09780491279331383	1.777644	2.073918	0.40914493907874716	
12A	4	a	4.740384	21.331728	7.703124	16.591344	0.11358868507767284	13.036056	8.295672	1.4822409090448638	
12A	4	a	21.924276	26.66466	23.70192	4.740384000000002	0.08235163138976098	24.294468	2.370192000000001	0.33740521294972003	
12A	4	a	28.442304	35.55288	31.405044	7.110576000000002	0.07712464429160804	31.997592	3.555288000000001	0.4461551160057544	
12A	4	a	37.330524	46.811292	40.885812	9.480768000000005	0.07753269458039025	42.070908	4.740384000000002	0.6765618854155222	
12A	4	a	47.40384	56.884608	50.36658	9.480767999999998	0.07628136914643413	52.144224	4.740383999999999	0.5934889930555025	
12A	4	a	57.477156	59.847348	58.662252	2.370191999999996	0.05223172627355943	58.662252	1.185095999999998	0.1234844985939958	
12A	4	a	63.402636	65.772828	64.587732	2.370192000000003	0.04520982377726401	64.587732	1.1850960000000015	0.08279117744624909	
12A	4	a	66.365376	71.10576	68.735568	4.740384000000006	0.08526084838546577	68.735568	2.370192000000003	0.29055979924878983	
12A	4	a	71.698308	76.438692	75.846144	4.740384000000006	0.06828234305711245	74.0685	2.370192000000003	0.20320066218338395	
12A	4	a	77.03124	84.734364	81.179076	7.7031240000000025	0.0649863807087252	80.586528	3.8515620000000013	0.40151491188130484	
12A	2	b	85.326912	87.104556	86.512008	1.7776440000000093	-0.0034027540382055577	85.91946	0.8888220000000047	-0.001912456989966671	
12A	4	a	91.252392	93.622584	91.252392	2.370192000000003	0.035302994429645906	92.437488	1.1850960000000015	0.06007238326923625	
12A	4	a	95.400228	97.77042	96.585324	2.370192000000003	0.06471908591938647	96.585324	1.1850960000000015	0.12912019573102906	
12A	4	a	98.362968	103.6959	103.103352	5.332932	0.06310576529265965	100.73316	2.666466	0.32701889016843255	
12A	4	a	106.65864	109.028832	107.251188	2.3701919999999888	0.054409957520370256	107.843736	1.1850959999999944	0.08350803068357537	
12A	4	a	109.62138	111.399024	109.62138	1.7776439999999951	0.08005280491285927	110.213928	0.8888219999999976	0.08165737327698608	
12A	4	a	111.991572	122.657436	119.102148	10.665864	0.09194736696892392	117.324504	5.332932	0.6982169304780248	
12A	4	a	125.027628	129.768012	127.990368	4.740383999999992	0.04492067759870455	127.39782	2.370191999999996	0.21802415285699794	
12A	4	a	130.36056	134.508396	132.138204	4.147836000000012	0.06390524020231858	132.138204	2.073918000000006	0.22935931070642512	
12A	4	a	135.100944	136.878588	136.28604	1.7776440000000093	0.030982185418201524	135.693492	0.8888220000000047	0.053942127847835586	
12A	4	a	142.21152	144.581712	143.989164	2.370192000000003	0.0483883411346806	143.396616	1.1850960000000015	0.08878267954296604	
12A	4	a	146.951904	148.729548	146.951904	1.777643999999981	0.05506406343170944	147.544452	0.8888219999999905	0.06904255522951397	
12A	4	a	149.322096	151.692288	149.322096	2.370192000000003	0.09927817692929164	150.507192	1.1850960000000015	0.11709748103220452	
12A	4	a	152.284836	167.098536	158.802864	14.813699999999983	0.12480660541796684	159.395412	7.4068499999999915	1.451959745726091	
12A	4	a	167.691084	174.209112	170.653824	6.518028000000015	0.10647321814051569	170.653824	3.2590140000000076	0.698757402854457	
12A	4	a	174.80166	179.542044	175.394208	4.740384000000006	0.046953834209884526	177.171852	2.370192000000003	0.24407838441366847	
12A	4	a	180.134592	182.504784	180.72714	2.370192000000003	0.04614176547748272	181.319688	1.1850960000000015	0.06136769586914648	
12A	4	a	183.097332	185.467524	184.282428	2.370192000000003	0.1052509846294063	184.282428	1.1850960000000015	0.1578755299346981	
12A	4	a	186.060072	194.948292	191.393004	8.888220000000018	0.09501269697001735	190.207908	4.444110000000009	0.6913656764704275	
12A	4	a	196.725936	198.50358	196.725936	1.7776440000000093	0.03331600404364199	197.318484	0.8888220000000047	0.04246649275813086	
12A	4	a	200.281224	202.058868	201.46632	1.777643999999981	0.03137289658123432	200.873772	0.8888219999999905	0.03228837352879266	
12A	4	a	203.836512	210.35454	205.614156	6.518027999999987	0.06877482673372537	206.799252	3.2590139999999934	0.341253193029865	
12A	4	a	212.724732	221.612952	215.094924	8.888220000000018	0.07257655047243183	216.872568	4.444110000000009	0.5321491816576396	
12A	4	a	222.2055	224.575692	223.390596	2.370192000000003	0.0696322982295694	223.390596	1.1850960000000015	0.1524333351492535	
12A	4	a	225.16824	237.0192	231.09372	11.850960000000015	0.09271840706327339	231.09372	5.925480000000007	0.9360841852978057	
12A	4	a	237.611748	245.314872	242.94468	7.7031240000000025	0.09979294075104672	241.167036	3.8515620000000013	0.6674655008419244	
12A	4	a	245.90742	250.647804	245.90742	4.740384000000006	0.08513800224930801	248.277612	2.370192000000003	0.2894612678082207	
12A	4	a	251.240352	255.388188	252.425448	4.147836000000012	0.0883773621827606	253.017996	2.073918000000006	0.30629241441541755	
12A	4	a	255.980736	260.128572	258.350928	4.147836000000012	0.06538323020441794	257.75838	2.073918000000006	0.3026573721164638	
12A	4	a	261.906216	268.424244	262.498764	6.518028000000015	0.0828997098341091	264.868956	3.2590140000000076	0.5425336309323576	
12A	4	a	269.016792	271.979532	270.201888	2.9627399999999966	0.06942387725959165	270.201888	1.4813699999999983	0.10878107231996559	
12A	4	a	276.127368	282.645396	277.905012	6.518028000000015	0.08968158317459274	279.090108	3.2590140000000076	0.5017258443405312	
12A	4	a	283.237944	288.570876	285.608136	5.332931999999971	0.08994457848902293	285.608136	2.6664659999999856	0.390252131007057	
12A	4	a	289.163424	291.533616	290.941068	2.3701919999999745	0.0639736017429664	290.34852	1.1850959999999873	0.11722072667959438	
12A	4	a	293.31126	310.495152	306.347316	17.183892000000014	0.09821045124575178	301.606932	8.591946000000007	1.200143708669728	
12A	4	a	311.0877	314.05044	312.272796	2.9627399999999966	0.08189146445206585	312.272796	1.4813699999999983	0.19780198621809708	
12A	4	a	316.420632	319.97592	317.605728	3.555287999999962	0.1011369610464321	318.198276	1.777643999999981	0.3485059809838331	
12A	4	a	321.753564	324.716304	322.346112	2.9627399999999966	0.09699520806840933	322.93866	1.4813699999999983	0.2529536408327995	
12A	4	a	326.493948	330.641784	328.271592	4.147835999999984	0.09170364239406581	328.271592	2.073917999999992	0.3054630297731826	
12A	4	a	333.011976	356.713896	333.604524	23.701919999999973	0.12647656200876956	344.862936	11.850959999999986	2.079305210580177	
13A	4	a	0.0	8.88822	2.96274	8.88822	0.11646991575464005	4.147836	4.44411	1.056755610607126	
13A	4	a	9.480768	20.73918	15.998796	11.258412000000002	0.08337114059054551	14.8137	5.629206000000001	0.7835137423813858	
13A	4	a	21.331728	26.072112	23.70192	4.740384000000002	0.06606934334302039	23.70192	2.370192000000001	0.2079202299119376	
13A	4	a	34.367784	37.330524	36.145428	2.9627399999999966	0.03901779110874948	35.55288	1.4813699999999983	0.12138342361448617	
13A	4	a	37.923072	62.21754	39.108168	24.294468000000002	0.08909582435213581	49.774032	12.147234000000001	1.6344548209612204	
13A	4	a	62.810088	65.772828	65.18028	2.9627400000000037	0.043923843436169285	63.995184	1.4813700000000019	0.12481644102572398	
13A	4	a	66.365376	83.549268	71.10576	17.183892	0.07647081405085121	74.661048	8.591946	0.9610385754818946	
13A	4	a	85.326912	87.697104	86.512008	2.370192000000003	0.033730974371496636	86.512008	1.1850960000000015	0.06665786899715109	
13A	4	a	88.289652	123.842532	117.324504	35.55288	0.12636873934783344	106.066092	17.77644	3.5991323628114555	
13A	4	a	124.43508	126.212724	125.620176	1.7776439999999951	0.05871466775117806	125.027628	0.8888219999999976	0.07850910142989265	
13A	4	a	127.990368	130.36056	129.768012	2.3701919999999888	0.05865281626789365	129.175464	1.1850959999999944	0.051523313683545124	
13A	4	a	130.953108	142.804068	133.3233	11.850960000000015	0.06902767522685771	136.878588	5.925480000000007	0.865183763609263	
13A	4	a	143.396616	176.579304	154.06248	33.18268800000001	0.10883603155527322	159.98796	16.591344000000007	2.8810994355725583	
13A	4	a	177.171852	178.949496	177.7644	1.7776440000000093	0.07367908301503956	177.7644	0.8888220000000047	0.1103783922947359	
13A	4	a	179.542044	181.319688	179.542044	1.7776440000000093	0.04209124648832141	180.134592	0.8888220000000047	0.06446513229529027	
13A	4	a	181.912236	183.68988	181.912236	1.777643999999981	0.03596715910020398	182.504784	0.8888219999999905	0.05652323065291709	
13A	4	a	185.467524	189.022812	186.65262	3.5552879999999902	0.0725848588731961	187.245168	1.7776439999999951	0.20589897299551185	
13A	4	a	189.61536	203.836512	199.096128	14.22115199999999	0.07851232343382764	196.725936	7.110575999999995	0.8760264393842221	
13A	4	a	204.42906	207.3918	205.614156	2.9627399999999966	0.07477859145259691	205.614156	1.4813699999999983	0.19845955518700453	
13A	4	a	207.984348	210.35454	207.984348	2.3701919999999745	0.062408748220138754	209.169444	1.1850959999999873	0.0887523415944329	
13A	4	a	210.947088	221.020404	220.427856	10.073316000000005	0.07065788879333335	215.687472	5.036658000000003	0.5139809733437419	
13A	4	a	222.798048	224.575692	223.390596	1.7776440000000093	0.05940390154692299	223.390596	0.8888220000000047	0.09193438116886066	
13A	4	a	225.16824	248.87016	226.353336	23.70192	0.09472661297934648	237.0192	11.85096	1.4137936810060312	
13A	4	a	249.462708	253.610544	252.425448	4.147836000000012	0.041742663215937004	251.240352	2.073918000000006	0.13785000360715105	
13A	4	a	254.203092	256.573284	254.79564	2.370192000000003	0.04389750264024883	255.388188	1.1850960000000015	0.09913804751087141	
13A	4	a	257.165832	260.72112	258.350928	3.555287999999962	0.0837566379859167	258.943476	1.777643999999981	0.2660900800316901	
13A	4	a	261.313668	282.645396	279.682656	21.331728	0.09510426583447851	271.979532	10.665864	1.7908478636842862	
13A	4	a	283.237944	287.38578	285.015588	4.147835999999984	0.06173404459495169	285.015588	2.073917999999992	0.25900216815495103	
13A	4	a	287.978328	300.421836	296.274	12.443508000000008	0.07963970463039338	293.903808	6.221754000000004	0.8275183228013405	
13A	4	a	301.014384	324.123756	303.384576	23.109372000000008	0.08823527796469177	312.272796	11.554686000000004	1.798559781529173	
13A	4	a	324.716304	335.382168	328.271592	10.665864	0.08874668977879452	330.049236	5.332932	0.654583862973422	
13A	4	a	335.974716	337.75236	337.159812	1.7776440000000093	0.03341888089752265	336.567264	0.8888220000000047	0.05054801989193369	
13A	4	a	338.344908	344.270388	343.67784	5.92548000000005	0.06943772449328378	341.307648	2.962740000000025	0.39285148161044514	
13A	4	a	344.862936	360.269184	357.898992	15.406248000000005	0.11441767256415947	352.56606	7.7031240000000025	1.2204827609119129	
14A	4	a	1.185096	4.740384	3.555288	3.555288	0.08088867427584479	2.96274	1.777644	0.2821622409905371	
14A	4	a	5.332932	7.110576	6.518028	1.7776440000000004	0.05910366058080596	5.92548	0.8888220000000002	0.07092807792576439	
14A	4	a	7.703124	9.480768	7.703124	1.7776439999999996	0.08953801443661824	8.295672	0.8888219999999998	0.13760172917128677	
14A	4	a	10.073316	17.183892	12.443508	7.110576	0.12283244388928605	13.628604	3.555288	0.5259765286152291	
14A	4	a	17.77644	19.554084	17.77644	1.7776439999999987	0.03599521374893078	18.368988	0.8888219999999993	0.03761083169440016	
14A	4	a	20.146632	24.294468	20.73918	4.147835999999998	0.04721190272520248	21.924276	2.073917999999999	0.17918385727616326	
14A	4	a	24.887016	28.442304	26.66466	3.555288000000001	0.0905198260341944	26.66466	1.7776440000000004	0.2838833089891204	
14A	4	a	29.034852	31.997592	29.6274	2.96274	0.046433367330476205	30.219948	1.48137	0.1437503817113861	
14A	4	a	32.59014	36.145428	33.182688	3.5552880000000044	0.046122109874664474	34.367784	1.7776440000000022	0.132472697811999	
14A	4	a	37.923072	46.811292	43.848552	8.888220000000004	0.062214210482838705	42.070908	4.444110000000002	0.5064035585045399	
14A	4	a	47.40384	54.514416	53.921868	7.110575999999995	0.06451797952674365	50.959128	3.5552879999999973	0.4911557327818368	
14A	4	a	55.106964	60.439896	55.106964	5.332932	0.053876788950039334	57.477156	2.666466	0.1507107408556414	
14A	4	a	61.032444	63.402636	61.032444	2.370192000000003	0.05621171878229125	62.21754	1.1850960000000015	0.1101448739646036	
14A	4	a	63.995184	65.772828	64.587732	1.7776440000000022	0.031228011521060584	64.587732	0.8888220000000011	0.053602653197120986	
14A	4	a	67.550472	71.10576	69.328116	3.5552880000000044	0.07319474965236772	69.328116	1.7776440000000022	0.21411314109349933	
14A	4	a	72.883404	78.216336	72.883404	5.332932	0.09891919432868201	75.253596	2.666466	0.3186225213344607	
14A	4	a	78.808884	85.91946	82.364172	7.110575999999995	0.07440384894198848	82.364172	3.5552879999999973	0.48800535371749953	
14A	4	a	86.512008	93.622584	91.252392	7.110576000000009	0.09032457578337372	90.067296	3.5552880000000044	0.47326311208079774	
14A	4	a	94.215132	106.066092	95.992776	11.85096	0.11199870078951202	100.140612	5.92548	0.988376492871808	
14A	4	a	106.65864	108.436284	107.843736	1.7776439999999951	0.043600324487821585	107.251188	0.8888219999999976	0.052500267339616435	
14A	4	a	109.028832	111.399024	110.213928	2.370192000000003	0.06799460807455038	110.213928	1.1850960000000015	0.08727161493675029	
14A	4	a	111.991572	121.47234	120.287244	9.480767999999998	0.06892955034414161	116.731956	4.740383999999999	0.5123142634579798	
14A	4	a	122.064888	127.990368	125.027628	5.925480000000007	0.06561711559907302	125.027628	2.9627400000000037	0.3534740361903299	
14A	4	a	132.730752	138.063684	134.508396	5.332932	0.0621720534748178	135.100944	2.666466	0.21774919125771675	
14A	4	a	140.433876	152.877384	148.137	12.443508000000008	0.13157815013106466	146.359356	6.221754000000004	1.2730484375086963	
14A	4	a	153.469932	157.02522	153.469932	3.5552879999999902	0.11051057297025846	155.247576	1.7776439999999951	0.24454103188420007	
14A	4	a	158.802864	174.209112	173.616564	15.406248000000005	0.09502001021978801	166.505988	7.7031240000000025	0.9726398654201227	
14A	4	a	174.80166	180.72714	180.134592	5.925479999999993	0.05459449647726622	177.7644	2.9627399999999966	0.3011313572978216	
14A	4	a	181.319688	184.282428	182.504784	2.9627399999999966	0.046779129604133995	182.504784	1.4813699999999983	0.09135680064931417	
14A	4	a	186.060072	189.022812	186.65262	2.9627399999999966	0.05851632587929023	187.245168	1.4813699999999983	0.115013728122769	
14A	4	a	189.61536	203.836512	199.688676	14.22115199999999	0.0823539057605176	196.725936	7.110575999999995	1.1944857899143526	
14A	4	a	204.42906	215.094924	207.984348	10.665864	0.09153846646855657	209.761992	5.332932	0.701312739935188	
14A	4	a	216.872568	223.390596	222.2055	6.518027999999987	0.08747197368144066	219.835308	3.2590139999999934	0.3896302773416369	
14A	4	a	223.983144	238.204296	228.13098	14.22115199999999	0.07057037867969473	231.09372	7.110575999999995	0.8453969323581079	
14A	4	a	239.98194	249.462708	245.90742	9.480767999999983	0.08146282548089001	244.722324	4.740383999999992	0.6805473046552086	
14A	4	a	250.055256	253.610544	253.017996	3.5552879999999902	0.05921285737700854	251.8329	1.7776439999999951	0.15169145953432905	
14A	4	a	255.980736	261.313668	255.980736	5.332932	0.09899477059958262	258.350928	2.666466	0.31799654529337706	
14A	4	a	261.906216	274.349724	272.57208	12.443508000000008	0.0802569933903734	267.831696	6.221754000000004	0.9965101393604472	
14A	4	a	276.127368	282.645396	276.127368	6.518028000000015	0.05062518429157148	279.090108	3.2590140000000076	0.3441112898267804	
14A	4	a	284.42304	288.570876	286.200684	4.147835999999984	0.04708013812566936	286.200684	2.073917999999992	0.18683876158212698	
14A	4	a	290.941068	294.496356	290.941068	3.5552880000000187	0.05017777154127234	292.718712	1.7776440000000093	0.1382313629223908	
14A	4	a	295.088904	327.086496	300.421836	31.997591999999997	0.07873119719052646	311.0877	15.998795999999999	1.835262161462517	
14A	4	a	327.679044	332.419428	331.82688	4.740384000000006	0.07054356624030955	330.049236	2.370192000000003	0.26253449120345684	
14A	4	a	333.011976	338.344908	335.382168	5.332931999999971	0.0569285130648276	335.382168	2.6664659999999856	0.2596376914174756	
14A	4	a	338.937456	343.67784	341.900196	4.740384000000006	0.05536301182737535	341.307648	2.370192000000003	0.22521891635022873	
14A	4	a	346.64058	349.010772	346.64058	2.3701919999999745	0.044468178785050494	347.825676	1.1850959999999873	0.0719028629577434	
14A	4	a	349.60332	351.380964	350.788416	1.7776440000000093	0.0233574319218115	350.195868	0.8888220000000047	0.03736466363647817	
14A	2	b	353.751156	356.121348	355.5288	2.3701920000000314	-0.028255840621687067	354.936252	1.1850960000000157	-0.05884718699300584	
14A	2	b	356.713896	360.269184	358.49154	3.5552880000000187	-0.06317987121539215	358.49154	1.7776440000000093	-0.19372719663235327	
15A	4	a	1.777644	8.295672	1.777644	6.518027999999999	0.04954413639935895	4.740384	3.2590139999999996	0.25632945107043925	
15A	4	a	8.88822	10.665864	8.88822	1.7776439999999987	0.04284875503137098	9.480768	0.8888219999999993	0.03769255700505858	
15A	4	a	11.258412	18.961536	14.8137	7.703123999999999	0.09406347239259727	14.8137	3.8515619999999995	0.525600423325616	
15A	4	a	19.554084	22.516824	19.554084	2.96274	0.042011708865911324	20.73918	1.48137	0.09329190525940301	
15A	4	a	23.109372	27.849756	26.66466	4.740383999999999	0.06190081642674894	25.479564	2.3701919999999994	0.23096546335223	
15A	4	a	28.442304	45.033648	42.663456	16.591344	0.06526074990167041	36.737976	8.295672	0.9831942972563963	
15A	4	a	45.626196	47.996388	46.218744	2.370192000000003	0.05716783610222276	46.811292	1.1850960000000015	0.12368395479881267	
15A	4	a	48.588936	53.921868	52.144224	5.332932000000007	0.0831248989079354	50.959128	2.6664660000000033	0.4334459203621863	
15A	4	a	54.514416	60.439896	59.2548	5.92548	0.06628861693342669	57.477156	2.96274	0.3513220595905946	
15A	4	a	63.402636	79.401432	72.883404	15.998795999999999	0.068623470001961	71.10576	7.999397999999999	0.8565994402833033	
15A	4	a	79.99398	85.91946	81.179076	5.925480000000007	0.10911101964748582	82.95672	2.9627400000000037	0.4250913086249106	
15A	4	a	88.289652	90.659844	90.067296	2.370192000000003	0.061714076229905324	89.474748	1.1850960000000015	0.10156923057004885	
15A	4	a	91.252392	93.622584	91.252392	2.370192000000003	0.027317548105304734	92.437488	1.1850960000000015	0.03753516294218384	
15A	4	a	94.215132	104.288448	95.400228	10.073316000000005	0.0499649109738427	98.955516	5.036658000000003	0.49082447838109666	
15A	4	a	106.066092	110.213928	107.843736	4.147835999999998	0.07126955715509986	107.843736	2.073917999999999	0.1666989154155032	
15A	4	a	110.806476	124.43508	115.54686	13.628603999999996	0.06552468088482222	117.324504	6.814301999999998	0.5610543051419072	
15A	4	a	125.027628	129.175464	128.582916	4.147835999999998	0.03695258664811396	126.805272	2.073917999999999	0.15670448573464624	
15A	4	a	130.953108	135.100944	133.3233	4.147836000000012	0.0374375309129662	132.730752	2.073918000000006	0.18129278284819494	
15A	4	a	135.693492	141.026424	138.656232	5.332932	0.04854738191553132	138.063684	2.666466	0.2563533051818483	
15A	4	a	142.804068	178.949496	174.209112	36.14542800000001	0.07618630389179248	160.580508	18.072714000000005	2.4716045285170987	
15A	4	a	179.542044	181.319688	180.134592	1.7776440000000093	0.052091447744534225	180.134592	0.8888220000000047	0.07418211282707654	
15A	4	a	181.912236	183.68988	182.504784	1.777643999999981	0.030410584726480394	182.504784	0.8888219999999905	0.06027923909955479	
15A	4	a	184.282428	194.355744	193.763196	10.073315999999977	0.059095305117114805	189.022812	5.0366579999999885	0.5598808909784285	
15A	4	a	194.948292	222.798048	206.799252	27.849755999999985	0.09068560117095403	208.576896	13.924877999999993	2.123877740086463	
15A	4	a	223.390596	235.834104	226.353336	12.443508000000008	0.06090672224264271	229.316076	6.221754000000004	0.605092086677069	
15A	4	a	236.426652	238.796844	237.611748	2.370192000000003	0.045489370803661444	237.611748	1.1850960000000015	0.07478955196896653	
15A	4	a	239.389392	243.537228	239.98194	4.147836000000012	0.03627995888545721	241.167036	2.073918000000006	0.12471604698493377	
15A	4	a	244.129776	248.277612	244.722324	4.147836000000012	0.03219744265269098	245.90742	2.073918000000006	0.14546060211011214	
15A	4	a	248.87016	255.388188	253.017996	6.518028000000015	0.08230760297981687	251.8329	3.2590140000000076	0.31776137070626187	
15A	4	a	255.980736	261.313668	257.165832	5.332932	0.06759470635997245	258.350928	2.666466	0.20667677393427497	
15A	4	a	261.906216	285.608136	277.905012	23.70192000000003	0.07455089671418014	273.757176	11.850960000000015	1.3231221150057804	
15A	4	a	286.200684	288.570876	287.38578	2.3701919999999745	0.05122836469982994	287.38578	1.1850959999999873	0.09216609615947302	
15A	4	a	289.163424	292.126164	290.34852	2.9627399999999966	0.048949415997758816	290.34852	1.4813699999999983	0.1298796476919295	
15A	4	a	292.718712	295.088904	293.903808	2.3701920000000314	0.03152992855238779	293.903808	1.1850960000000157	0.053674547598808964	
15A	4	a	295.681452	297.459096	296.274	1.7776440000000093	0.009591746016076375	296.274	0.8888220000000047	0.011241362436410052	
15A	4	a	298.051644	299.829288	298.051644	1.7776440000000093	0.05145648757812138	298.644192	0.8888220000000047	0.04464660978920887	
15A	4	a	300.421836	303.384576	301.014384	2.9627399999999966	0.046788651077745325	301.606932	1.4813699999999983	0.08343742190327053	
15A	4	a	303.977124	309.902604	305.754768	5.925479999999993	0.06040701550773564	306.939864	2.9627399999999966	0.2593987068193824	
15A	4	a	310.495152	315.235536	314.642988	4.740384000000006	0.06804943681783238	312.865344	2.370192000000003	0.26057581476290403	
15A	4	a	315.828084	332.419428	328.271592	16.591343999999992	0.08784848973241166	324.123756	8.295671999999996	1.0069824895313186	
15A	4	a	333.011976	351.380964	347.825676	18.368988	0.07739940141133683	341.900196	9.184494	1.1801848731701532	
15A	4	a	351.973512	354.343704	351.973512	2.3701919999999745	0.02069528307142665	353.158608	1.1850959999999873	0.023121805326250522	
15A	2	b	356.121348	357.898992	357.306444	1.7776440000000093	-0.031243047987732808	356.713896	0.8888220000000047	-0.040001328331500385	
15A	2	b	358.49154	360.269184	360.269184	1.7776440000000093	-0.06623632799616042	359.084088	0.8888220000000047	-0.08436253066763522	
16A	4	a	0.0	1.777644	0.592548	1.777644	0.053493884841213646	0.592548	0.888822	0.06837622094892004	
16A	4	a	5.92548	8.88822	8.295672	2.96274	0.043402138707562266	7.110576	1.48137	0.07944195186663339	
16A	4	a	10.665864	13.036056	10.665864	2.370192000000001	0.024941734909708746	11.85096	1.1850960000000006	0.04263335342330232	
16A	4	a	13.628604	15.406248	14.221152	1.7776440000000004	0.04388014131602391	14.221152	0.8888220000000002	0.0720463687448647	
16A	4	a	15.998796	25.479564	21.924276	9.480768	0.06870962878209275	20.73918	4.740384	0.6275644060983083	
16A	4	a	26.072112	43.256004	27.257208	17.183891999999997	0.0848327804572735	34.367784	8.591945999999998	1.6375306577885413	
16A	4	a	43.848552	58.662252	44.4411	14.813700000000004	0.08598919416378115	50.959128	7.406850000000002	1.2764188083212669	
16A	4	a	59.2548	65.18028	61.624992	5.925479999999993	0.052372353539197114	62.21754	2.9627399999999966	0.3025077735195092	
16A	4	a	65.772828	69.920664	67.550472	4.147835999999998	0.04076280581685454	67.550472	2.073917999999999	0.12860276577079044	
16A	4	a	70.513212	72.290856	71.10576	1.7776440000000093	0.031093312451978772	71.10576	0.8888220000000047	0.05029586121591145	
16A	4	a	72.883404	75.253596	72.883404	2.370192000000003	0.050664127740507325	74.0685	1.1850960000000015	0.06670902518083555	
16A	4	a	78.808884	81.179076	80.586528	2.3701919999999888	0.030767597192284946	79.99398	1.1850959999999944	0.06754469754901926	
16A	4	a	86.512008	90.067296	89.474748	3.5552880000000044	0.05929030678802061	88.289652	1.7776440000000022	0.17015776244359304	
16A	4	a	90.659844	93.030036	91.252392	2.3701919999999888	0.07786795509049282	91.84494	1.1850959999999944	0.11911635027219192	
16A	4	a	94.80768	104.288448	100.73316	9.480767999999998	0.07734564009490752	99.548064	4.740383999999999	0.570255629412342	
16A	4	a	106.65864	110.806476	107.251188	4.147835999999998	0.061025926719667556	108.436284	2.073917999999999	0.1758115564199536	
16A	4	a	111.399024	135.693492	126.212724	24.294467999999995	0.09291695202759609	123.249984	12.147233999999997	1.619882060424145	
16A	4	a	136.28604	146.359356	136.878588	10.073315999999977	0.062267194685642124	141.026424	5.0366579999999885	0.5500850419381811	
16A	4	a	146.951904	152.284836	146.951904	5.332932	0.03999804588108136	149.322096	2.666466	0.2267493496210251	
16A	4	a	152.877384	155.840124	154.06248	2.9627399999999966	0.04118053826716794	154.06248	1.4813699999999983	0.10535426384390378	
16A	4	a	156.432672	163.543248	159.98796	7.110576000000009	0.05256700657916147	159.98796	3.5552880000000044	0.3013934230861919	
16A	4	a	164.135796	167.098536	165.320892	2.9627399999999966	0.046457022353625366	165.320892	1.4813699999999983	0.1395415182777009	
16A	4	a	168.87618	175.394208	174.209112	6.518027999999987	0.05719605355242763	171.83892	3.2590139999999934	0.3953866386989646	
16A	4	a	175.986756	180.72714	178.356948	4.7403839999999775	0.05928964789244118	178.356948	2.3701919999999888	0.23355187167051228	
16A	4	a	181.319688	188.430264	183.097332	7.1105759999999805	0.060091586755822046	184.874976	3.5552879999999902	0.3698300277579627	
16A	4	a	189.022812	193.170648	189.61536	4.147836000000012	0.06599066128314668	190.800456	2.073918000000006	0.3266174020803012	
16A	4	a	193.763196	200.873772	196.725936	7.110576000000009	0.07347429894588453	197.318484	3.5552880000000044	0.5039444245982254	
16A	4	a	201.46632	205.021608	202.058868	3.5552879999999902	0.06129576087586397	203.243964	1.7776439999999951	0.1862376413150324	
16A	4	a	205.614156	208.576896	206.206704	2.9627399999999966	0.06016951130382964	206.799252	1.4813699999999983	0.12086086027544951	
16A	4	a	209.169444	212.132184	211.539636	2.9627399999999966	0.04280995938759036	210.35454	1.4813699999999983	0.06405361662861009	
16A	4	a	212.724732	214.502376	213.909828	1.7776440000000093	0.016812354265337337	213.31728	0.8888220000000047	0.027968977782585114	
16A	4	a	215.094924	222.798048	216.28002	7.7031240000000025	0.07005157480991953	218.650212	3.8515620000000013	0.4392600952451662	
16A	4	a	223.390596	229.908624	225.760788	6.518028000000015	0.06282075541329446	226.353336	3.2590140000000076	0.3379887990077135	
16A	4	a	231.686268	238.204296	231.686268	6.518027999999987	0.0509966729119089	234.649008	3.2590139999999934	0.23945310553239008	
16A	4	a	238.796844	240.574488	239.389392	1.7776440000000093	0.05051452205028495	239.389392	0.8888220000000047	0.07127517987326093	
16A	4	a	241.167036	242.94468	242.352132	1.7776440000000093	0.030942531017443375	241.759584	0.8888220000000047	0.028596076260380077	
16A	4	a	246.499968	250.647804	249.462708	4.147836000000012	0.04345953955242754	248.277612	2.073918000000006	0.13642010510309666	
16A	4	a	252.425448	256.573284	253.017996	4.147836000000012	0.06438940481791855	254.203092	2.073918000000006	0.15517191592188007	
16A	4	a	258.943476	261.313668	258.943476	2.3701920000000314	0.03696847512357859	260.128572	1.1850960000000157	0.052163285123750125	
16A	4	a	261.906216	267.239148	262.498764	5.332932000000028	0.05853829455815518	264.276408	2.666466000000014	0.22992997641261947	
16A	4	a	267.831696	271.979532	271.386984	4.147835999999984	0.051456213120927075	269.60934	2.073917999999992	0.1968693442293925	
16A	4	a	272.57208	286.793232	284.42304	14.221151999999961	0.089162509130297	279.682656	7.1105759999999805	0.9520217892643299	
16A	4	a	289.163424	296.866548	292.718712	7.7031240000000025	0.05637751018912951	292.718712	3.8515620000000013	0.37188375712026756	
16A	4	a	297.459096	317.01318	307.532412	19.55408399999999	0.07992866051538083	306.939864	9.777041999999994	1.3065392049853806	
16A	4	a	317.605728	331.82688	326.493948	14.221152000000018	0.06635482449276164	324.716304	7.110576000000009	0.8066087210802717	
16A	4	a	332.419428	335.382168	333.604524	2.9627399999999966	0.04972768354437118	333.604524	1.4813699999999983	0.15918888719860047	
16A	4	a	335.974716	339.530004	336.567264	3.5552880000000187	0.04841642493419096	337.75236	1.7776440000000093	0.19364991108151153	
16A	4	a	340.122552	344.270388	340.7151	4.147836000000041	0.05336154898450873	341.900196	2.0739180000000204	0.23371409196695003	
16A	4	a	346.048032	360.269184	357.306444	14.221152000000018	0.09819553259870517	353.158608	7.110576000000009	1.0812020151211026	
17A	4	a	0.0	4.147836	2.370192	4.147836	0.03483454360610172	1.777644	2.073918	0.13109103664738797	
17A	4	a	4.740384	8.295672	7.110576	3.555288	0.03319255227458684	6.518028	1.777644	0.08772894680895771	
17A	4	a	8.88822	15.998796	14.221152	7.110576	0.0341759240048054	12.443508	3.555288	0.18393443850421887	
17A	4	a	16.591344	18.368988	17.183892	1.7776440000000022	0.00923816524887	17.183892	0.8888220000000011	0.010143904080876953	
17A	4	a	20.146632	24.294468	23.109372	4.147835999999998	0.023329988568089544	21.924276	2.073917999999999	0.0806760551012159	
17A	4	a	26.66466	30.219948	29.034852	3.5552879999999973	0.02114880604431768	28.442304	1.7776439999999987	0.04610159957651272	
17A	4	a	30.812496	32.59014	30.812496	1.7776439999999987	0.014053274828650819	31.405044	0.8888219999999993	0.018628067732360143	
17A	4	a	33.182688	36.145428	35.55288	2.9627400000000037	0.027296305110541708	34.367784	1.4813700000000019	0.05821018514049803	
17A	4	a	36.737976	43.256004	40.885812	6.518027999999994	0.04236297130929745	39.700716	3.259013999999997	0.23416234448357287	
17A	4	a	43.848552	46.811292	44.4411	2.9627400000000037	0.0406982341014932	45.033648	1.4813700000000019	0.09350802215543563	
17A	4	a	49.181484	55.699512	52.144224	6.518028000000001	0.02731727951235685	52.144224	3.2590140000000005	0.1397293341490713	
17A	4	a	56.29206	60.439896	59.847348	4.147835999999998	0.03176569439743715	58.069704	2.073917999999999	0.10120853231942539	
17A	4	a	61.032444	63.402636	61.624992	2.370192000000003	0.03378116698472722	62.21754	1.1850960000000015	0.04529152153941385	
17A	4	a	63.995184	77.03124	63.995184	13.036055999999995	0.03943029913253304	70.513212	6.5180279999999975	0.37650918592924143	
17A	4	a	79.401432	81.771624	79.99398	2.370192000000003	0.028337993114028626	80.586528	1.1850960000000015	0.04133500431414716	
17A	4	a	85.326912	91.84494	86.512008	6.518028000000001	0.024087331611478913	88.289652	3.2590140000000005	0.1702980826728674	
17A	4	a	92.437488	106.65864	93.622584	14.221152000000004	0.02990044536750447	99.548064	7.110576000000002	0.41812570119654613	
17A	4	a	107.251188	117.917052	112.58412	10.665864	0.04040917299561997	112.58412	5.332932	0.3149599911979195	
17A	4	a	118.5096	123.842532	120.287244	5.332932	0.044202412873703745	120.879792	2.666466	0.14962499571052035	
17A	4	a	124.43508	134.508396	125.620176	10.073316000000005	0.04222531232233129	129.175464	5.036658000000003	0.3330806373767904	
17A	4	a	135.100944	141.618972	136.28604	6.518028000000015	0.026233678556858875	138.063684	3.2590140000000076	0.15873578980659253	
17A	4	a	142.21152	143.989164	142.21152	1.777643999999981	0.017478321566911204	142.804068	0.8888219999999905	0.01660046624836753	
17A	4	a	144.581712	148.137	146.951904	3.5552879999999902	0.024793427166211135	146.359356	1.7776439999999951	0.08038939953360114	
17A	4	a	148.729548	152.284836	151.09974	3.5552880000000187	0.029173054713858892	150.507192	1.7776440000000093	0.08176075397501248	
17A	4	a	152.877384	165.320892	154.06248	12.44350799999998	0.04684212233656537	158.802864	6.22175399999999	0.42905924142671603	
17A	4	a	165.91344	175.394208	174.80166	9.480767999999983	0.035781436180016835	170.653824	4.740383999999992	0.2958874333221838	
17A	4	a	175.986756	184.874976	178.356948	8.88821999999999	0.028390692586011346	180.134592	4.444109999999995	0.20801086111845646	
17A	4	a	189.022812	196.725936	194.948292	7.7031240000000025	0.03994365424906987	192.5781	3.8515620000000013	0.1559342538202677	
17A	4	a	197.318484	200.281224	199.688676	2.9627399999999966	0.03974802529818433	198.50358	1.4813699999999983	0.06252948940399006	
17A	4	a	202.058868	204.42906	202.058868	2.370192000000003	0.01810031664103251	203.243964	1.1850960000000015	0.022823528474936294	
17A	4	a	206.799252	209.169444	206.799252	2.370192000000003	0.02358153537355312	207.984348	1.1850960000000015	0.06397870310433329	
17A	4	a	209.761992	214.502376	212.724732	4.740384000000006	0.028325923443913936	212.132184	2.370192000000003	0.12342434054033413	
17A	4	a	215.094924	220.427856	216.28002	5.332932	0.043077829617986785	217.465116	2.666466	0.18538051359945562	
17A	4	a	221.020404	224.575692	222.2055	3.5552879999999902	0.02929842097457991	222.798048	1.7776439999999951	0.08299600347450686	
17A	4	a	225.16824	228.13098	226.353336	2.9627399999999966	0.03673919722773644	226.353336	1.4813699999999983	0.09223852072726368	
17A	4	a	228.723528	230.501172	229.908624	1.7776440000000093	0.027138299928940013	229.316076	0.8888220000000047	0.024359975998702765	
17A	4	a	231.09372	238.796844	235.241556	7.7031240000000025	0.042189568987203385	234.649008	3.8515620000000013	0.2516787878094414	
17A	4	a	239.389392	242.352132	239.389392	2.962740000000025	0.016616928819386922	240.574488	1.4813700000000125	0.05294789881200268	
17A	4	a	242.94468	245.314872	244.722324	2.370192000000003	0.027441218979945337	244.129776	1.1850960000000015	0.04361538241372542	
17A	4	a	245.90742	254.203092	246.499968	8.295671999999996	0.031403382152725756	250.055256	4.147835999999998	0.21225859941825387	
17A	4	a	254.79564	257.165832	255.980736	2.3701920000000314	0.014576637635533851	255.980736	1.1850960000000157	0.031188528057031983	
17A	4	a	257.75838	259.536024	258.350928	1.7776440000000093	0.01647296614267435	258.350928	0.8888220000000047	0.023814651240882334	
17A	4	a	260.128572	266.6466	265.461504	6.518027999999958	0.0358068611816007	263.091312	3.259013999999979	0.11936431835613337	
17A	4	a	269.016792	271.979532	269.60934	2.9627399999999966	0.03735578589476529	270.201888	1.4813699999999983	0.079515266191856	
17A	4	a	273.757176	278.49756	276.127368	4.740384000000006	0.026548118671194443	276.127368	2.370192000000003	0.11558175615864608	
17A	4	a	279.090108	282.645396	280.275204	3.5552880000000187	0.028699950116832573	280.867752	1.7776440000000093	0.09580487310497066	
17A	4	a	285.015588	289.163424	287.978328	4.147836000000041	0.02858978977045057	286.793232	2.0739180000000204	0.1134483300461997	
17A	4	a	289.755972	302.19948	298.644192	12.443508000000008	0.049747177021457256	295.681452	6.221754000000004	0.5312387471208453	
17A	4	a	302.792028	305.16222	302.792028	2.3701919999999745	0.024149159088536543	303.977124	1.1850959999999873	0.04100322419922253	
17A	4	a	306.939864	330.641784	324.716304	23.701919999999973	0.04379681776073974	318.790824	11.850959999999986	0.9283793489992728	
17A	4	a	331.234332	335.974716	331.82688	4.740384000000006	0.04119463608654894	333.604524	2.370192000000003	0.2146465481401485	
17A	4	a	337.75236	343.67784	341.307648	5.925479999999993	0.03741315742900997	340.7151	2.9627399999999966	0.1641733807450686	
17A	4	a	345.455484	358.49154	347.825676	13.036055999999974	0.033695268971990266	351.973512	6.518027999999987	0.35341419183640066	
17A	4	a	359.084088	360.269184	359.084088	1.1850959999999873	0.032910633848632465	359.676636	0.5925479999999936	0.029744489858565037	
18A	4	a	0.0	2.370192	0.592548	2.370192	0.020380720558848653	1.185096	1.185096	0.04116583811219965	
18A	4	a	4.147836	10.665864	8.295672	6.518027999999999	0.023209773377133036	7.110576	3.2590139999999996	0.1305131729638762	
18A	4	a	11.258412	22.516824	12.443508	11.258412	0.039231566815180585	16.591344	5.629206	0.30402698442532605	
18A	4	a	24.294468	26.66466	24.294468	2.370192000000003	0.028844974717983085	25.479564	1.1850960000000015	0.032916610599416085	
18A	4	a	28.442304	36.145428	32.59014	7.7031240000000025	0.026394424886275747	31.997592	3.8515620000000013	0.15359876965042052	
18A	4	a	36.737976	46.811292	38.51562	10.073315999999998	0.026218343394846855	41.47836	5.036657999999999	0.18824992199595014	
18A	4	a	47.40384	49.774032	49.181484	2.370191999999996	0.025733982461966676	48.588936	1.185095999999998	0.04343205132714367	
18A	4	a	50.36658	57.477156	54.514416	7.110576000000002	0.03075946240605809	53.921868	3.555288000000001	0.18010943161975024	
18A	4	a	58.069704	60.439896	59.2548	2.370191999999996	0.04004727255946783	59.2548	1.185095999999998	0.07105301857168522	
18A	4	a	61.032444	64.587732	62.810088	3.5552880000000044	0.027778530013327307	62.810088	1.7776440000000022	0.08720968647307015	
18A	4	a	65.18028	78.216336	69.328116	13.036056000000002	0.03317053712268048	71.698308	6.518028000000001	0.37701367749848325	
18A	4	a	78.808884	84.734364	83.549268	5.925479999999993	0.03556518340940551	81.771624	2.9627399999999966	0.18991434361427628	
18A	4	a	85.326912	88.289652	85.326912	2.962740000000011	0.022423284830081824	86.512008	1.4813700000000054	0.044330068095759234	
18A	4	a	88.8822	101.918256	98.955516	13.036056000000002	0.036404549375104844	95.400228	6.518028000000001	0.30127131857128875	
18A	4	a	102.510804	104.880996	103.103352	2.370192000000003	0.02384194962242958	103.6959	1.1850960000000015	0.03446950426567019	
18A	4	a	106.65864	123.249984	115.54686	16.591343999999992	0.043390950189447386	114.954312	8.295671999999996	0.5878282970589862	
18A	2	b	123.842532	125.620176	125.027628	1.7776439999999951	-0.0051711668201837035	124.43508	0.8888219999999976	-0.0032427253548877877	
18A	4	a	132.138204	138.656232	132.138204	6.518027999999987	0.03364124797551549	135.100944	3.2590139999999934	0.1581116056172095	
18A	4	a	139.24878	142.804068	139.24878	3.5552879999999902	0.03084221074523108	141.026424	1.7776439999999951	0.09299189194635804	
18A	4	a	144.581712	160.580508	154.06248	15.998795999999999	0.037015404852504874	152.284836	7.999397999999999	0.43560734571095894	
18A	4	a	162.358152	164.728344	163.543248	2.370192000000003	0.016839115051323406	163.543248	1.1850960000000015	0.03361759262748676	
18A	4	a	165.320892	168.87618	168.283632	3.5552880000000187	0.021086713949382885	167.098536	1.7776440000000093	0.04778983385410629	
18A	4	a	169.468728	172.431468	170.061276	2.9627399999999966	0.03529738107954583	170.653824	1.4813699999999983	0.07119990581492075	
18A	4	a	173.024016	181.912236	174.80166	8.888220000000018	0.03752240469087642	177.171852	4.444110000000009	0.2741602084427014	
18A	4	a	182.504784	184.282428	182.504784	1.7776440000000093	0.02291595892237397	183.097332	0.8888220000000047	0.0332261940803511	
18A	4	a	184.874976	188.430264	187.245168	3.5552879999999902	0.027996875035178448	186.65262	1.7776439999999951	0.10114349924705057	
18A	4	a	189.022812	193.170648	190.800456	4.147836000000012	0.03128011722778146	190.800456	2.073918000000006	0.1222747879687629	
18A	4	a	193.763196	195.54084	194.355744	1.7776440000000093	0.011644399934746641	194.355744	0.8888220000000047	0.015416200711955375	
18A	4	a	203.836512	209.761992	207.3918	5.925479999999993	0.0336838058969855	206.799252	2.9627399999999966	0.18404446038265643	
18A	4	a	210.35454	219.835308	214.502376	9.480768000000012	0.04381054501410442	215.094924	4.740384000000006	0.41673873107571036	
18A	4	a	221.612952	223.983144	222.798048	2.370192000000003	0.01598465015086048	222.798048	1.1850960000000015	0.03006695516723812	
18A	4	a	224.575692	229.316076	227.538432	4.740384000000006	0.029999741567637406	226.945884	2.370192000000003	0.12707758037939232	
18A	4	a	229.908624	232.278816	231.09372	2.370192000000003	0.02925454900058133	231.09372	1.1850960000000015	0.06328794122774328	
18A	4	a	232.871364	237.0192	235.834104	4.147836000000012	0.029233687992586077	234.649008	2.073918000000006	0.0896650664307087	
18A	4	a	237.611748	242.352132	239.389392	4.740384000000006	0.020127801048167582	239.98194	2.370192000000003	0.07194513218218801	
18A	4	a	242.94468	244.722324	243.537228	1.777643999999981	0.0290965154618128	243.537228	0.8888219999999905	0.03861000670800119	
18A	4	a	245.314872	257.165832	247.685064	11.850960000000015	0.040197823783741926	251.240352	5.925480000000007	0.29934599200637557	
18A	4	a	259.536024	280.275204	279.682656	20.739179999999976	0.037121734204555557	269.60934	10.369589999999988	0.6824575026811913	
18A	4	a	282.645396	288.570876	287.38578	5.925479999999993	0.028500743881870738	285.608136	2.9627399999999966	0.15499112487685562	
18A	4	a	290.34852	292.126164	290.941068	1.7776440000000093	0.03091476596293008	290.941068	0.8888220000000047	0.046076255954516365	
18A	4	a	292.718712	297.459096	296.866548	4.740384000000006	0.03780621020169006	295.088904	2.370192000000003	0.14279591737518016	
18A	4	a	298.051644	300.421836	298.644192	2.3701919999999745	0.032902519295428645	299.23674	1.1850959999999873	0.0598431663743485	
18A	4	a	301.014384	305.16222	301.606932	4.147835999999984	0.030992734427736313	302.792028	2.073917999999992	0.09437704767930277	
18A	4	a	305.754768	308.717508	305.754768	2.9627399999999966	0.02457595243837285	306.939864	1.4813699999999983	0.033627008119700874	
18A	4	a	312.272796	317.01318	316.420632	4.740383999999949	0.027493627400882126	314.642988	2.3701919999999745	0.09622859519672544	
18A	4	a	317.605728	334.197072	322.93866	16.591343999999992	0.04222711011829028	325.9014	8.295671999999996	0.760687061695089	
18A	4	a	334.78962	360.269184	356.713896	25.479563999999982	0.0909951316541886	347.233128	12.739781999999991	2.511304825547543	
19A	2	b	0.0	1.777644	0.592548	1.777644	-0.01711271855817409	0.592548	0.888822	-0.026653966727219536	
19A	2	b	2.370192	5.332932	2.370192	2.9627399999999997	-0.01640584271319323	3.555288	1.4813699999999999	-0.02515340949978162	
19A	2	b	8.295672	10.665864	8.88822	2.3701919999999994	-0.012859345056868587	9.480768	1.1850959999999997	-0.015694740467814494	
19A	4	a	12.443508	16.591344	14.221152	4.147836	0.018551862976812217	14.221152	2.073918	0.0616080785101526	
19A	4	a	20.146632	30.219948	23.70192	10.073315999999998	0.018747268645372683	24.887016	5.036657999999999	0.14306073445526846	
19A	4	a	30.812496	32.59014	30.812496	1.7776439999999987	0.015971880128589522	31.405044	0.8888219999999993	0.016333627779627657	
19A	4	a	36.145428	42.070908	40.885812	5.92548	0.02097927590883253	39.108168	2.96274	0.08858784344964843	
19A	4	a	42.663456	44.4411	43.848552	1.7776440000000022	0.015961622473180892	43.256004	0.8888220000000011	0.018401679269794524	
19A	4	a	45.033648	47.40384	45.626196	2.370192000000003	0.021560676920863164	46.218744	1.1850960000000015	0.039058633796381526	
19A	4	a	47.996388	59.2548	56.29206	11.258412	0.03058153593287183	53.32932	5.629206	0.26513085920816915	
19A	4	a	59.847348	76.438692	71.10576	16.591344000000007	0.03200904834741203	68.14302	8.295672000000003	0.4780016797076735	
19A	4	a	77.03124	79.99398	77.623788	2.9627399999999966	0.021085899061831226	78.216336	1.4813699999999983	0.04930570583217342	
19A	4	a	80.586528	86.512008	85.91946	5.925479999999993	0.025749910034552626	83.549268	2.9627399999999966	0.14170575654607642	
19A	4	a	88.289652	102.510804	98.362968	14.22115199999999	0.029741198700128813	95.400228	7.110575999999995	0.27832297785276794	
19A	4	a	103.103352	106.066092	103.103352	2.9627399999999966	0.021314767168615356	104.288448	1.4813699999999983	0.05863585815648531	
19A	4	a	106.65864	120.879792	112.58412	14.22115199999999	0.02953839153093929	113.769216	7.110575999999995	0.4008811432369759	
19A	4	a	121.47234	127.990368	123.249984	6.518028000000001	0.02411322151603934	124.43508	3.2590140000000005	0.09352954078034836	
19A	4	a	128.582916	130.36056	129.175464	1.777643999999981	0.019474259441592645	129.175464	0.8888219999999905	0.0272968782450439	
19A	4	a	132.138204	135.100944	132.138204	2.9627399999999966	0.019171322517913758	133.3233	1.4813699999999983	0.0370634360565506	
19A	4	a	135.693492	138.063684	135.693492	2.370192000000003	0.031627222896496	136.878588	1.1850960000000015	0.027125673715360565	
19A	4	a	138.656232	168.87618	156.432672	30.219948000000016	0.03456266902874594	153.469932	15.109974000000008	0.8901193943596938	
19A	4	a	169.468728	175.394208	173.616564	5.925479999999993	0.03640045452644314	172.431468	2.9627399999999966	0.14115374009303516	
19A	4	a	175.986756	179.542044	178.356948	3.5552879999999902	0.022385843236266245	177.7644	1.7776439999999951	0.057448033190542036	
19A	4	a	180.134592	182.504784	180.134592	2.370192000000003	0.02640931658657908	181.319688	1.1850960000000015	0.0311054223649867	
19A	4	a	183.097332	193.170648	190.207908	10.073316000000005	0.024871711489542703	187.837716	5.036658000000003	0.19746571499480103	
19A	4	a	193.763196	197.318484	196.725936	3.5552880000000187	0.020160520836531415	195.54084	1.7776440000000093	0.04534195241628336	
19A	4	a	202.651416	205.614156	204.42906	2.9627399999999966	0.020958108575369838	203.836512	1.4813699999999983	0.04372630539005773	
19A	4	a	206.206704	212.132184	210.947088	5.925479999999993	0.020064146310956543	209.169444	2.9627399999999966	0.09218967136881384	
19A	4	a	212.724732	218.057664	217.465116	5.332932	0.020187724200537716	215.094924	2.666466	0.10260904947602323	
19A	4	a	218.650212	222.2055	220.427856	3.5552879999999902	0.02250339300858628	220.427856	1.7776439999999951	0.0475966939030551	
19A	4	a	222.798048	224.575692	223.983144	1.7776440000000093	0.02035675845196039	223.390596	0.8888220000000047	0.02951637100178539	
19A	4	a	226.353336	242.352132	236.426652	15.998795999999999	0.02619300073964781	234.05646	7.999397999999999	0.34256409467933113	
19A	4	a	245.90742	247.685064	247.092516	1.7776440000000093	0.022372496540348674	246.499968	0.8888220000000047	0.03098406240836382	
19A	4	a	248.277612	260.128572	257.165832	11.850960000000015	0.03341939641350322	254.203092	5.925480000000007	0.2770270521262389	
19A	4	a	263.091312	266.054052	263.68386	2.9627399999999966	0.02117946525306147	264.276408	1.4813699999999983	0.04920752858510591	
19A	4	a	266.6466	280.867752	272.57208	14.221152000000018	0.03787855232391024	273.757176	7.110576000000009	0.5202306028586877	
19A	4	a	283.237944	287.978328	286.200684	4.740383999999949	0.028978865503986873	285.608136	2.3701919999999745	0.10773590461437355	
19A	4	a	288.570876	290.34852	289.755972	1.7776440000000093	0.01880643447603214	289.163424	0.8888220000000047	0.01995497337105423	
19A	4	a	290.941068	294.496356	290.941068	3.5552880000000187	0.01487696454100318	292.718712	1.7776440000000093	0.024788131489007936	
19A	4	a	301.606932	308.717508	306.347316	7.110576000000037	0.03354265317213034	305.16222	3.5552880000000187	0.17499334193946137	
19A	4	a	309.310056	318.198276	317.01318	8.888220000000047	0.025243949202174543	313.457892	4.444110000000023	0.18692151344003372	
19A	4	a	318.790824	327.086496	325.9014	8.295672000000025	0.019453592163164224	322.93866	4.147836000000012	0.16711043234231548	
19A	4	a	330.049236	332.419428	331.234332	2.3701919999999745	0.018517787152293463	331.234332	1.1850959999999873	0.0423830685881601	
19A	4	a	333.011976	334.78962	333.604524	1.7776440000000093	0.013870871460184508	333.604524	0.8888220000000047	0.022371649682446426	
19A	4	a	340.7151	344.270388	340.7151	3.5552880000000187	0.025464246709595573	342.492744	1.7776440000000093	0.06820359476933446	
19A	4	a	344.862936	360.269184	349.60332	15.406248000000005	0.034211780504349365	352.56606	7.7031240000000025	0.41121537521439633	
