										AB_Unfed#8_Anterograde_evts_formatted.txt
ROI	Quadrant	Direction	Start time (s)	End time (s)	Peak time (s)	Duration (s)	Amplitude	Midpoint (s)	Half Duration(s)	AUC
8A	4	a	0.0	9.555168	0.0	9.555168	1.1386224226108457	4.777584	4.777584	6.9090538618967265	
8A	4	a	10.23768	31.395552	27.30048	21.157871999999998	0.5858804780208491	20.47536	10.578935999999999	8.53107477018155	
8A	4	a	32.078064	35.490624	33.443088	3.412559999999999	0.1814679429702597	33.443088	1.7062799999999996	0.3511127957465092	
8A	4	a	36.173136	42.998256	38.903184	6.825119999999998	0.15158080591317358	39.585696	3.412559999999999	0.8027278194826009	
8A	4	a	43.680768	46.410816	45.045792	2.7300479999999965	0.16603766907140027	45.045792	1.3650239999999982	0.3853437648532978	
8A	4	a	48.458352	83.266464	74.393808	34.808112	1.3700103438011073	65.521152	17.404056	36.29531224420311	
8A	4	a	83.948976	113.296992	108.519408	29.348016	0.781968073599133	98.281728	14.674008	19.09444301750382	
8A	4	a	113.979504	130.359792	121.487136	16.380287999999993	2.131893077540468	122.169648	8.190143999999997	25.017811692507706	
8A	4	a	132.407328	152.882688	139.232448	20.475359999999995	0.7780998210037406	142.645008	10.237679999999997	16.092541696998577	
8A	4	a	153.5652	167.897952	161.755344	14.332752	0.7043635564972144	160.39032	7.166376	6.375656806793543	
8A	4	a	168.580464	185.643264	180.86568	17.06279999999998	1.2325204190045298	176.770608	8.53139999999999	16.5686829339057	
8A	4	a	186.325776	188.373312	187.6908	2.047536000000008	0.1190956962713976	187.008288	1.023768000000004	0.12044977086921582	
8A	4	a	189.055824	237.514176	227.276496	48.45835199999999	1.449782637263442	212.943744	24.229175999999995	47.52630612940815	
8A	4	a	239.561712	282.559968	274.369824	42.998256000000026	1.1039941695789626	260.719584	21.499128000000013	36.25020357074446	
8A	4	a	285.290016	319.415616	300.30528	34.12560000000002	0.4105790016782276	302.352816	17.06280000000001	9.367946018895903	
8A	4	a	320.098128	330.335808	323.510688	10.237680000000012	0.3402522805072046	324.875712	5.118840000000006	2.321696933009975	
8A	4	a	331.01832	345.351072	339.890976	14.33275199999997	0.2009087663597331	337.84344	7.166375999999985	2.4127961753552247	
8A	4	a	346.033584	377.429136	372.651552	31.39555200000001	0.5281541552487097	361.73136	15.697776000000005	11.256018784855886	
8A	4	a	378.111648	397.221984	382.889232	19.110336000000018	0.11429125632372106	387.666816	9.555168000000009	1.4487855376956666	
8A	4	a	397.904496	406.777152	402.68208	8.872656000000006	0.11145848311717188	401.999568	4.436328000000003	0.7399893236616983	
8A	4	a	407.459664	414.284784	410.872224	6.825120000000027	0.11163464198154127	410.872224	3.4125600000000134	0.6026691489871405	
8A	4	a	414.967296	434.760144	430.665072	19.79284800000005	0.3070394927650488	424.522464	9.896424000000025	4.302243795971467	
8A	4	a	435.442656	455.235504	438.855216	19.792847999999992	0.16268014966137123	444.997824	9.896423999999996	2.3231989295382345	
8A	4	a	455.918016	471.615792	464.10816	15.697775999999976	0.14694825657126742	463.425648	7.848887999999988	2.297676400988118	
8A	4	a	472.298304	480.488448	476.393376	8.190144000000032	0.16458781645605391	476.393376	4.095072000000016	1.3021642745640416	
8A	4	a	481.17096	492.773664	485.948544	11.602704000000017	0.24055369575355945	486.631056	5.8013520000000085	1.9126492943082105	
8A	4	a	493.456176	508.47144	500.281296	15.015263999999945	0.16424695085402963	500.963808	7.5076319999999725	1.9715463489501461	
8A	4	a	509.153952	545.327088	531.676848	36.173136	0.3536322993075869	526.899264	18.086568	10.125185393226785	
8A	4	a	546.0096	548.057136	547.374624	2.0475360000000364	0.03939829441988962	546.692112	1.0237680000000182	0.06416605863004166	
8A	4	a	550.104672	558.294816	556.24728	8.190143999999918	0.120941631759377	554.199744	4.095071999999959	0.853953258047204	
8A	4	a	560.342352	563.0724	561.707376	2.7300480000000107	0.06862327377829835	561.707376	1.3650240000000053	0.15958869789314845	
8A	4	a	563.754912	579.452688	565.802448	15.697775999999976	0.11839957533932077	571.262544	7.848887999999988	1.3037536224209711	
8A	4	a	580.1352	597.198	586.96032	17.062799999999925	0.15688991336777391	588.325344	8.531399999999962	2.2486784584716553	
8A	4	a	597.880512	599.928048	597.880512	2.0475360000000364	0.042617615355230676	598.563024	1.0237680000000182	0.06375722838150755	
9A	4	a	2.730048	8.190144	5.460096	5.460096	0.24211524325433587	5.460096	2.730048	1.080287861484333	
9A	2	b	12.285216	14.332752	12.285216	2.047535999999999	-0.03786589511823024	12.967728	1.0237679999999996	-0.03142266586264508	
9A	4	a	15.015264	41.633232	25.935456	26.617967999999998	1.0473455743552798	27.982992	13.308983999999999	21.962928096660693	
9A	2	b	42.315744	47.77584	45.728304	5.460096	-0.16449347049964302	45.045792	2.730048	-0.6007306746178767	
9A	4	a	49.823376	85.314	78.48888	35.49062399999999	1.4167304180643168	67.568688	17.745311999999995	37.25655164001484	
9A	4	a	87.361536	92.821632	90.774096	5.460095999999993	0.20401047194304311	90.091584	2.7300479999999965	0.8166113885427864	
9A	2	b	94.869168	99.646752	97.599216	4.7775840000000045	-0.3059826333459359	96.916704	2.3887920000000022	-1.1438069335325487	
9A	4	a	100.329264	112.61448	101.694288	12.285216000000005	0.6698682772311617	106.471872	6.142608000000003	6.511045201552449	
9A	4	a	113.296992	132.407328	122.169648	19.110336000000004	2.272584076022248	122.85216	9.555168000000002	36.36639746429777	
9A	4	a	133.08984	171.310512	148.105104	38.22067199999998	1.095818435703194	152.200176	19.11033599999999	36.95353543180198	
9A	4	a	171.993024	191.785872	181.548192	19.79284800000002	1.611240405724331	181.548192	9.89642400000001	21.012032064367293	
9A	4	a	192.468384	203.388576	199.976016	10.920192000000014	0.7750212248115158	197.92848	5.460096000000007	6.19721545721751	
9A	4	a	204.071088	212.943744	208.16616	8.872656000000006	0.5915727115264566	208.16616	4.436328000000003	4.259092518192526	
9A	4	a	213.626256	237.514176	228.64152	23.88791999999998	2.028470319703475	225.22896	11.94395999999999	33.082897726526056	
9A	4	a	238.196688	240.926736	240.244224	2.7300480000000107	0.11158791736507201	239.561712	1.3650240000000053	0.12895441037170352	
9A	4	a	242.974272	268.227216	254.576976	25.252943999999985	0.9829584601167936	255.259488	12.626471999999993	18.553672933179705	
9A	4	a	268.909728	281.877456	277.099872	12.967728000000022	0.8298830944721356	275.052336	6.483864000000011	9.663281713528695	
9A	2	b	282.559968	289.385088	285.290016	6.82511999999997	-0.18570545273566452	285.972528	3.412559999999985	-1.0383950884436688	
9A	4	a	290.0676	308.495424	299.622768	18.427823999999987	0.6638345186360475	298.940256	9.213911999999993	7.979301330922347	
9A	4	a	309.177936	317.36808	311.907984	8.190144000000032	0.47577881160087365	313.273008	4.095072000000016	2.780995602837873	
9A	4	a	318.050592	330.335808	322.828176	12.285215999999991	0.8748349875670876	324.1932	6.142607999999996	7.470269934261946	
9A	4	a	332.383344	337.160928	334.43088	4.77758399999999	0.19780874556283212	334.43088	2.388791999999995	0.7456763410360381	
9A	2	b	337.84344	340.573488	337.84344	2.7300480000000107	-0.10364799720721152	339.208464	1.3650240000000053	-0.12335337337579544	
9A	2	b	346.033584	348.08112	346.033584	2.0475359999999796	-0.029938029004809685	346.716096	1.0237679999999898	-0.03695635836920674	
9A	4	a	348.763632	365.826432	354.90624	17.06280000000004	0.4236376450932742	356.953776	8.53140000000002	5.897717888972605	
9A	4	a	366.508944	377.429136	371.286528	10.920192000000043	0.5484615788084257	371.96904	5.460096000000021	5.108804959698567	
9A	4	a	378.111648	380.159184	378.79416	2.0475359999999796	0.03467173523809031	378.79416	1.0237679999999898	0.053262830734673194	
9A	4	a	382.20672	439.537728	427.935024	57.331008	1.1179257404735043	410.872224	28.665504	48.0751334718051	
9A	4	a	441.585264	483.218496	475.028352	41.63323200000002	0.7011280091554148	462.060624	20.81661600000001	26.92645701492969	
9A	2	b	486.631056	494.8212	492.773664	8.190143999999975	-0.07520084341949751	490.726128	4.095071999999988	-0.3904829434035144	
9A	4	a	495.503712	507.788928	501.64632	12.285215999999991	0.2169212777775238	501.64632	6.142607999999996	2.3112716753100595	
9A	4	a	508.47144	532.35936	523.486704	23.887920000000065	0.5866783694350275	520.074144	11.943960000000033	10.348393000064863	
9A	2	b	533.041872	535.77192	535.089408	2.7300480000000107	-0.051503897320885894	534.406896	1.3650240000000053	-0.06587170990336166	
9A	4	a	536.454432	538.501968	537.136944	2.0475360000000364	0.047498952219885204	537.136944	1.0237680000000182	0.07869878932322494	
9A	4	a	542.59704	558.977328	550.787184	16.380288000000064	0.17740361893395296	550.787184	8.190144000000032	2.759564517634501	
9A	4	a	561.024864	569.89752	564.437424	8.872656000000006	0.1436645634805771	565.119936	4.436328000000003	0.9423996468663738	
9A	4	a	570.580032	599.928048	599.928048	29.34801600000003	1.6763057335513447	584.912784	14.674008000000015	29.293353643422687	
10A	4	a	1.365024	9.555168	4.777584	8.190144	0.26993317836481445	5.460096	4.095072	1.9136789820423719	
10A	4	a	11.602704	13.65024	12.967728	2.047536000000001	0.028013185085754344	12.285216	1.0237680000000005	0.029248915194184377	
10A	4	a	16.380288	41.633232	27.30048	25.252944	0.8052075313976736	28.665504	12.626472	13.897861734834414	
10A	4	a	43.680768	45.728304	44.36328	2.047536000000001	0.0732739790758874	44.36328	1.0237680000000005	0.11224056993441689	
10A	4	a	46.410816	66.203664	59.378544	19.792848000000006	0.6025239886631812	55.965984	9.896424000000003	11.501818024038634	
10A	4	a	66.886176	87.361536	78.48888	20.475359999999995	1.2814287703447054	77.123856	10.237679999999997	18.071949825680925	
10A	4	a	88.044048	96.234192	92.821632	8.19014399999999	0.3220370886598385	92.13912	4.095071999999995	2.737336766892703	
10A	4	a	96.916704	112.61448	107.154384	15.697776000000005	0.7008483639069141	104.424336	7.848888000000002	8.453491917633581	
10A	4	a	114.662016	132.407328	122.169648	17.745312000000013	1.467113980728307	123.534672	8.872656000000006	20.81918733033168	
10A	4	a	133.08984	167.897952	153.5652	34.808111999999994	0.763951697658193	150.15264	17.404055999999997	25.124653392400983	
10A	4	a	168.580464	195.198432	181.548192	26.61796799999999	0.719709689244354	181.548192	13.308983999999995	11.14011794956956	
10A	4	a	197.245968	208.848672	199.976016	11.602703999999989	0.27637272587651474	202.706064	5.801351999999994	2.2487805238544754	
10A	4	a	209.531184	222.498912	212.261232	12.967727999999994	0.5105479234545403	215.673792	6.483863999999997	4.628625721945261	
10A	4	a	223.181424	239.561712	229.324032	16.380288000000007	0.8172610973167949	231.371568	8.190144000000004	8.465625224151761	
10A	4	a	240.244224	265.497168	251.846928	25.252943999999985	0.8026398919490685	252.52944	12.626471999999993	14.854817746226658	
10A	4	a	266.17968	285.290016	277.099872	19.11033599999996	0.7499424804745924	275.734848	9.55516799999998	11.328764450222618	
10A	4	a	285.972528	308.495424	299.622768	22.522896000000003	0.8113018771727578	296.89272	11.261448000000001	15.101263485206237	
10A	4	a	309.177936	333.065856	323.510688	23.88792000000001	0.763633663987342	320.78064	11.943960000000004	11.606192581080435	
10A	4	a	333.748368	383.571744	371.286528	49.823375999999996	2.0239958999700836	358.3188	24.911687999999998	86.90928165236598	
10A	2	b	384.254256	390.396864	385.61928	6.142607999999996	-0.22533493663894522	386.984304	3.071303999999998	-1.0658171667211653	
10A	4	a	391.079376	412.91976	405.412128	21.840383999999972	0.7045468691585732	401.999568	10.920191999999986	12.630579879887144	
10A	4	a	413.602272	438.855216	419.062368	25.252943999999957	0.6662351499370622	425.887488	12.626471999999978	14.697675924019752	
10A	2	b	439.537728	441.585264	440.902752	2.0475359999999796	-0.05592312062289029	440.22024	1.0237679999999898	-0.07566344250192358	
10A	4	a	442.267776	480.488448	475.028352	38.22067199999998	0.47727113904601826	461.378112	19.11033599999999	11.534140376624702	
10A	4	a	481.17096	492.091152	485.948544	10.920192000000043	0.24236674948198456	486.631056	5.460096000000021	1.6822055105273632	
10A	2	b	492.773664	494.8212	492.773664	2.0475359999999796	-0.05737731402463364	493.456176	1.0237679999999898	-0.08701510936923773	
10A	4	a	495.503712	503.693856	499.598784	8.190143999999975	0.24049781281947702	499.598784	4.095071999999988	1.7921594031954582	
10A	4	a	504.376368	533.041872	523.486704	28.665504	0.6541590470700536	518.70912	14.332752	14.787056004650562	
10A	4	a	533.724384	535.77192	534.406896	2.0475360000000364	0.06853215779476685	534.406896	1.0237680000000182	0.10630286148411328	
10A	2	b	536.454432	541.232016	537.136944	4.777584000000047	-0.11312086714507785	538.501968	2.3887920000000236	-0.45965890080891514	
10A	4	a	541.914528	586.277808	571.262544	44.36328000000003	0.6042230344933213	563.754912	22.181640000000016	20.77532678343561	
10A	4	a	586.96032	599.928048	597.880512	12.967727999999966	0.2918609921538735	593.102928	6.483863999999983	3.8320311020819005	
11A	4	a	2.047536	10.23768	4.777584	8.190144	0.24037364903664482	6.142608	4.095072	1.5560182781727132	
11A	4	a	12.285216	38.220672	27.982992	25.935456000000002	0.47837132089216716	25.252944	12.967728000000001	8.62428528438894	
11A	4	a	38.903184	41.633232	40.268208	2.7300479999999965	0.14191393213275916	40.268208	1.3650239999999982	0.29118625358527694	
11A	2	b	42.315744	47.77584	46.410816	5.460096	-0.15418680372508575	45.045792	2.730048	-0.687126296655304	
11A	4	a	48.458352	70.298736	59.378544	21.840384000000007	0.6379282157971673	59.378544	10.920192000000004	10.944146225462166	
11A	4	a	70.981248	86.679024	78.48888	15.697776000000005	0.845276672050721	78.48888	7.848888000000002	9.216919831772914	
11A	4	a	87.361536	133.772352	124.217184	46.41081600000001	1.2170253251576746	110.566944	23.205408000000006	32.23483522780624	
11A	4	a	134.454864	160.39032	147.422592	25.935456000000016	0.4365231909644205	147.422592	12.967728000000008	8.912497762066682	
11A	4	a	161.072832	167.897952	163.120368	6.825119999999998	0.26956220408888854	164.485392	3.412559999999999	1.7464591003773347	
11A	4	a	168.580464	178.135632	174.723072	9.55516799999998	0.5118274384467245	173.358048	4.77758399999999	4.088470179561892	
11A	4	a	178.818144	189.738336	183.595728	10.920192000000014	0.4085376822060063	184.27824	5.460096000000007	3.711892593772048	
11A	4	a	190.420848	194.51592	193.833408	4.095071999999988	0.17052039729061264	192.468384	2.047535999999994	0.25501644863530437	
11A	4	a	197.92848	206.118624	199.976016	8.190144000000004	0.2097185488878779	202.023552	4.095072000000002	1.082824013228982	
11A	4	a	208.16616	223.863936	212.261232	15.697776000000005	0.5192946610258726	215.673792	7.848888000000002	4.933077453344293	
11A	4	a	224.546448	241.609248	229.324032	17.06280000000001	0.4543311732572146	232.736592	8.531400000000005	6.143653501893017	
11A	4	a	242.29176	260.037072	253.211952	17.745312000000013	0.4240239742811145	251.164416	8.872656000000006	6.3912334000600355	
11A	4	a	260.719584	265.497168	261.402096	4.77758399999999	0.07283448018609029	262.76712	2.388791999999995	0.23100893519348986	
11A	2	b	268.909728	272.322288	268.909728	3.412560000000042	-0.04456294265417604	270.274752	1.706280000000021	-0.08112137709911682	
11A	4	a	273.0048	308.495424	292.115136	35.490624000000025	0.7559841852425091	290.750112	17.745312000000013	21.519771784457262	
11A	4	a	309.177936	318.733104	316.685568	9.555168000000037	0.12811754862200253	313.95552	4.777584000000019	0.850933944880544	
11A	4	a	319.415616	322.145664	320.78064	2.7300480000000107	0.1011115704503407	320.78064	1.3650240000000053	0.1836666385550556	
11A	4	a	324.1932	347.398608	343.303536	23.205408000000034	0.4087446768322618	335.795904	11.602704000000017	5.92558668532679	
11A	4	a	348.08112	364.461408	352.176192	16.380288000000007	0.5529672640554217	356.271264	8.190144000000004	7.16022906895501	
11A	4	a	365.14392	384.936768	378.79416	19.792847999999992	0.7340745941266995	374.699088	9.896423999999996	12.486190241444547	
11A	4	a	390.396864	401.317056	394.491936	10.920191999999986	0.5834112726640512	395.85696	5.460095999999993	5.993312177670692	
11A	4	a	401.999568	439.537728	431.347584	37.538160000000005	1.5646961662310233	420.427392	18.769080000000002	49.12959269413139	
11A	2	b	440.22024	442.950288	440.22024	2.7300480000000107	-0.06803559422345185	441.585264	1.3650240000000053	-0.12016808401952028	
11A	4	a	443.6328	484.58352	477.7584	40.95072000000005	1.6020288379103516	464.10816	20.475360000000023	58.102967214361854	
11A	4	a	485.266032	490.726128	485.948544	5.460096000000021	0.13967095914963767	487.99608	2.7300480000000107	0.6827381201072904	
11A	2	b	491.40864	494.138688	492.773664	2.7300480000000107	-0.10438039227622209	492.773664	1.3650240000000053	-0.24473187457975865	
11A	4	a	494.8212	532.35936	522.12168	37.53816000000006	1.7018368513035078	513.249024	18.76908000000003	63.0866447891476	
11A	4	a	533.041872	535.089408	534.406896	2.0475360000000364	0.09925105882745822	533.724384	1.0237680000000182	0.11596812108090093	
11A	2	b	535.77192	539.866992	536.454432	4.095071999999959	-0.10306833194901266	537.819456	2.0475359999999796	-0.38600657337318633	
11A	4	a	540.549504	582.865248	571.262544	42.315743999999995	0.7900395907339295	561.707376	21.157871999999998	28.074572410124745	
11A	2	b	583.54776	585.595296	584.230272	2.0475359999999228	-0.0402005717430276	584.230272	1.0237679999999614	-0.0776051017723356	
11A	4	a	587.642832	599.928048	598.563024	12.285215999999991	0.6022803148547382	593.78544	6.142607999999996	6.914980033703271	
12A	4	a	2.730048	9.555168	5.460096	6.82512	0.23042301285924438	6.142608	3.41256	1.2427813504335523	
12A	4	a	11.602704	13.65024	12.285216	2.047536000000001	0.12701472719779794	12.285216	1.0237680000000005	0.18314306173407058	
12A	4	a	14.332752	42.998256	27.30048	28.665504	0.612240727623508	28.665504	14.332752	15.440088770566046	
12A	2	b	45.045792	47.77584	46.410816	2.7300480000000036	-0.15892840559857468	46.410816	1.3650240000000018	-0.31650265589704674	
12A	4	a	48.458352	87.361536	78.48888	38.903184	0.8301230718712276	67.568688	19.451592	23.525985207975598	
12A	4	a	88.044048	97.599216	94.869168	9.555167999999995	0.2614994890298874	92.821632	4.777583999999997	2.096001585048673	
12A	4	a	98.281728	137.184912	124.217184	38.903183999999996	1.3425867077021518	117.392064	19.451591999999998	32.1017123112815	
12A	4	a	137.867424	160.39032	146.057568	22.522896000000003	0.47925036415360367	148.787616	11.261448000000001	9.201979140719889	
12A	4	a	161.072832	167.897952	163.120368	6.825119999999998	0.39285706058364234	164.485392	3.412559999999999	2.4614387518555585	
12A	4	a	168.580464	196.563456	186.325776	27.982991999999996	0.8950423432912107	182.230704	13.991495999999998	18.708764754814588	
12A	4	a	197.245968	223.863936	212.261232	26.61796799999999	0.5657356374247886	210.213696	13.308983999999995	7.765193468581895	
12A	4	a	224.546448	244.339296	229.324032	19.792847999999992	0.4661675924968698	234.101616	9.896423999999996	6.619879404862415	
12A	4	a	245.021808	259.35456	253.211952	14.332752	0.3658639985807195	251.846928	7.166376	4.770155323428676	
12A	4	a	260.037072	262.084608	261.402096	2.0475359999999796	0.10920197668734843	260.719584	1.0237679999999898	0.10037009844704681	
12A	4	a	262.76712	276.41736	272.322288	13.650239999999997	0.26984352060162564	269.59224	6.825119999999998	3.363863523653455	
12A	4	a	277.099872	307.812912	291.432624	30.713039999999978	0.5375058787386262	292.115136	15.356519999999989	14.177704491285974	
12A	4	a	308.495424	322.828176	316.685568	14.33275199999997	0.28211650816431977	315.320544	7.166375999999985	3.308979463278276	
12A	4	a	323.510688	338.525952	329.653296	15.015264000000002	0.3740166414813846	331.01832	7.507632000000001	5.3757484267743365	
12A	4	a	339.208464	346.716096	343.303536	7.507632000000001	0.3061242978718077	342.621024	3.7538160000000005	1.5418307779996292	
12A	4	a	347.398608	364.461408	352.858704	17.06279999999998	0.39011265821615737	355.588752	8.53139999999999	5.090595401654756	
12A	4	a	365.14392	371.96904	366.508944	6.825120000000027	0.13443517566506635	368.55648	3.4125600000000134	0.7051056069877069	
12A	4	a	375.3816	385.61928	380.841696	10.237680000000012	0.5994113490566306	380.159184	5.118840000000006	4.377771549632089	
12A	4	a	386.301792	398.587008	391.761888	12.285216000000048	0.4011996913581175	392.4444	6.142608000000024	3.0995937182646225	
12A	4	a	399.26952	407.459664	402.68208	8.190143999999975	0.17452913495896283	403.364592	4.095071999999988	1.0692083441402733	
12A	4	a	408.142176	442.950288	434.760144	34.808111999999994	1.5260082288290597	425.204976	17.404055999999997	40.99508236490225	
12A	4	a	443.6328	459.330576	451.822944	15.697776000000033	0.7611204624375256	451.140432	7.8488880000000165	6.839723700932806	
12A	4	a	460.013088	470.250768	465.473184	10.237680000000012	0.512312744492716	464.790672	5.118840000000006	3.9742922939101404	
12A	4	a	470.93328	487.99608	481.17096	17.06279999999998	0.9050460991425107	479.123424	8.53139999999999	10.723574243985336	
12A	4	a	488.678592	533.724384	527.581776	45.045792000000006	1.4703023473071415	511.201488	22.522896000000003	63.277411838201346	
12A	4	a	534.406896	544.644576	537.819456	10.237680000000069	0.21040105538274556	539.18448	5.118840000000034	1.5751337115682014	
12A	2	b	545.327088	574.675104	558.977328	29.34801600000003	-0.2913115090079179	559.65984	14.674008000000015	-6.3080874862336795	
12A	4	a	577.405152	597.198	589.007856	19.792847999999935	0.4699225813133783	586.96032	9.896423999999968	8.545160864390665	
13A	4	a	2.047536	10.920192	4.095072	8.872656	0.193896959250476	6.142608	4.436328	1.3977659918808047	
13A	4	a	11.602704	42.998256	27.30048	31.395552	0.7117968896267737	27.30048	15.697776	16.14458778986372	
13A	4	a	43.680768	45.728304	45.045792	2.047536000000001	0.058861657472433215	44.36328	1.0237680000000005	0.07803771369097845	
13A	4	a	47.77584	87.361536	78.48888	39.585696	0.624441306495922	67.568688	19.792848	20.136882692624827	
13A	4	a	88.044048	91.456608	90.774096	3.412559999999999	0.07137943717291861	89.409072	1.7062799999999996	0.13360385844466194	
13A	2	b	94.869168	98.96424	96.234192	4.095072000000002	-0.15597039497211007	96.916704	2.047536000000001	-0.46456180257502533	
13A	4	a	99.646752	137.184912	124.217184	37.53815999999999	1.0783457079174585	118.074576	18.769079999999995	24.989134087668496	
13A	4	a	137.867424	160.39032	146.057568	22.522896000000003	0.17514098894400654	148.787616	11.261448000000001	3.252646002920339	
13A	4	a	161.072832	167.897952	165.167904	6.825119999999998	0.3133868446573338	164.485392	3.412559999999999	1.8861966233378542	
13A	4	a	171.993024	191.10336	183.595728	19.110336000000018	0.5214892833722189	181.548192	9.555168000000009	8.680506726002328	
13A	4	a	202.706064	206.118624	203.388576	3.4125600000000134	0.1281162054800049	204.071088	1.7062800000000067	0.3114408831765667	
13A	4	a	206.801136	219.768864	214.99128	12.967727999999994	0.22021127708857158	212.943744	6.483863999999997	2.6124584566264755	
13A	4	a	220.451376	225.911472	224.546448	5.460095999999993	0.09798552547777106	223.181424	2.7300479999999965	0.3473061597647309	
13A	4	a	226.593984	242.29176	231.371568	15.697776000000005	0.2903502899952084	234.101616	7.848888000000002	4.015486942840708	
13A	4	a	242.974272	259.35456	253.211952	16.38028799999998	0.284683307872573	251.164416	8.19014399999999	3.8898798795290945	
13A	4	a	260.037072	266.862192	261.402096	6.82511999999997	0.1065300043612698	263.449632	3.412559999999985	0.41803507571595855	
13A	4	a	267.544704	273.0048	267.544704	5.4600959999999645	0.09781928767920434	270.274752	2.7300479999999823	0.3787615827259492	
13A	2	b	273.687312	277.782384	276.41736	4.095071999999959	-0.14699775964416872	275.734848	2.0475359999999796	-0.4564310792498514	
13A	4	a	281.877456	308.495424	300.987792	26.61796800000002	0.40108024305230217	294.845184	13.30898400000001	8.881105900906954	
13A	4	a	309.177936	313.273008	309.860448	4.095072000000016	0.1873471715820587	311.225472	2.047536000000008	0.5598141358454627	
13A	4	a	315.320544	319.415616	316.685568	4.095072000000016	0.17972153196485507	317.36808	2.047536000000008	0.46415591722209903	
13A	4	a	320.098128	322.828176	321.463152	2.7300480000000107	0.14714820504420612	321.463152	1.3650240000000053	0.37526635853126233	
13A	4	a	323.510688	338.525952	328.970784	15.015264000000002	0.321948731028705	331.01832	7.507632000000001	4.854038526104973	
13A	4	a	339.208464	344.66856	343.303536	5.460096000000021	0.22971300307822418	341.938512	2.7300480000000107	0.7395009713199463	
13A	4	a	345.351072	364.461408	352.176192	19.110336000000018	0.32548265652081554	354.90624	9.555168000000009	4.2642157864330885	
13A	4	a	365.14392	387.666816	380.841696	22.522896000000003	0.41165582474847984	376.064112	11.261448000000001	5.498652980974095	
13A	4	a	388.349328	393.809424	392.4444	5.4600959999999645	0.13667295496277543	391.079376	2.7300479999999823	0.4735108110522024	
13A	4	a	394.491936	401.317056	396.539472	6.82511999999997	0.12147449139769417	397.904496	3.412559999999985	0.6911480323328494	
13A	4	a	401.999568	406.09464	402.68208	4.095072000000016	0.08985619377110332	404.047104	2.047536000000008	0.35353639959880967	
13A	4	a	409.5072	443.6328	436.80768	34.12559999999996	0.9043568000755986	426.57	17.06279999999998	12.974626896210328	
13A	4	a	444.315312	475.710864	458.648064	31.39555200000001	0.47997584018038175	460.013088	15.697776000000005	11.790065651791434	
13A	4	a	476.393376	490.726128	481.853472	14.332752000000028	0.8822848330780468	483.218496	7.166376000000014	8.538218324185486	
13A	4	a	491.40864	503.693856	496.186224	12.285215999999991	0.4072098964208912	497.551248	6.142607999999996	4.069129611449352	
13A	4	a	504.376368	539.18448	529.629312	34.808111999999994	1.3383610461288802	521.439168	17.404055999999997	28.939081629258865	
13A	4	a	539.866992	543.962064	541.232016	4.095072000000073	0.2586039482172424	541.914528	2.0475360000000364	1.0668538802943148	
13A	2	b	544.644576	553.517232	548.739648	8.872656000000006	-0.5146860325157512	548.739648	4.436328000000003	-3.997527821230128	
13A	4	a	561.024864	573.31008	564.437424	12.285215999999991	0.3921241220784619	567.167472	6.142607999999996	2.6420543943772636	
13A	4	a	573.992592	589.690368	580.1352	15.69777600000009	0.5665720235947154	581.500224	7.848888000000045	6.496905115731632	
13A	4	a	590.37288	599.928048	599.928048	9.55516799999998	0.4795844107315519	595.150464	4.77758399999999	3.852343378647023	
14A	2	b	0.0	4.777584	1.365024	4.777584	-0.18836409853985803	2.047536	2.388792	-0.8393444640737651	
14A	4	a	5.460096	45.728304	27.30048	40.268208	1.5663826850673512	25.252944	20.134104	50.581121968815964	
14A	4	a	46.410816	87.361536	78.48888	40.950720000000004	0.9443259117843095	66.886176	20.475360000000002	35.36354267243518	
14A	2	b	93.504144	99.646752	97.599216	6.14260800000001	-0.2532680969981991	96.234192	3.071304000000005	-1.0636625625042173	
14A	4	a	100.329264	132.407328	122.85216	32.07806400000001	1.186353526104356	116.02704	16.039032000000006	25.519790435624536	
14A	4	a	133.08984	144.692544	134.454864	11.602703999999989	0.22854091207272376	138.549936	5.801351999999994	1.4083246018238178	
14A	4	a	145.375056	148.105104	146.057568	2.7300480000000107	0.1454893478360315	146.74008	1.3650240000000053	0.25638918117459575	
14A	4	a	148.787616	156.295248	153.5652	7.5076319999999725	0.13357681045362746	152.200176	3.7538159999999863	0.9105853686031615	
14A	4	a	156.97776	159.025296	157.660272	2.047536000000008	0.08490964968183157	157.660272	1.023768000000004	0.12733904868064094	
14A	4	a	162.437856	167.21544	165.850416	4.77758399999999	0.24416602953746214	164.485392	2.388791999999995	1.0372756801094374	
14A	4	a	170.628	219.768864	186.325776	49.14086400000002	1.2629040845781452	195.198432	24.57043200000001	50.84320079585292	
14A	4	a	220.451376	223.863936	221.8164	3.412559999999985	0.0516797445172088	221.8164	1.7062799999999925	0.10129481957232223	
14A	4	a	224.546448	244.339296	235.46664	19.792847999999992	0.3969695396893087	234.101616	9.896423999999996	5.8066635259023185	
14A	4	a	245.021808	260.037072	253.211952	15.01526400000003	0.3076348063015555	252.52944	7.507632000000015	3.6173219367839504	
14A	2	b	264.814656	267.544704	266.862192	2.7300480000000107	-0.13772874232987142	266.17968	1.3650240000000053	-0.16721510293458852	
14A	2	b	268.227216	277.099872	275.734848	8.872656000000006	-0.11675881220602058	272.322288	4.436328000000003	-0.8336593129766143	
14A	4	a	279.147408	297.575232	292.115136	18.427824000000044	0.3816708501531476	288.020064	9.213912000000022	3.979100331649577	
14A	4	a	298.257744	312.590496	303.71784	14.33275199999997	0.2312532912612948	305.082864	7.166375999999985	2.8803424765733814	
14A	4	a	313.273008	319.415616	315.320544	6.142607999999996	0.1481764886826209	316.003056	3.071303999999998	0.7027544771719558	
14A	4	a	320.098128	322.828176	320.78064	2.7300480000000107	0.15079222222205324	321.463152	1.3650240000000053	0.3455609225498728	
14A	4	a	323.510688	344.66856	335.795904	21.157871999999998	0.4520014018340266	333.748368	10.578935999999999	7.716307992214034	
14A	4	a	345.351072	364.461408	352.176192	19.110336000000018	0.40083213150241903	354.90624	9.555168000000009	6.722920153512717	
14A	4	a	365.14392	372.651552	367.191456	7.507632000000001	0.15791297651779335	368.55648	3.7538160000000005	0.9120780834887006	
14A	4	a	378.111648	393.809424	386.301792	15.697775999999976	0.8389277204357901	385.61928	7.848887999999988	11.251286747186118	
14A	4	a	394.491936	405.412128	402.68208	10.920191999999986	0.1249685269758043	399.952032	5.460095999999993	1.1711174685557015	
14A	2	b	406.09464	409.5072	408.824688	3.412559999999985	-0.09425476038061742	407.459664	1.7062799999999925	-0.14293247621944438	
14A	2	b	412.237248	419.062368	417.014832	6.82511999999997	-0.14730563745883174	415.649808	3.412559999999985	-0.7446237911262603	
14A	2	b	419.74488	434.760144	431.347584	15.015264000000002	-0.3205703079782012	427.252512	7.507632000000001	-3.883126424331631	
14A	4	a	435.442656	453.187968	440.902752	17.745312000000013	1.0395364016510946	444.315312	8.872656000000006	15.644844949837466	
14A	4	a	453.87048	472.980816	460.013088	19.110336000000018	0.29968678377544933	463.425648	9.555168000000009	3.611704288308297	
14A	2	b	476.393376	478.440912	477.075888	2.0475360000000364	-0.029022059866822048	477.075888	1.0237680000000182	-0.043737877105281875	
14A	4	a	479.123424	508.47144	485.948544	29.348015999999973	1.2081472503377757	493.456176	14.674007999999986	27.561367534139134	
14A	4	a	509.153952	515.979072	511.201488	6.82511999999997	0.16482814595054407	512.566512	3.412559999999985	0.9337923247454922	
14A	4	a	516.661584	519.391632	518.70912	2.7300480000000107	0.1894003882616051	518.026608	1.3650240000000053	0.33074518734653147	
14A	4	a	520.074144	524.169216	523.486704	4.095071999999959	0.21948275542470874	522.12168	2.0475359999999796	0.5070798149632454	
14A	4	a	524.851728	548.057136	534.406896	23.205408000000034	0.8277625565222415	536.454432	11.602704000000017	11.828306162623933	
14A	4	a	550.787184	558.977328	553.517232	8.190144000000032	0.27109407251623807	554.882256	4.095072000000016	1.7152500332656624	
14A	4	a	559.65984	599.928048	599.928048	40.26820799999996	2.1408488217308888	579.452688	20.13410399999998	57.948687259114635	
15A	4	a	0.0	46.410816	27.30048	46.410816	2.3101680614174125	23.205408	23.205408	92.71271875598993	
15A	4	a	48.458352	91.456608	78.48888	42.998256000000005	1.619939847545318	69.616224	21.499128000000002	55.2136148550584	
15A	2	b	92.13912	99.646752	97.599216	7.507632000000001	-0.5101250701491384	95.55168	3.7538160000000005	-2.804657710535568	
15A	4	a	100.329264	132.407328	122.169648	32.07806400000001	1.6265114625745802	116.02704	16.039032000000006	27.685426732368096	
15A	4	a	133.08984	137.184912	134.454864	4.095071999999988	0.20669361989143464	135.137376	2.047535999999994	0.7285791554395487	
15A	4	a	137.867424	141.279984	139.232448	3.4125600000000134	0.07769237998458767	139.232448	1.7062800000000067	0.23267001440258195	
15A	2	b	146.74008	154.247712	148.105104	7.507632000000001	-0.17258676214309432	150.15264	3.7538160000000005	-1.1067647260144633	
15A	4	a	157.660272	160.39032	158.342784	2.7300480000000107	0.11649380283647215	159.025296	1.3650240000000053	0.24390755501613626	
15A	4	a	161.072832	167.897952	165.850416	6.825119999999998	0.22895355531960515	164.485392	3.412559999999999	1.5193665110915018	
15A	4	a	169.945488	206.118624	182.913216	36.173136	1.5493775331415316	187.6908	18.086568	44.65115986675832	
15A	4	a	206.801136	217.721328	206.801136	10.920191999999986	0.14320129235622758	212.261232	5.460095999999993	0.8823958241233125	
15A	2	b	219.768864	223.181424	219.768864	3.412559999999985	-0.13256012615945956	221.133888	1.7062799999999925	-0.3397947868643474	
15A	4	a	225.22896	260.719584	237.514176	35.490624	0.869525463977709	242.974272	17.745312	26.895493022093316	
15A	4	a	261.402096	266.862192	262.76712	5.460096000000021	0.13491302406145067	264.132144	2.7300480000000107	0.5380407191574998	
15A	4	a	267.544704	270.274752	267.544704	2.730047999999954	0.14979498892762066	268.909728	1.365023999999977	0.21498133913295892	
15A	4	a	272.322288	274.369824	273.687312	2.0475359999999796	0.08275484222681317	273.0048	1.0237679999999898	0.08192910823341126	
15A	4	a	275.052336	307.812912	293.48016	32.76057599999996	0.6387199614800254	291.432624	16.38028799999998	15.770139641665232	
15A	4	a	308.495424	312.590496	309.860448	4.095071999999959	0.15837653002255703	310.54296	2.0475359999999796	0.4662523233797171	
15A	4	a	313.273008	346.033584	333.748368	32.760576000000015	0.7002310355301082	329.653296	16.380288000000007	19.697908718285717	
15A	4	a	348.08112	364.461408	357.636288	16.380288000000007	0.3779635826129635	356.271264	8.190144000000004	5.272747613186903	
15A	4	a	365.14392	395.85696	386.301792	30.713040000000035	1.5010356067579886	380.159184	15.356520000000017	25.510900194621016	
15A	4	a	396.539472	405.412128	402.68208	8.872656000000006	0.15469339932738713	400.634544	4.436328000000003	1.0271714708418864	
15A	2	b	412.91976	434.760144	429.300048	21.84038400000003	-0.3705100568811197	423.839952	10.920192000000014	-5.5992261225724835	
15A	4	a	435.442656	455.235504	443.6328	19.792847999999992	1.7289200346494589	444.997824	9.896423999999996	27.62575468109162	
15A	4	a	455.918016	475.710864	459.330576	19.792847999999992	0.3324583434367163	465.473184	9.896423999999996	3.967413601998688	
15A	4	a	477.7584	508.47144	488.678592	30.713039999999978	2.00605001253391	492.773664	15.356519999999989	39.717723516395765	
15A	4	a	509.153952	513.249024	511.201488	4.095071999999959	0.18528167629832826	511.201488	2.0475359999999796	0.5848131638511491	
15A	2	b	516.661584	529.629312	525.53424	12.96772800000008	-0.30740533362697686	522.804192	6.48386400000004	-3.2489994160735947	
15A	4	a	530.311824	558.294816	536.454432	27.982991999999967	1.878443845304174	543.962064	13.991495999999984	33.97351375510004	
15A	4	a	558.977328	591.055392	582.182736	32.07806399999993	1.3515414492367146	574.675104	16.039031999999963	19.894391145448488	
15A	4	a	591.737904	599.928048	598.563024	8.190144000000032	0.5489009402577754	595.832976	4.095072000000016	4.351174098593485	
16A	4	a	2.047536	8.872656	5.460096	6.825119999999999	0.21790851141503875	5.460096	3.4125599999999996	1.2543983066777922	
16A	4	a	10.920192	45.045792	25.935456	34.1256	1.2359083750168542	27.982992	17.0628	34.94678620484245	
16A	4	a	47.77584	51.1884	49.140864	3.412559999999999	0.21597307778407604	49.140864	1.7062799999999996	0.6269175451188764	
16A	4	a	53.235936	91.456608	78.48888	38.220672	1.5088578199650078	72.346272	19.110336	38.73068959276713	
16A	2	b	93.504144	99.646752	97.599216	6.14260800000001	-0.38013253405755343	96.234192	3.071304000000005	-1.7831835061362113	
16A	4	a	100.329264	112.61448	101.011776	12.285216000000005	0.3516338431059065	106.471872	6.142608000000003	3.167347531008389	
16A	4	a	113.296992	132.407328	122.169648	19.110336000000004	1.4385246407481391	122.85216	9.555168000000002	20.471513546332535	
16A	4	a	133.08984	144.692544	134.454864	11.602703999999989	0.1707140834818599	138.549936	5.801351999999994	1.3774417261738203	
16A	4	a	145.375056	147.422592	146.057568	2.047536000000008	0.08612096519409818	146.057568	1.023768000000004	0.11050557506161196	
16A	2	b	148.105104	152.200176	148.105104	4.095071999999988	-0.1320899901361896	150.15264	2.047535999999994	-0.36082244396754115	
16A	4	a	152.882688	160.39032	158.342784	7.507632000000001	0.17608061562512223	156.295248	3.7538160000000005	0.848172268312033	
16A	4	a	161.072832	167.897952	163.120368	6.825119999999998	0.2512500991201714	164.485392	3.412559999999999	1.6046081743883835	
16A	4	a	169.945488	208.848672	182.913216	38.90318399999998	1.2859549665523602	189.055824	19.45159199999999	39.828732312625235	
16A	4	a	209.531184	211.57872	210.213696	2.047536000000008	0.10368636923382368	210.213696	1.023768000000004	0.1810043252174296	
16A	2	b	213.626256	230.689056	219.768864	17.06279999999998	-0.3067799071923156	221.8164	8.53139999999999	-3.9020728463315244	
16A	4	a	231.371568	243.656784	237.514176	12.285215999999991	0.33532315172948657	237.514176	6.142607999999996	3.3440136722620784	
16A	4	a	244.339296	259.35456	253.211952	15.015264000000002	0.38153027872059475	251.846928	7.507632000000001	4.746104356045107	
16A	4	a	260.037072	262.084608	260.037072	2.0475359999999796	0.05238208754535112	260.719584	1.0237679999999898	0.0578034043437321	
16A	2	b	265.497168	277.099872	273.687312	11.602704000000017	-0.1843744090142474	270.957264	5.8013520000000085	-1.8540299973683627	
16A	4	a	279.82992	297.575232	291.432624	17.745312000000013	0.2813629912484661	288.702576	8.872656000000006	3.243859605615889	
16A	4	a	298.257744	308.495424	299.622768	10.237680000000012	0.19856570689530173	303.035328	5.118840000000006	1.2596241816621574	
16A	4	a	309.177936	311.225472	309.177936	2.0475360000000364	0.11518264714922921	309.860448	1.0237680000000182	0.1997407062765797	
16A	4	a	313.95552	322.828176	321.463152	8.872656000000006	0.15181441350393854	318.050592	4.436328000000003	0.764858088144786	
16A	4	a	323.510688	347.398608	339.890976	23.88792000000001	0.5415891248016695	335.113392	11.943960000000004	13.073173220383097	
16A	4	a	348.08112	361.73136	354.90624	13.650239999999997	0.39292517523808446	354.90624	6.825119999999998	4.714441577138091	
16A	4	a	362.413872	369.238992	367.191456	6.82511999999997	0.16071513138957094	365.826432	3.412559999999985	0.861533699554053	
16A	4	a	372.651552	398.587008	386.984304	25.935456000000045	1.057874472215377	385.61928	12.967728000000022	18.221629991560945	
16A	4	a	399.26952	405.412128	401.999568	6.142607999999996	0.1297248579786805	401.999568	3.071303999999998	0.4090377056311514	
16A	4	a	409.5072	413.602272	411.554736	4.095072000000016	0.11724356372398415	411.554736	2.047536000000008	0.3192280308187674	
16A	4	a	414.284784	430.665072	419.74488	16.380288000000007	0.2113497645016542	422.474928	8.190144000000004	2.4231541808236323	
16A	4	a	431.347584	452.505456	443.6328	21.157871999999998	1.300429735678927	441.585264	10.578935999999999	22.09216818752055	
16A	4	a	453.187968	470.250768	457.965552	17.06279999999998	0.36055136044491753	461.378112	8.53139999999999	3.711631412147705	
16A	2	b	474.34584	478.440912	476.393376	4.095072000000016	-0.14106335224043143	476.393376	2.047536000000008	-0.34164367366130843	
16A	4	a	480.488448	505.05888	488.678592	24.570431999999983	1.3227497959857892	492.773664	12.285215999999991	25.969787791204837	
16A	2	b	505.741392	531.676848	526.899264	25.93545599999993	-0.7559306479623	518.70912	12.967727999999966	-13.424252433777042	
16A	4	a	532.35936	550.104672	538.501968	17.745312000000013	1.1548396979213305	541.232016	8.872656000000006	14.052761443713392	
16A	4	a	550.787184	554.882256	551.469696	4.095071999999959	0.17471032562183098	552.83472	2.0475359999999796	0.46783189752136956	
16A	2	b	555.564768	580.1352	558.294816	24.570432000000096	-0.38978851524806757	567.849984	12.285216000000048	-8.485954963043955	
16A	4	a	580.817712	599.928048	589.007856	19.11033599999996	1.4434189213046462	590.37288	9.55516799999998	19.960635495832875	
17A	4	a	0.0	4.095072	0.0	4.095072	0.6291707257432089	2.047536	2.047536	2.1017466211166793	
17A	2	b	6.82512	15.015264	8.872656	8.190144	-0.273844215570195	10.920192	4.095072	-1.9750943795934264	
17A	4	a	15.697776	45.045792	30.71304	29.348016	0.7829904268353944	30.030528	14.674008	20.48872288385729	
17A	4	a	45.728304	91.456608	78.48888	45.728304	1.1352472180425455	68.2512	22.864152	33.93405654182263	
17A	2	b	94.186656	99.646752	97.599216	5.460096000000007	-0.3036261792069128	96.916704	2.7300480000000036	-1.2302825228358252	
17A	4	a	100.329264	112.61448	101.694288	12.285216000000005	0.31130585620992335	106.471872	6.142608000000003	2.714004720692021	
17A	4	a	113.296992	132.407328	124.217184	19.110336000000004	1.0690351393190172	122.85216	9.555168000000002	15.644711226522407	
17A	4	a	133.08984	137.184912	135.137376	4.095071999999988	0.1305194005792032	135.137376	2.047535999999994	0.392220307154719	
17A	4	a	137.867424	141.279984	138.549936	3.4125600000000134	0.05979504635672406	139.232448	1.7062800000000067	0.15618785608622376	
17A	2	b	141.962496	177.45312	169.262976	35.490624000000025	-0.5591147499833902	159.707808	17.745312000000013	-11.452509988817535	
17A	4	a	178.135632	219.768864	187.008288	41.63323200000002	0.6441765659173297	198.610992	20.81661600000001	24.356331742649765	
17A	4	a	220.451376	225.911472	224.546448	5.460095999999993	0.11049429429099433	223.181424	2.7300479999999965	0.3073425001560812	
17A	4	a	226.593984	241.609248	231.371568	15.015264000000002	0.28726532874374566	234.101616	7.507632000000001	3.7593716379091138	
17A	4	a	244.339296	248.434368	247.069344	4.095072000000016	0.17092492474074295	246.386832	2.047536000000008	0.3881247626284239	
17A	4	a	251.164416	255.259488	253.211952	4.095072000000016	0.1292257855072556	253.211952	2.047536000000008	0.3956007329444735	
17A	4	a	255.942	260.037072	256.624512	4.095072000000016	0.04875831279807752	257.989536	2.047536000000008	0.13990158651675033	
17A	2	b	266.17968	277.782384	273.0048	11.60270399999996	-0.2034405571005884	271.639776	5.80135199999998	-1.7967353856274788	
17A	4	a	280.512432	282.559968	281.194944	2.0475360000000364	0.0550688135260291	281.194944	1.0237680000000182	0.06344420403542284	
17A	4	a	285.972528	297.575232	292.797648	11.602704000000017	0.22415113061150294	291.432624	5.8013520000000085	1.606436461539773	
17A	4	a	298.257744	307.812912	300.30528	9.55516799999998	0.20073644848188366	303.035328	4.77758399999999	1.4132459476971482	
17A	4	a	308.495424	311.225472	309.860448	2.7300480000000107	0.08007804872431912	309.860448	1.3650240000000053	0.16280183323797148	
17A	2	b	313.95552	324.1932	322.828176	10.237680000000012	-0.13642841155058694	318.733104	5.118840000000006	-0.8916438441249626	
17A	4	a	324.875712	337.84344	326.240736	12.967727999999966	0.17587125057351738	331.01832	6.483863999999983	1.9335270835481637	
17A	4	a	338.525952	342.621024	339.890976	4.095071999999959	0.14265025413970722	340.573488	2.0475359999999796	0.3427872215262906	
17A	4	a	343.303536	347.398608	346.033584	4.095072000000016	0.0897206281819578	345.351072	2.047536000000008	0.30761434973447477	
17A	4	a	348.08112	362.413872	359.683824	14.332752000000028	0.24882710259253127	354.90624	7.166376000000014	2.9450043178416014	
17A	4	a	363.096384	374.016576	371.286528	10.920191999999986	0.1657712148861803	368.55648	5.460095999999993	1.0348780076656348	
17A	4	a	374.699088	398.587008	386.301792	23.88792000000001	0.7399467789784788	386.301792	11.943960000000004	12.740114810652587	
17A	2	b	404.047104	410.872224	404.047104	6.825120000000027	-0.19150293981272615	407.459664	3.4125600000000134	-0.7599207159695993	
17A	4	a	418.379856	428.617536	419.062368	10.237679999999955	0.13034784878371397	423.15744	5.118839999999977	0.7715894553520157	
17A	2	b	430.665072	432.712608	431.347584	2.0475359999999796	-0.13454357225327573	431.347584	1.0237679999999898	-0.16051378538948358	
17A	4	a	436.125168	453.187968	444.997824	17.06280000000004	0.6118956520486929	444.315312	8.53140000000002	9.236160880282572	
17A	4	a	457.28304	460.013088	457.28304	2.730047999999954	0.09977284448382484	458.648064	1.365023999999977	0.21585733688468878	
17A	4	a	460.6956	466.155696	465.473184	5.4600959999999645	0.11140149201126892	463.425648	2.7300479999999823	0.40911655887643006	
17A	4	a	466.838208	468.885744	467.52072	2.0475359999999796	0.10704631677185894	467.52072	1.0237679999999898	0.15651282532425714	
17A	4	a	470.93328	475.710864	475.028352	4.77758399999999	0.11467022767822588	472.980816	2.388791999999995	0.4354888078399384	
17A	4	a	476.393376	507.788928	489.361104	31.39555200000001	0.8114168458853834	492.091152	15.697776000000005	19.32489415676853	
17A	4	a	509.836464	520.756656	515.29656	10.920192000000043	0.20756230364444672	515.29656	5.460096000000021	1.6107984073335424	
17A	4	a	521.439168	526.899264	523.486704	5.460096000000021	0.21280594599185143	524.169216	2.7300480000000107	0.8593517752953153	
17A	4	a	527.581776	558.294816	539.866992	30.713039999999978	0.9896813756911671	542.59704	15.356519999999989	22.571459050454017	
17A	4	a	562.389888	571.262544	564.437424	8.872656000000006	0.09133111179200881	566.48496	4.436328000000003	0.5627194882203801	
17A	2	b	571.945056	581.500224	577.405152	9.55516799999998	-0.21194356859346808	576.72264	4.77758399999999	-1.3681956390395573	
17A	4	a	582.182736	599.928048	589.007856	17.745312000000013	1.0324211080035886	591.055392	8.872656000000006	15.772811020041948	
18A	4	a	0.0	7.507632	0.682512	7.507632	1.1997261193524817	3.41256	3.753816	9.474595966850666	
18A	4	a	8.190144	19.110336	16.380288	10.920192	1.3117055829313933	13.65024	5.460096	13.536119090066604	
18A	4	a	19.792848	27.982992	22.522896	8.190144	1.012900416179296	23.88792	4.095072	8.538520371135451	
18A	4	a	28.665504	33.443088	30.71304	4.7775840000000045	0.5142994931470555	30.71304	2.3887920000000022	1.9883065063301089	
18A	4	a	34.1256	45.045792	40.268208	10.920192	0.7304002627791881	39.585696	5.460096	8.449308623644985	
18A	4	a	45.728304	51.870912	49.140864	6.142607999999996	0.7824877720434253	48.458352	3.071303999999998	4.667269302116192	
18A	4	a	52.553424	85.996512	57.331008	33.443087999999996	0.8902319900557258	68.933712	16.721543999999998	26.063907705669344	
18A	4	a	86.679024	93.504144	88.72656	6.825119999999998	0.06392974053095823	90.091584	3.412559999999999	0.23511383288873233	
18A	2	b	94.186656	99.646752	97.599216	5.460096000000007	-0.17593913374283954	96.916704	2.7300480000000036	-0.7540902388310196	
18A	4	a	100.329264	111.931968	101.694288	11.602704000000003	0.16754530410248503	105.78936	5.801352000000001	1.4268386863831153	
18A	4	a	116.02704	132.407328	124.217184	16.380288000000007	0.6007324907959335	124.217184	8.190144000000004	8.694143487993117	
18A	4	a	133.08984	167.897952	162.437856	34.808111999999994	0.23384559401454208	150.15264	17.404055999999997	6.981287368537076	
18A	4	a	168.580464	219.768864	187.008288	51.1884	0.571273880817186	193.833408	25.5942	24.607102875419848	
18A	4	a	220.451376	243.656784	231.371568	23.205407999999977	0.17498209893985273	232.05408	11.602703999999989	2.8517347563798197	
18A	4	a	244.339296	260.037072	253.211952	15.697776000000033	0.24382622620581618	251.846928	7.8488880000000165	3.1765369969549675	
18A	4	a	260.719584	266.862192	264.132144	6.142607999999996	0.08075541964500221	263.449632	3.071303999999998	0.39289234246577553	
18A	4	a	277.782384	311.907984	292.115136	34.12560000000002	0.3321717932924324	294.845184	17.06280000000001	9.666726568373075	
18A	4	a	312.590496	318.050592	315.320544	5.460096000000021	0.1582879628545779	315.320544	2.7300480000000107	0.6314897505219288	
18A	4	a	318.733104	322.828176	321.463152	4.095071999999959	0.10815582334047313	320.78064	2.0475359999999796	0.25785671656305764	
18A	4	a	323.510688	333.065856	329.653296	9.55516799999998	0.17982489243274546	328.288272	4.77758399999999	1.6078286583292583	
18A	4	a	333.748368	341.938512	339.890976	8.190143999999975	0.16096379011364803	337.84344	4.095071999999988	1.0483047109913493	
18A	4	a	342.621024	345.351072	343.303536	2.7300480000000107	0.09759442065844759	343.986048	1.3650240000000053	0.159802159576663	
18A	4	a	346.033584	352.176192	346.716096	6.142607999999996	0.10566746002211147	348.763632	3.071303999999998	0.44297097809255304	
18A	4	a	352.858704	361.73136	355.588752	8.872656000000006	0.2006307617257459	356.953776	4.436328000000003	1.1595252417332809	
18A	4	a	362.413872	369.238992	365.14392	6.82511999999997	0.06301611868684542	365.826432	3.412559999999985	0.3276294752310003	
18A	2	b	371.96904	375.3816	373.334064	3.412559999999985	-0.07304548971381664	373.334064	1.7062799999999925	-0.18907719239770726	
18A	4	a	376.064112	404.729616	386.984304	28.665504	0.47439475905059414	390.396864	14.332752	11.631936499050672	
18A	4	a	405.412128	412.91976	408.142176	7.507632000000001	0.15634706623865302	408.824688	3.7538160000000005	1.1827510597456152	
18A	4	a	416.33232	425.204976	419.062368	8.872656000000006	0.14240940823042791	420.427392	4.436328000000003	0.9130870569508311	
18A	4	a	427.252512	432.030096	429.98256	4.77758399999999	0.08507952513649109	429.300048	2.388791999999995	0.3329877969693342	
18A	4	a	432.712608	455.235504	445.680336	22.522896000000003	0.4610867467420725	443.6328	11.261448000000001	8.970856363118184	
18A	4	a	455.918016	460.013088	457.28304	4.095071999999959	0.14339324835908762	457.965552	2.0475359999999796	0.4311719564940186	
18A	4	a	460.6956	466.155696	464.790672	5.4600959999999645	0.10038054226344606	463.425648	2.7300479999999823	0.4313580256253844	
18A	4	a	466.838208	468.885744	467.52072	2.0475359999999796	0.06751852312255835	467.52072	1.0237679999999898	0.10593701375255726	
18A	4	a	469.568256	472.298304	469.568256	2.730047999999954	0.06070870268298556	470.93328	1.365023999999977	0.11880940754258074	
18A	2	b	476.393376	478.440912	477.7584	2.0475360000000364	-0.036517747923440425	477.075888	1.0237680000000182	-0.04491021686739716	
18A	2	b	479.123424	481.17096	479.123424	2.0475359999999796	-0.06100407491449911	479.805936	1.0237679999999898	-0.059655484565442674	
18A	4	a	481.853472	492.773664	488.678592	10.920191999999986	0.26827609077806613	487.313568	5.460095999999993	2.5129932963157655	
18A	4	a	493.456176	496.868736	494.138688	3.412559999999985	0.05439818961789111	494.8212	1.7062799999999925	0.13252646235813614	
18A	4	a	497.551248	503.693856	501.64632	6.142607999999996	0.16940883300537024	500.281296	3.071303999999998	0.8643994003643081	
18A	4	a	504.376368	508.47144	507.788928	4.095071999999959	0.06554458430590149	506.423904	2.0475359999999796	0.14632415853650782	
18A	4	a	509.153952	525.53424	511.201488	16.38028799999995	0.18324015473345057	517.344096	8.190143999999975	2.3190313563143685	
18A	4	a	526.216752	550.787184	538.501968	24.570431999999983	0.434898196768974	538.501968	12.285215999999991	6.696209628473232	
18A	4	a	551.469696	556.929792	555.564768	5.460096000000021	0.1690591267945507	554.199744	2.7300480000000107	0.6466777635689351	
18A	4	a	557.612304	559.65984	557.612304	2.0475360000000364	0.04791352416831174	558.294816	1.0237680000000182	0.0709579997110108	
18A	4	a	560.342352	570.580032	561.707376	10.237679999999955	0.08552561152603033	565.119936	5.118839999999977	0.6150966984444857	
18A	2	b	571.262544	574.675104	571.945056	3.412559999999985	-0.07180572799609664	572.627568	1.7062799999999925	-0.23929777737991653	
18A	2	b	575.357616	582.182736	578.770176	6.82511999999997	-0.19109108665821672	578.770176	3.412559999999985	-1.0387117918436561	
18A	4	a	582.865248	599.928048	589.690368	17.06280000000004	0.5078903435518374	591.055392	8.53140000000002	7.000145035758347	
19A	4	a	0.0	6.142608	0.682512	6.142608	0.40515469397626447	2.730048	3.071304	2.5827654224511702	
19A	4	a	6.82512	32.760576	16.380288	25.935456000000002	0.18356369697707642	19.792848	12.967728000000001	4.422082486935757	
19A	4	a	33.443088	44.36328	40.268208	10.920192	0.1551071802479842	38.903184	5.460096	1.4983415573350025	
19A	4	a	45.045792	50.505888	47.77584	5.460096	0.10272908872937458	47.77584	2.730048	0.46620889694872236	
19A	4	a	53.235936	58.696032	57.331008	5.460096	0.14081031958511359	55.965984	2.730048	0.7532368009939447	
19A	4	a	61.42608	86.679024	78.48888	25.252944	0.24285680489289296	73.711296	12.626472	4.085607147163731	
19A	4	a	87.361536	89.409072	88.72656	2.047535999999994	0.06685871693015422	88.044048	1.023767999999997	0.07150651899892457	
19A	4	a	90.091584	97.599216	92.821632	7.507632000000001	0.07631549469547316	93.504144	3.7538160000000005	0.44658226292949155	
19A	4	a	98.281728	136.5024	124.217184	38.22067199999999	0.3184614606460112	117.392064	19.110335999999997	7.639340341025479	
19A	2	b	139.91496	142.645008	139.91496	2.7300479999999823	-0.031091549212200587	141.279984	1.3650239999999911	-0.07021402431566304	
19A	4	a	145.375056	167.897952	163.80288	22.522896000000003	0.10898720999283196	156.295248	11.261448000000001	1.8606121556248512	
19A	4	a	174.04056	202.023552	183.595728	27.982991999999996	0.20167427372649227	187.6908	13.991495999999998	4.584791826794644	
19A	4	a	202.706064	207.483648	205.436112	4.77758399999999	0.05144631660287269	204.7536	2.388791999999995	0.19731742154439313	
19A	4	a	212.261232	219.768864	219.086352	7.507632000000001	0.0806811549788935	215.673792	3.7538160000000005	0.4512950123212116	
19A	4	a	223.181424	259.35456	247.751856	36.173136	0.22470101994897895	240.926736	18.086568	6.144053777058739	
19A	4	a	260.037072	283.24248	281.194944	23.205407999999977	0.14479525049861763	271.639776	11.602703999999989	2.5262241315761074	
19A	4	a	283.924992	311.907984	300.30528	27.982992000000024	0.3101628496874804	297.575232	13.991496000000012	8.450547865064214	
19A	4	a	312.590496	327.60576	325.558224	15.015264000000002	0.3186714611603283	320.098128	7.507632000000001	4.586991093468142	
19A	4	a	329.653296	337.84344	333.065856	8.190143999999975	0.21859990093459158	333.748368	4.095071999999988	1.6929685835290764	
19A	4	a	338.525952	342.621024	339.890976	4.095071999999959	0.22041137561233048	340.573488	2.0475359999999796	0.6688463928790676	
19A	4	a	343.303536	352.176192	349.446144	8.872656000000006	0.32806140980258336	347.398608	4.436328000000003	2.9150697801390524	
19A	4	a	352.858704	361.73136	354.90624	8.872656000000006	0.29382182513840327	356.953776	4.436328000000003	2.5867452122978905	
19A	4	a	362.413872	374.016576	367.191456	11.60270399999996	0.23742602121327439	367.873968	5.80135199999998	3.0168471928928513	
19A	4	a	374.699088	391.761888	386.301792	17.06279999999998	0.337160576993218	382.889232	8.53139999999999	5.952937941829776	
19A	4	a	392.4444	404.047104	401.999568	11.602704000000017	0.3466671692239043	397.904496	5.8013520000000085	4.063527503224558	
19A	4	a	404.729616	414.284784	411.554736	9.55516799999998	0.24326633227674366	409.5072	4.77758399999999	2.3797665152694774	
19A	4	a	414.967296	432.712608	422.474928	17.745312000000013	0.2292606322952171	423.839952	8.872656000000006	3.594057528446985	
19A	4	a	434.760144	452.505456	444.997824	17.745311999999956	0.2366887645313991	443.6328	8.872655999999978	4.0538535548873975	
19A	4	a	453.187968	460.6956	457.28304	7.507632000000001	0.12593178294793717	456.600528	3.7538160000000005	0.7021358266883588	
19A	4	a	461.378112	470.250768	465.473184	8.872656000000006	0.11818227763287403	465.473184	4.436328000000003	1.0420169795693588	
19A	4	a	470.93328	480.488448	478.440912	9.55516799999998	0.1364984361482171	475.710864	4.77758399999999	0.9496724835591523	
19A	4	a	481.17096	496.868736	490.043616	15.697776000000033	0.2447288186209553	488.678592	7.8488880000000165	3.0866900721081905	
19A	4	a	497.551248	506.423904	500.963808	8.872656000000006	0.18276588528857918	501.64632	4.436328000000003	1.2557342660548718	
19A	4	a	509.153952	513.249024	511.201488	4.095071999999959	0.18231850124426163	511.201488	2.0475359999999796	0.627378134806952	
19A	4	a	515.29656	524.851728	521.439168	9.55516799999998	0.14916490840540408	520.074144	4.77758399999999	1.551737361550978	
19A	4	a	525.53424	552.152208	537.819456	26.61796800000002	0.2808058869038388	538.501968	13.30898400000001	6.142217479505589	
19A	4	a	552.83472	560.342352	555.564768	7.507632000000058	0.13973720032617631	556.24728	3.753816000000029	0.9489231284585324	
19A	4	a	561.024864	599.928048	591.737904	38.90318400000001	0.34554475525357864	580.1352	19.451592000000005	9.386665840301777	
