										AB_Unfed#4_Anterograde_evts_formatted.txt
ROI	Quadrant	Direction	Start time (s)	End time (s)	Peak time (s)	Duration (s)	Amplitude	Midpoint (s)	Half Duration(s)	AUC
8A	4	a	0.0	14.503944	1.381328	14.503944	0.7732049230512246	6.90664	7.251972	10.289338783016117	
8A	4	a	19.338592	22.791912	20.71992	3.4533200000000015	0.4183771726769301	20.71992	1.7266600000000007	0.8968639706851977	
8A	4	a	23.482576	29.007888	23.482576	5.525312	0.2958804917464377	26.245232	2.762656	1.4506433630765319	
8A	4	a	29.698552	32.461208	31.770544	2.762656	0.2771295355546748	31.07988	1.381328	0.2853836410435431	
8A	4	a	33.151872	38.677184	37.98652	5.525312	0.26467448326666343	35.914528	2.762656	1.2516609175162312	
8A	4	a	39.367848	49.727808	46.274488	10.359960000000001	0.3743971575852214	44.202496	5.1799800000000005	2.170738284368614	
8A	4	a	50.418472	56.634448	53.871792	6.215975999999998	0.3725729313478503	53.181128	3.107987999999999	1.488800672488054	
8A	4	a	57.325112	71.829056	68.375736	14.503943999999997	0.5421498317049753	64.231752	7.2519719999999985	5.798398506887979	
8A	4	a	74.591712	94.620968	82.189016	20.029256000000004	0.4218508815918227	84.261008	10.014628000000002	5.515686023501136	
8A	4	a	95.311632	98.764952	98.074288	3.453319999999991	0.49144588105948017	96.69296	1.7266599999999954	0.7639541932274341	
8A	4	a	99.455616	127.082176	115.340888	27.626559999999998	0.491043972989754	113.268896	13.813279999999999	9.04312935876542	
8A	4	a	127.77284	129.844832	129.154168	2.0719919999999945	0.24678994491430828	128.463504	1.0359959999999973	0.2749099361512304	
8A	4	a	130.535496	132.607488	131.22616	2.0719919999999945	0.3020519477899981	131.22616	1.0359959999999973	0.42136701762074047	
8A	4	a	133.298152	136.060808	134.67948	2.762656000000021	0.223468030470638	134.67948	1.3813280000000105	0.3598829451535206	
8A	4	a	136.751472	168.522016	158.85272	31.770544	0.7157116490354127	152.636744	15.885272	12.111104306357154	
8A	4	a	171.284672	195.457912	181.644632	24.173239999999993	0.638514268880531	183.02596	12.086619999999996	10.897946721343986	
8A	4	a	196.148576	218.249824	204.436544	22.101248	0.8601807830125878	207.1992	11.050624	15.457735364199745	
8A	4	a	218.940488	241.041736	224.4658	22.101248	0.9079067257773588	229.991112	11.050624	15.445051351987505	
8A	4	a	241.7324	261.070992	247.257712	19.338591999999977	0.8826974621204364	251.401696	9.669295999999989	13.980631280705017	
8A	4	a	261.761656	276.2656	272.121616	14.50394399999999	0.49996416339483574	268.668296	7.251971999999995	4.502977133288942	
8A	4	a	278.337592	299.748176	290.769544	21.41058400000003	0.7254591335318104	288.697552	10.705292000000014	10.660146160768276	
8A	4	a	300.43884	314.942784	310.7988	14.50394399999999	0.6750351900188072	307.34548	7.251971999999995	9.979897784478222	
8A	4	a	315.633448	317.70544	316.324112	2.071992000000023	0.13880173398312579	316.324112	1.0359960000000115	0.18694790120652272	
8A	4	a	318.396104	339.806688	328.756064	21.41058400000003	0.8487130858195222	328.756064	10.705292000000014	15.937120754409047	
8A	4	a	340.497352	404.03844	367.433248	63.541088	3.46257616259156	372.267896	31.770544	190.43453820273504	
8A	2	b	404.729104	407.49176	405.419768	2.7626559999999927	-0.22357102549344354	406.110432	1.3813279999999963	-0.5891177532076273	
8A	4	a	409.563752	413.017072	410.254416	3.4533199999999624	0.13377602680183998	410.94508	1.7266599999999812	0.2623917612123341	
8A	2	b	413.707736	415.779728	413.707736	2.071991999999966	-0.04238446054930556	414.3984	1.035995999999983	-0.0634004552514833	
8A	4	a	416.470392	450.312928	434.427656	33.842535999999996	1.5021444054971056	433.046328	16.921267999999998	35.436114341256435	
8A	4	a	451.003592	521.45132	476.55816	70.44772799999998	1.4917962466260395	486.227456	35.22386399999999	92.33414182689643	
8A	4	a	522.141984	532.501944	526.285968	10.359960000000001	0.4176618603360147	526.976632	5.1799800000000005	3.287044966990333	
8A	4	a	533.192608	567.725808	556.675184	34.53320000000008	1.056398932455453	550.459208	17.26660000000004	31.172807061221718	
8A	4	a	571.179128	576.013776	575.323112	4.834648000000016	0.19193796664456286	573.25112	2.417324000000008	0.782875963863753	
8A	2	b	579.467096	599.496352	598.805688	20.029256000000032	-0.5669561407775277	589.136392	10.014628000000016	-9.22216156001383	
9A	4	a	0.0	16.575936	1.381328	16.575936	0.9748748889863847	8.287968	8.287968	13.825488719559797	
9A	4	a	17.2666	20.029256	17.957264	2.762656	0.3687782677030924	18.647928	1.381328	0.7362859490714531	
9A	4	a	20.71992	22.791912	20.71992	2.0719920000000016	0.3320210668783119	21.410584	1.0359960000000008	0.39068956915034825	
9A	4	a	23.482576	32.461208	29.698552	8.978631999999998	0.25747002948753384	27.62656	4.489315999999999	1.4086123714879495	
9A	4	a	33.151872	38.677184	37.98652	5.525312	0.248105637918135	35.914528	2.762656	1.0955865311274309	
9A	4	a	40.749176	46.965152	43.511832	6.215976000000005	0.29484536032919273	43.511832	3.1079880000000024	1.5212116100016786	
9A	4	a	47.655816	71.829056	62.15976	24.173239999999993	0.593008762874911	59.397104	12.086619999999996	10.527899551488137	
9A	4	a	72.51972	94.620968	91.167648	22.101248	0.49694415640401246	83.570344	11.050624	8.141696544951778	
9A	4	a	95.311632	98.764952	98.074288	3.453319999999991	0.4703968487882726	96.69296	1.7266599999999954	0.8526440932752504	
9A	4	a	99.455616	118.794208	113.95956	19.33859199999999	0.4918209727763774	109.124912	9.669295999999996	7.692160611659056	
9A	4	a	119.484872	122.938192	120.175536	3.453320000000005	0.2852441563294885	120.8662	1.7266600000000025	0.7709493074349743	
9A	4	a	129.844832	216.177832	200.983224	86.333	0.774510553902962	172.666	43.1665	35.415068972479894	
9A	4	a	216.868496	218.940488	217.55916	2.0719919999999945	0.18255275763061896	217.55916	1.0359959999999973	0.23536486601462858	
9A	4	a	221.01248	237.588416	223.775136	16.575935999999984	0.6310166925539136	229.300448	8.287967999999992	7.514284344672879	
9A	4	a	243.113728	261.070992	246.567048	17.95726399999998	0.6188415975478367	252.09236	8.97863199999999	10.17011700032597	
9A	4	a	261.761656	269.35896	263.142984	7.597304000000008	0.5097528851016921	265.214976	3.798652000000004	3.2752480633135344	
9A	4	a	270.049624	293.5322	283.17224	23.482575999999995	0.7526475664596166	281.790912	11.741287999999997	14.617537108165719	
9A	4	a	294.222864	299.057512	294.913528	4.834647999999959	0.35892045027418007	296.294856	2.4173239999999794	1.3202919706798903	
9A	4	a	299.748176	314.942784	310.7988	15.194608000000017	0.5486495583299558	307.34548	7.597304000000008	7.480148725652876	
9A	4	a	315.633448	322.540088	321.849424	6.9066400000000385	0.31285177384878793	319.086768	3.4533200000000193	0.9677703279921337	
9A	4	a	323.230752	325.302744	324.61208	2.071992000000023	0.22438714484757583	323.921416	1.0359960000000115	0.317349052768483	
9A	4	a	325.993408	330.828056	328.756064	4.834648000000016	0.23600696198032978	328.0654	2.417324000000008	0.7366081132785496	
9A	4	a	331.51872	333.590712	332.900048	2.071992000000023	0.18060730559460758	332.209384	1.0359960000000115	0.1651115517956736	
9A	4	a	335.662704	352.929304	345.332	17.266599999999983	0.364843951232535	343.950672	8.633299999999991	3.718750485278971	
9A	4	a	355.69196	357.763952	355.69196	2.071992000000023	0.11827314060716176	356.382624	1.0359960000000115	0.11964748759817478	
9A	4	a	363.289264	401.966448	390.22516	38.67718400000001	0.9023900489409229	382.627856	19.338592000000006	30.60307934515276	
9A	4	a	404.03844	406.801096	404.03844	2.7626559999999927	0.17847250945593807	405.419768	1.3813279999999963	0.22835052468822514	
9A	2	b	410.94508	417.161056	413.017072	6.215975999999955	-0.24790177988361783	413.707736	3.1079879999999775	-1.1477361139444238	
9A	4	a	417.85172	440.643632	434.427656	22.791912000000025	0.36732818017940616	428.902344	11.395956000000012	6.022419471794337	
9A	4	a	441.334296	450.312928	442.02496	8.978632000000005	0.30015362440111915	445.47828	4.489316000000002	1.8434883373316016	
9A	4	a	451.003592	458.600896	454.456912	7.597303999999951	0.2583025774044483	454.456912	3.7986519999999757	1.2868010202080837	
9A	4	a	459.29156	483.4648	480.702144	24.17324000000002	0.38098891369886445	471.032848	12.08662000000001	7.000760664908597	
9A	4	a	484.155464	492.443432	490.37144	8.287967999999978	0.2417649116731635	488.299448	4.143983999999989	1.3848892571496032	
9A	4	a	493.134096	506.947376	497.968744	13.81328000000002	0.4168157182613559	500.040736	6.90664000000001	3.7651785518059464	
9A	4	a	507.63804	514.54468	512.472688	6.906639999999982	0.2802632069472004	511.09136	3.453319999999991	1.420187099472126	
9A	4	a	515.235344	520.760656	515.235344	5.525311999999985	0.3037354329504893	517.998	2.7626559999999927	1.3555303054057601	
9A	4	a	521.45132	532.501944	526.285968	11.05062399999997	0.28271181494022635	526.976632	5.525311999999985	2.0190980483309993	
9A	4	a	533.192608	537.336592	533.883272	4.143984000000046	0.27184034575930305	535.2646	2.071992000000023	0.916680035955955	
9A	4	a	544.243232	568.416472	556.675184	24.173239999999964	0.4591918231360186	555.98452	12.086619999999982	9.266604999670063	
9A	4	a	570.488464	599.496352	595.352368	29.00788799999998	0.6639146341916664	584.992408	14.50394399999999	13.064122856845392	
10A	4	a	2.762656	12.431952	6.215976	9.669296000000001	0.3552114463900864	7.597304	4.8346480000000005	2.372042783568318	
10A	4	a	13.122616	15.885272	15.194608	2.762656	0.20557676579429085	14.503944	1.381328	0.2995443367691477	
10A	4	a	16.575936	29.698552	22.101248	13.122616	0.43114774651742316	22.791912	6.561308	4.725377069854615	
10A	4	a	30.389216	32.461208	31.770544	2.071991999999998	0.3227228096887238	31.07988	1.035995999999999	0.2774958404874117	
10A	4	a	33.151872	73.901048	63.541088	40.749176000000006	0.6938584890004922	53.181128	20.374588000000003	24.23911958809366	
10A	4	a	74.591712	116.722216	89.095656	42.130504	0.8362857075897745	95.311632	21.065252	29.748904214599285	
10A	4	a	119.484872	125.700848	122.247528	6.215975999999998	0.23765592574150762	122.247528	3.107987999999999	0.8276729133853342	
10A	4	a	126.391512	160.234048	131.22616	33.842535999999996	0.42388772862730395	142.967448	16.921267999999998	11.248788609050559	
10A	2	b	176.11932	180.263304	178.191312	4.143984000000017	-0.2064841813599898	178.191312	2.0719920000000087	-0.5830109490026407	
10A	4	a	180.953968	183.716624	181.644632	2.7626559999999927	0.21072302728694758	182.335296	1.3813279999999963	0.3267220284416865	
10A	4	a	184.407288	195.457912	191.313928	11.050624	0.3902764921137756	189.9326	5.525312	2.9455944379565144	
10A	4	a	198.220568	216.177832	200.983224	17.95726400000001	0.5430797004141326	207.1992	8.978632000000005	7.086271713862763	
10A	4	a	218.249824	239.660408	227.228456	21.410584	0.6091636401617482	228.609784	10.705292	10.709684719066761	
10A	4	a	240.351072	261.070992	246.567048	20.719920000000002	0.6299375015093158	250.711032	10.359960000000001	10.157385089019577	
10A	4	a	261.761656	293.5322	285.934896	31.770543999999973	1.04908059310395	277.646928	15.885271999999986	26.211566335885294	
10A	4	a	294.222864	314.942784	310.7988	20.719920000000002	0.5944486332194234	304.582824	10.359960000000001	11.735191382778332	
10A	4	a	315.633448	359.14528	336.353368	43.51183200000003	0.9346712518158924	337.044032	21.755916000000013	33.59047143725608	
10A	4	a	359.835944	415.089064	381.937192	55.253120000000024	0.8103742172362303	387.462504	27.626560000000012	39.013661199574045	
10A	4	a	415.779728	435.808984	424.75836	20.029256000000032	0.29239215094521676	425.449024	10.014628000000016	4.591843917019505	
10A	4	a	436.499648	440.643632	437.880976	4.143984000000046	0.15704104273357267	438.57164	2.071992000000023	0.4350211424510544	
10A	4	a	441.334296	455.147576	447.550272	13.81328000000002	0.24790345301712513	448.240936	6.90664000000001	3.100850398104285	
10A	4	a	455.83824	483.4648	480.702144	27.62656000000004	0.46691966454867284	469.65152	13.81328000000002	8.572435374947865	
10A	4	a	484.155464	524.213976	515.235344	40.05851200000001	0.6004121236951363	504.18472	20.029256000000004	16.264349537571032	
10A	4	a	524.90464	535.2646	526.976632	10.359960000000001	0.2689737615820782	529.739288	5.1799800000000005	2.505760900397388	
10A	4	a	535.955264	565.653816	560.819168	29.69855199999995	0.305140226761635	550.459208	14.849275999999975	7.660590360031398	
10A	4	a	566.34448	576.013776	572.560456	9.669296000000031	0.18755188689581637	571.179128	4.834648000000016	1.239562578946881	
10A	4	a	576.70444	580.15776	576.70444	3.453320000000076	0.19669453400463333	578.085768	1.726660000000038	0.34385330740662123	
10A	4	a	580.848424	584.301744	582.229752	3.4533199999999624	0.16838212136407904	582.229752	1.7266599999999812	0.48325536793822454	
10A	4	a	584.992408	588.445728	585.683072	3.453320000000076	0.12358961272904878	586.373736	1.726660000000038	0.2613315513028631	
10A	4	a	591.899048	596.043032	591.899048	4.143984000000046	0.11611399865911842	593.97104	2.071992000000023	0.32897101284522634	
10A	4	a	596.733696	598.805688	596.733696	2.071992000000023	0.14251080500919144	597.42436	1.0359960000000115	0.11407074198354561	
11A	2	b	0.0	3.45332	0.690664	3.45332	-0.14864003773389545	1.381328	1.72666	-0.42821982242921	
11A	4	a	4.143984	14.503944	7.597304	10.359960000000001	0.341123300639504	8.978632	5.1799800000000005	3.0617260882090167	
11A	4	a	15.194608	24.17324	20.71992	8.978632	0.47790861363227055	19.338592	4.489316	2.717312567133914	
11A	4	a	30.389216	73.210384	57.325112	42.821168	0.8256903044691404	51.7998	21.410584	26.01705291343178	
11A	4	a	73.901048	111.196904	98.074288	37.295856	1.5522503529823224	92.548976	18.647928	49.115501699607464	
11A	4	a	111.887568	145.03944	131.916824	33.15187200000001	1.8831772546125283	128.463504	16.575936000000006	38.8545969125756	
11A	2	b	145.730104	198.911232	178.191312	53.181128	-1.141760895951328	171.975336	26.590564	-43.30807830324455	
11A	4	a	199.601896	245.18572	234.82576	45.58382399999999	1.1677959400808433	222.393808	22.791911999999996	42.536822260800996	
11A	4	a	245.876384	304.582824	284.553568	58.706440000000015	1.6035849261647845	274.884272	29.353220000000007	91.8123657180659	
11A	4	a	305.273488	363.289264	344.641336	58.01577600000002	2.066232804411584	334.281376	29.00788800000001	113.40665016887506	
11A	4	a	363.979928	370.195904	367.433248	6.215976000000012	0.38901299821839963	366.742584	3.107988000000006	1.7520148338836021	
11A	2	b	370.886568	374.339888	372.267896	3.4533199999999624	-0.17872601474142247	372.267896	1.7266599999999812	-0.5147316426312805	
11A	4	a	375.030552	395.059808	385.390512	20.029255999999975	0.9210901231603668	384.699848	10.014627999999988	15.727564435339634	
11A	4	a	395.750472	414.3984	410.254416	18.64792799999998	0.9573261452244122	404.729104	9.32396399999999	11.75369600776554	
11A	4	a	415.089064	426.139688	423.377032	11.05062399999997	0.7883737662333683	420.614376	5.525311999999985	7.051857279815142	
11A	4	a	428.21168	495.206088	446.859608	66.99440800000002	1.1353876081678003	461.363552	33.49720400000001	77.68410270520324	
11A	4	a	495.896752	537.336592	515.235344	41.439840000000004	0.9935831548470837	516.616672	20.719920000000002	31.1975400993715	
11A	4	a	538.027256	599.496352	598.115024	61.469096000000036	1.9087919498366333	568.416472	30.734548000000018	107.65594260861819	
12A	4	a	0.0	14.503944	4.834648	14.503944	1.2717762716936942	6.90664	7.251972	15.997186558889137	
12A	2	b	17.2666	33.151872	24.17324	15.885271999999997	-0.6670117025569935	24.863904	7.9426359999999985	-7.718728025348609	
12A	4	a	33.842536	49.727808	46.965152	15.885272	0.3521052139053271	41.43984	7.942636	4.899677582255072	
12A	4	a	50.418472	69.0664	60.087768	18.647928	1.1884466863909804	59.397104	9.323964	17.812710146705953	
12A	2	b	69.757064	73.210384	71.829056	3.453320000000005	-0.1130906658954971	71.138392	1.7266600000000025	-0.30548377423820616	
12A	4	a	73.901048	113.268896	102.908936	39.367847999999995	1.810504856569012	93.23964	19.683923999999998	63.66490623380554	
12A	4	a	113.95956	116.722216	115.340888	2.762656000000007	0.07984186826872319	115.340888	1.3813280000000034	0.1741711477597263	
12A	2	b	117.41288	131.916824	127.082176	14.50394399999999	-0.37729830383150054	124.31952	7.251971999999995	-4.497964363421006	
12A	4	a	132.607488	151.94608	140.895456	19.338592000000006	0.568824368334651	142.276784	9.669296000000003	9.335771458324889	
12A	4	a	152.636744	168.522016	158.85272	15.885272000000015	0.5673419915921194	160.234048	7.942636000000007	4.454490278753976	
12A	2	b	169.21268	180.953968	172.666	11.741287999999997	-0.3834500079991243	174.737992	5.870643999999999	-4.005430597910481	
12A	4	a	181.644632	245.876384	234.82576	64.231752	1.2708640985648163	213.415176	32.115876	61.000224250651016	
12A	4	a	246.567048	363.289264	283.17224	116.722216	1.6218266754005324	304.582824	58.361108	183.31211866803324	
12A	4	a	363.979928	373.649224	371.577232	9.669296000000031	0.4232710942057931	368.814576	4.834648000000016	2.2238317944519546	
12A	4	a	374.339888	420.614376	412.326408	46.27448800000002	0.7277966427786069	397.1318	23.13724400000001	25.79869949251863	
12A	4	a	421.30504	440.643632	424.75836	19.338592000000006	0.39439437670714916	430.974336	9.669296000000003	6.172051863854496	
12A	4	a	441.334296	444.787616	441.334296	3.4533200000000193	0.23988050190646248	442.715624	1.7266600000000096	0.44520443298929013	
12A	4	a	445.47828	450.312928	447.550272	4.834648000000016	0.19012769700139742	447.550272	2.417324000000008	0.6316614028801641	
12A	4	a	451.003592	472.414176	453.075584	21.41058399999997	0.4630558505003002	461.363552	10.705291999999986	6.351501652205821	
12A	4	a	473.10484	475.867496	473.10484	2.7626559999999927	0.32955437210805805	474.486168	1.3813279999999963	0.7498868982930214	
12A	4	a	476.55816	481.392808	478.630152	4.834648000000016	0.2991105125663793	478.630152	2.417324000000008	1.0736580774133566	
12A	4	a	482.083472	486.227456	484.846128	4.143984000000046	0.25700385293206374	484.155464	2.071992000000023	0.6171702691965351	
12A	4	a	486.91812	488.990112	487.608784	2.071992000000023	0.2675548202260689	487.608784	1.0359960000000115	0.40748113107370365	
12A	4	a	489.680776	498.659408	490.37144	8.978632000000005	0.373617682528101	493.82476	4.489316000000002	2.6665018129755564	
12A	4	a	499.350072	503.494056	502.803392	4.143983999999989	0.42662448638963646	501.422064	2.0719919999999945	1.3385802702702856	
12A	4	a	504.18472	514.54468	513.163352	10.359959999999944	0.3582746239384722	509.019368	5.179979999999972	2.450830141422183	
12A	4	a	515.235344	521.45132	515.235344	6.215975999999955	0.2668543924999902	517.998	3.1079879999999775	0.8905228754843861	
12A	4	a	522.141984	524.90464	523.523312	2.7626559999999927	0.1377584644077423	523.523312	1.3813279999999963	0.19617073737452806	
12A	4	a	525.595304	530.429952	529.048624	4.834647999999902	0.30082929357899424	527.667296	2.417323999999951	0.9668921964430348	
12A	4	a	537.336592	569.7978	541.480576	32.461208000000056	0.4868540972480755	553.221864	16.230604000000028	11.371948690778655	
12A	4	a	570.488464	580.15776	570.488464	9.669296000000031	0.33473939769219463	575.323112	4.834648000000016	1.7199996991435924	
12A	4	a	580.848424	583.61108	582.229752	2.7626559999999927	0.1965504291053417	582.229752	1.3813279999999963	0.37888085485391443	
12A	4	a	584.301744	588.445728	584.992408	4.143984000000046	0.1313592963207686	586.373736	2.071992000000023	0.4045134332892628	
12A	4	a	589.136392	591.208384	589.136392	2.071992000000023	0.08496203680885905	589.827056	1.0359960000000115	0.13340800329585445	
12A	4	a	591.899048	597.42436	591.899048	5.525311999999985	0.23307940149075534	594.661704	2.7626559999999927	0.7065195152900134	
13A	4	a	0.0	12.431952	5.525312	12.431952	1.3492206106279907	6.215976	6.215976	14.456758708191884	
13A	4	a	13.122616	21.410584	13.81328	8.287968	0.21620135800028617	17.2666	4.143984	1.0363047566985548	
13A	2	b	22.101248	31.770544	28.317224	9.669296000000003	-0.1334746685337329	26.935896	4.834648000000001	-1.0666787680175576	
13A	4	a	32.461208	71.829056	63.541088	39.367847999999995	1.6634574871865508	51.7998	19.683923999999998	48.206115080498066	
13A	4	a	72.51972	121.556864	104.980928	49.037144	2.0343525321635436	96.69296	24.518572	81.4616691453408	
13A	4	a	122.247528	174.047328	153.327408	51.79979999999999	1.2305869257435527	147.802096	25.899899999999995	55.61410680218898	
13A	4	a	178.881976	350.166648	247.257712	171.284672	3.2980909562540717	264.524312	85.642336	427.4073553950925	
13A	4	a	350.857312	363.289264	354.310632	12.431952000000024	0.585723044603693	357.073288	6.215976000000012	5.929901239631663	
13A	4	a	363.979928	370.195904	369.50524	6.215976000000012	0.47647010137544754	366.742584	3.107988000000006	2.1256068908777674	
13A	4	a	370.886568	408.873088	383.31852	37.986519999999985	0.6947247377606338	389.534496	18.993259999999992	20.567079532980127	
13A	4	a	410.94508	415.089064	411.635744	4.143983999999989	0.5039033160812103	413.017072	2.0719919999999945	1.233730806272984	
13A	4	a	415.779728	419.233048	417.85172	3.4533200000000193	0.3489878996621485	417.161056	1.7266600000000096	0.9212584049955623	
13A	4	a	419.923712	438.57164	433.736992	18.64792799999998	0.6061562817186221	428.902344	9.32396399999999	8.359580944361026	
13A	4	a	439.262304	443.406288	439.952968	4.143984000000046	0.4564558557752285	441.334296	2.071992000000023	0.9139712166584548	
13A	4	a	444.096952	450.312928	446.859608	6.215976000000012	0.4548716449686765	446.859608	3.107988000000006	1.9561483790925553	
13A	4	a	451.003592	453.766248	452.38492	2.7626559999999927	0.18136506005027542	452.38492	1.3813279999999963	0.4335095090837253	
13A	4	a	454.456912	459.29156	454.456912	4.834648000000016	0.37350929833905866	456.528904	2.417324000000008	1.3762238010515588	
13A	4	a	462.054216	474.486168	468.270192	12.431952000000024	0.4533321735218543	468.270192	6.215976000000012	4.2853084858316794	
13A	4	a	475.176832	477.248824	475.176832	2.071992000000023	0.3962192866530394	475.867496	1.0359960000000115	0.4187289550608053	
13A	4	a	477.939488	482.774136	480.702144	4.834648000000016	0.5249167793104448	480.01148	2.417324000000008	1.5154437176754154	
13A	4	a	483.4648	486.227456	484.155464	2.7626559999999927	0.4409991221093854	484.846128	1.3813279999999963	0.8419891605516856	
13A	4	a	486.91812	488.990112	486.91812	2.071992000000023	0.3067430426947517	487.608784	1.0359960000000115	0.4884323801196988	
13A	4	a	489.680776	498.659408	490.37144	8.978632000000005	0.5555901966870032	493.82476	4.489316000000002	3.541134013346216	
13A	4	a	499.350072	502.112728	500.7314	2.7626559999999927	0.43454200383036223	500.7314	1.3813279999999963	0.8929964148669942	
13A	4	a	502.803392	510.400696	502.803392	7.597304000000008	0.5263322599072957	506.256712	3.798652000000004	2.452797660665839	
13A	4	a	511.09136	521.45132	515.235344	10.359960000000001	0.5139715401087273	515.926008	5.1799800000000005	3.503729960278804	
13A	4	a	522.141984	531.120616	526.285968	8.978632000000061	0.5152083579700104	526.285968	4.489316000000031	3.3305390482051394	
13A	4	a	531.81128	547.005888	545.62456	15.194608000000017	0.4923819395104374	539.408584	7.597304000000008	6.216740875643275	
13A	4	a	547.696552	549.768544	548.387216	2.071992000000023	0.34838980215400284	548.387216	1.0359960000000115	0.6447465291999386	
13A	4	a	555.98452	558.747176	558.056512	2.7626559999999927	0.29423518722379427	557.365848	1.3813279999999963	0.4820450542515502	
13A	4	a	559.43784	563.581824	560.128504	4.143983999999932	0.5126067852071436	561.509832	2.071991999999966	1.471245481845454	
13A	4	a	564.272488	587.755064	582.229752	23.482575999999995	0.4317261987667429	576.013776	11.741287999999997	7.579681988638475	
13A	4	a	588.445728	591.208384	589.827056	2.7626559999999927	0.1530870096064021	589.827056	1.3813279999999963	0.34611693511770625	
13A	4	a	591.899048	593.97104	591.899048	2.071992000000023	0.2677288297367113	592.589712	1.0359960000000115	0.21506736060801046	
14A	4	a	2.762656	16.575936	11.741288	13.813279999999999	0.4546634851264342	9.669296	6.9066399999999994	4.406690138640274	
14A	4	a	17.2666	22.791912	21.410584	5.525312	0.15590868102349642	20.029256	2.762656	0.8989112679662004	
14A	4	a	23.482576	31.07988	29.698552	7.597303999999998	0.10277850034433378	26.935896	3.798651999999999	0.536372293310841	
14A	2	b	39.367848	41.43984	39.367848	2.0719919999999945	-0.09007420085170548	40.058512	1.0359959999999973	-0.061527915605699146	
14A	4	a	48.34648	73.901048	63.541088	25.554568000000003	1.011898531992193	60.778432	12.777284000000002	16.9109021748095	
14A	4	a	74.591712	77.354368	75.282376	2.7626559999999927	0.08346626112009758	75.97304	1.3813279999999963	0.1998701324398997	
14A	2	b	78.045032	82.189016	80.807688	4.143983999999989	-0.13990653980904888	80.117024	2.0719919999999945	-0.5048700181825216	
14A	4	a	82.87968	118.794208	109.815576	35.914528000000004	0.9348786529457511	100.836944	17.957264000000002	21.650031872474464	
14A	4	a	119.484872	121.556864	120.175536	2.0719920000000087	0.14591601829814316	120.175536	1.0359960000000044	0.231766594426964	
14A	2	b	122.247528	147.111432	132.607488	24.863904000000005	-0.4384247592952404	134.67948	12.431952000000003	-7.6065168478000675	
14A	4	a	151.255416	168.522016	162.30604	17.26660000000001	0.6790382689278056	159.543384	8.633300000000006	7.366052486813877	
14A	4	a	169.21268	178.881976	173.356664	9.669296000000003	0.4243361317181584	174.047328	4.834648000000001	3.916997516155223	
14A	2	b	179.57264	181.644632	180.953968	2.0719919999999945	-0.11791415750864331	180.263304	1.0359959999999973	-0.14588939474083196	
14A	2	b	182.335296	185.097952	182.335296	2.7626559999999927	-0.0787393683066373	183.716624	1.3813279999999963	-0.16178779927628417	
14A	2	b	185.788616	201.673888	193.38592	15.885272000000015	-0.396480040058651	193.38592	7.942636000000007	-5.2739888403262585	
14A	4	a	203.74588	353.619968	253.473688	149.87408799999997	2.8208485297145725	278.337592	74.93704399999999	360.4624365988013	
14A	4	a	354.310632	359.835944	356.382624	5.525311999999985	0.31955294932751954	357.073288	2.7626559999999927	1.2792043513901241	
14A	4	a	360.526608	363.289264	361.217272	2.7626559999999927	0.3511500000867258	361.907936	1.3813279999999963	0.8499201849878197	
14A	4	a	368.814576	406.801096	382.627856	37.986519999999985	0.6827150912596558	387.462504	18.993259999999992	15.661832284468929	
14A	4	a	407.49176	418.542384	412.326408	11.050624000000028	0.616396489799282	413.017072	5.525312000000014	4.612753546749493	
14A	4	a	420.614376	450.312928	434.427656	29.698552000000007	0.674311665527771	435.11832	14.849276000000003	15.185219189801495	
14A	4	a	451.003592	453.766248	451.694256	2.7626559999999927	0.24097757831321687	452.38492	1.3813279999999963	0.6295004375426689	
14A	4	a	454.456912	460.672888	457.219568	6.215976000000012	0.534514853855228	457.219568	3.107988000000006	2.0115628739204805	
14A	4	a	461.363552	472.414176	468.270192	11.05062399999997	0.46356077487285674	466.888864	5.525311999999985	3.353669170182256	
14A	4	a	473.10484	475.867496	475.176832	2.7626559999999927	0.3473080664785826	474.486168	1.3813279999999963	0.746890612403412	
14A	4	a	476.55816	482.774136	480.702144	6.215976000000012	0.2659730061636658	479.320816	3.107988000000006	1.15273715919807	
14A	4	a	483.4648	486.227456	484.155464	2.7626559999999927	0.23422341942917413	484.846128	1.3813279999999963	0.42789329407600185	
14A	4	a	486.91812	488.990112	486.91812	2.071992000000023	0.14985320148042192	487.608784	1.0359960000000115	0.22137045900971586	
14A	4	a	489.680776	498.659408	497.968744	8.978632000000005	0.42519865536595347	493.82476	4.489316000000002	2.4137034232457815	
14A	4	a	499.350072	513.854016	504.18472	14.50394399999999	0.5545497980064411	506.256712	7.251971999999995	4.886274807819456	
14A	4	a	514.54468	520.760656	515.926008	6.215976000000069	0.44390974948282036	517.307336	3.1079880000000344	2.4313389254351545	
14A	4	a	521.45132	524.213976	523.523312	2.7626559999999927	0.2969810858704953	522.832648	1.3813279999999963	0.5038562083140583	
14A	4	a	524.90464	531.120616	526.285968	6.215976000000069	0.4031169743432983	527.667296	3.1079880000000344	2.279381365766314	
14A	4	a	531.81128	564.963152	540.789912	33.151872000000026	0.6809132046227688	548.387216	16.575936000000013	16.04232969550392	
14A	4	a	567.725808	580.15776	570.488464	12.431952000000024	0.31011808317299483	573.941784	6.215976000000012	3.132635184436392	
14A	4	a	580.848424	587.0644	584.992408	6.215975999999955	0.21980267155413102	583.61108	3.1079879999999775	1.0519440167541347	
14A	4	a	587.755064	591.208384	590.51772	3.453320000000076	0.2446863761554141	589.136392	1.726660000000038	0.2601485662412095	
14A	4	a	591.899048	596.043032	591.899048	4.143984000000046	0.29161503777046605	593.97104	2.071992000000023	1.0612711905851064	
14A	4	a	598.115024	599.496352	599.496352	1.3813280000000532	0.23757982653120635	598.805688	0.6906640000000266	0.11015675283477755	
15A	4	a	0.0	2.762656	1.381328	2.762656	0.18998013292139238	1.381328	1.381328	0.37826503906186293	
15A	4	a	3.45332	30.389216	19.338592	26.935896	0.4758256426359031	16.575936	13.467948	6.750400105597133	
15A	4	a	31.07988	33.151872	31.770544	2.071991999999998	0.09074665880316068	31.770544	1.035995999999999	0.1181150659844965	
15A	4	a	33.842536	38.677184	37.98652	4.834647999999994	0.13808917068679083	35.914528	2.417323999999997	0.35316377147284506	
15A	4	a	39.367848	42.130504	40.058512	2.762656	0.10198212950724095	40.749176	1.381328	0.20957710572330956	
15A	4	a	44.89316	56.634448	53.181128	11.741287999999997	0.12255452598075678	50.418472	5.870643999999999	1.0063034476159816	
15A	4	a	59.397104	99.455616	78.045032	40.05851200000001	0.5152077846863872	79.42636	20.029256000000004	15.433558371890507	
15A	4	a	100.14628	109.815576	105.671592	9.669295999999989	0.17504154646324643	104.980928	4.834647999999994	1.4936888647120488	
15A	4	a	110.50624	118.794208	115.340888	8.287967999999992	0.20238526129055234	114.650224	4.143983999999996	1.5140763986141694	
15A	4	a	119.484872	140.204792	131.22616	20.719920000000002	0.3984928096246918	129.844832	10.359960000000001	5.379411456254215	
15A	4	a	140.895456	170.594008	164.378032	29.698552000000007	0.3899558616959773	155.3994	14.849276000000003	8.473335968725136	
15A	4	a	171.284672	183.716624	176.11932	12.431951999999995	0.29189983250102713	177.500648	6.215975999999998	3.077014492354865	
15A	2	b	186.47928	232.063104	216.868496	45.58382400000002	-0.8507239557430903	209.271192	22.79191200000001	-29.647609871962146	
15A	4	a	234.135096	256.236344	246.567048	22.10124799999997	1.153182999030351	245.18572	11.050623999999985	19.308406986574138	
15A	4	a	258.308336	361.217272	283.17224	102.90893599999998	1.8151404844625105	309.417472	51.45446799999999	185.14244327513705	
15A	4	a	363.979928	368.123912	366.05192	4.143984000000046	0.22379612871103305	366.05192	2.071992000000023	0.4813438791655109	
15A	4	a	371.577232	375.030552	371.577232	3.4533200000000193	0.3995838753931622	372.95856	1.7266600000000096	0.7575820676507536	
15A	4	a	379.8652	396.441136	382.627856	16.575935999999956	0.5884706221127942	388.153168	8.287967999999978	5.30279220237947	
15A	4	a	398.513128	403.347776	401.275784	4.834648000000016	0.41170105500463805	400.58512	2.417324000000008	1.4546286954101468	
15A	4	a	404.03844	406.801096	404.03844	2.7626559999999927	0.40062394136647583	405.419768	1.3813279999999963	0.9111246194953608	
15A	4	a	409.563752	417.161056	411.635744	7.597303999999951	0.6128658191461263	413.017072	3.7986519999999757	2.64144494498691	
15A	4	a	417.85172	421.30504	419.923712	3.4533200000000193	0.34217644426856	419.233048	1.7266600000000096	0.6337890536377175	
15A	4	a	421.995704	464.126208	433.736992	42.13050400000003	1.0658603848609545	442.715624	21.065252000000015	39.39606868411006	
15A	4	a	464.816872	467.579528	464.816872	2.7626559999999927	0.34173872289494867	466.1982	1.3813279999999963	0.5737298139043023	
15A	4	a	468.270192	472.414176	469.65152	4.143983999999989	0.34586535142020125	470.342184	2.0719919999999945	0.8272545042224007	
15A	4	a	473.10484	476.55816	473.10484	3.4533199999999624	0.4900912171519245	474.486168	1.7266599999999812	1.024281118895722	
15A	4	a	477.248824	483.4648	480.702144	6.215976000000012	0.31478457141171035	480.01148	3.107988000000006	1.0491600421108043	
15A	4	a	484.155464	486.227456	485.536792	2.071992000000023	0.4827746189615638	484.846128	1.0359960000000115	0.7765426400321651	
15A	4	a	486.91812	498.659408	491.752768	11.741287999999997	0.611525456220722	492.443432	5.870643999999999	6.026332007235517	
15A	4	a	499.350072	513.163352	500.7314	13.81328000000002	0.5405596006474767	506.256712	6.90664000000001	4.799078934708568	
15A	4	a	513.854016	520.069992	515.235344	6.215975999999955	0.32907732460069283	516.616672	3.1079879999999775	1.403400130047343	
15A	4	a	522.141984	524.213976	523.523312	2.071992000000023	0.2804237271174941	522.832648	1.0359960000000115	0.3016934371857918	
15A	4	a	524.90464	531.120616	529.048624	6.215976000000069	0.2459243119761929	527.667296	3.1079880000000344	1.2669790917384347	
15A	4	a	531.81128	535.955264	534.573936	4.143984000000046	0.20446376973475466	533.883272	2.071992000000023	0.6966566817029207	
15A	4	a	539.408584	541.480576	540.789912	2.071992000000023	0.36859207720005216	540.099248	1.0359960000000115	0.394365230745775	
15A	4	a	542.17124	564.272488	560.128504	22.10124799999994	0.5964396752783259	553.221864	11.05062399999997	10.604261429570466	
15A	4	a	564.963152	580.15776	575.323112	15.194608000000017	0.5643279487778088	572.560456	7.597304000000008	5.355873328243094	
15A	4	a	580.848424	589.136392	584.992408	8.287967999999978	0.5186730707382168	584.992408	4.143983999999989	2.582517163135753	
15A	4	a	589.827056	593.280376	591.899048	3.453320000000076	0.4132984120242824	591.208384	1.726660000000038	0.782371125094981	
15A	4	a	593.97104	599.496352	594.661704	5.525311999999985	0.2813582813420048	596.733696	2.7626559999999927	1.0338445874000186	
16A	4	a	0.0	4.834648	1.381328	4.834648	0.16032127333307766	2.071992	2.417324	0.6160574146657791	
16A	4	a	8.287968	22.791912	15.885272	14.503944	1.0501200019499572	15.194608	7.251972	8.870736822262227	
16A	4	a	23.482576	32.461208	28.317224	8.978631999999998	0.2517811885286205	27.62656	4.489315999999999	2.164416235511118	
16A	4	a	33.151872	41.43984	35.914528	8.287968	0.10035627457962093	37.295856	4.143984	0.4321072569958164	
16A	4	a	42.130504	48.34648	46.274488	6.215975999999998	0.08127833103195936	44.89316	3.107987999999999	0.4318226429010532	
16A	4	a	51.109136	78.735696	72.51972	27.626560000000005	0.40038291095102263	64.922416	13.813280000000002	6.545171736193543	
16A	4	a	81.498352	97.383624	84.261008	15.885272	0.19891554681555412	89.095656	7.942636	2.6618346781849143	
16A	4	a	98.074288	112.578232	103.5996	14.503944000000004	0.2056133853009845	104.980928	7.251972000000002	2.2801666265068232	
16A	4	a	113.268896	123.628856	116.031552	10.359960000000001	0.29619773809573235	118.103544	5.1799800000000005	2.4526592554605475	
16A	4	a	124.31952	126.391512	125.010184	2.0719920000000087	0.048418994030146933	125.010184	1.0359960000000044	0.057550920179645804	
16A	4	a	127.082176	140.204792	134.67948	13.122615999999994	0.35923311132116265	133.298152	6.561307999999997	3.4446994232371577	
16A	4	a	140.895456	145.730104	143.658112	4.834648000000016	0.16364691766249084	142.967448	2.417324000000008	0.6553375065767111	
16A	4	a	146.420768	174.737992	167.831352	28.31722399999998	0.44179037760202355	160.234048	14.15861199999999	9.386592859501146	
16A	4	a	175.428656	182.335296	177.500648	6.90664000000001	0.12276144515974341	178.881976	3.453320000000005	0.4594866374205844	
16A	4	a	184.407288	218.940488	204.436544	34.533199999999994	0.2306728641661362	201.673888	17.266599999999997	5.443699640748914	
16A	4	a	219.631152	229.300448	223.084472	9.669296000000003	0.11795708799839666	224.4658	4.834648000000001	0.6563342357217854	
16A	4	a	231.37244	255.54568	249.329704	24.173239999999993	2.4061728448398076	243.113728	12.086619999999996	42.51341181066928	
16A	4	a	256.236344	418.542384	314.25212	162.30604000000005	3.9434767052797763	337.044032	81.15302000000003	629.0625944845738	
16A	4	a	421.995704	472.414176	434.427656	50.41847200000001	0.8850215164142483	446.859608	25.209236000000004	38.1411759250134	
16A	4	a	473.10484	475.867496	475.176832	2.7626559999999927	0.3064523829215844	474.486168	1.3813279999999963	0.6269084465453396	
16A	4	a	482.774136	485.536792	484.155464	2.7626559999999927	0.19406574126858445	484.155464	1.3813279999999963	0.3385173500837553	
16A	4	a	487.608784	498.659408	490.37144	11.05062399999997	0.3924722975409658	493.134096	5.525311999999985	2.164906927196329	
16A	4	a	500.7314	524.213976	515.926008	23.482575999999995	0.48333166739487154	512.472688	11.741287999999997	7.681699258017055	
16A	4	a	524.90464	526.976632	526.285968	2.071992000000023	0.16804011157180554	525.595304	1.0359960000000115	0.15347554415741627	
16A	4	a	527.667296	530.429952	529.048624	2.7626559999999927	0.21570314606685415	529.048624	1.3813279999999963	0.3128003575129643	
16A	4	a	533.883272	558.747176	540.789912	24.863903999999934	0.45826074247664295	546.315224	12.431951999999967	9.069855310008682	
16A	4	a	559.43784	565.653816	560.128504	6.215975999999955	0.3708895220182278	562.200496	3.1079879999999775	1.8412816097068987	
16A	4	a	569.107136	591.208384	572.560456	22.101248000000055	0.38615798346734564	580.15776	11.050624000000028	6.251668695245835	
16A	4	a	591.899048	596.043032	591.899048	4.143984000000046	0.4243756041648652	593.97104	2.071992000000023	0.9076718397821626	
16A	4	a	596.733696	598.805688	596.733696	2.071992000000023	0.28285935068718615	597.42436	1.0359960000000115	0.27559890483777494	
17A	4	a	1.381328	5.525312	3.45332	4.143984	0.11551321031613071	3.45332	2.071992	0.33122329747279	
17A	4	a	6.215976	22.791912	17.2666	16.575936	0.9071985229983532	14.503944	8.287968	10.369003406203806	
17A	4	a	23.482576	69.757064	31.770544	46.274488	0.4567839281013173	46.274488	23.137244	13.149277178196744	
17A	4	a	70.447728	80.807688	74.591712	10.359960000000001	0.370223549700321	75.282376	5.1799800000000005	2.7737522644548953	
17A	4	a	82.87968	130.535496	118.103544	47.655816	1.2771094203795963	106.362256	23.827908	30.828243552325027	
17A	4	a	131.22616	155.3994	145.03944	24.17324000000002	0.43041660128606996	142.967448	12.08662000000001	6.902105374716696	
17A	4	a	156.090064	158.162056	156.090064	2.0719919999999945	0.02393938763471848	156.780728	1.0359959999999973	0.038511221113529004	
17A	2	b	167.140688	169.21268	168.522016	2.0719919999999945	-0.09159917854542421	167.831352	1.0359959999999973	-0.0881934973145233	
17A	4	a	169.903344	180.263304	175.428656	10.359960000000001	0.4864862563087424	174.737992	5.1799800000000005	4.327708343528426	
17A	4	a	180.953968	187.860608	185.097952	6.90664000000001	0.17165693651602343	184.407288	3.453320000000005	0.5853494614683283	
17A	4	a	188.551272	192.695256	189.9326	4.143983999999989	0.08895367346598526	190.623264	2.0719919999999945	0.2365342005078368	
17A	4	a	194.767248	197.529904	194.767248	2.7626559999999927	0.05318385551556126	196.148576	1.3813279999999963	0.09019114161641317	
17A	4	a	198.220568	202.364552	198.220568	4.143984000000017	0.12010427086329312	200.29256	2.0719920000000087	0.28538953739744377	
17A	4	a	203.055216	208.580528	207.889864	5.525311999999985	0.13566671999112678	205.817872	2.7626559999999927	0.5560492121590754	
17A	4	a	209.271192	212.033848	209.271192	2.7626559999999927	0.17888654180166164	210.65252	1.3813279999999963	0.30691091218865907	
17A	4	a	212.724512	218.249824	214.10584	5.525311999999985	0.17300729624114464	215.487168	2.7626559999999927	0.6879999446336797	
17A	4	a	218.940488	230.681776	226.537792	11.741288000000026	0.14701132702984498	224.4658	5.870644000000013	1.2687204988612173	
17A	4	a	231.37244	234.135096	232.063104	2.7626559999999927	0.07071604588021607	232.753768	1.3813279999999963	0.1321539638884759	
17A	4	a	234.82576	236.897752	234.82576	2.0719919999999945	0.10489221856164566	235.516424	1.0359959999999973	0.11135780216049396	
17A	2	b	237.588416	243.113728	241.041736	5.525312000000014	-0.18848847445548067	240.351072	2.762656000000007	-0.5446255532527098	
17A	4	a	243.804392	264.524312	253.473688	20.719920000000002	1.7174943305986279	254.164352	10.359960000000001	28.793448628237545	
17A	4	a	265.214976	325.302744	285.934896	60.08776800000004	1.7216567378179688	294.913528	30.04388400000002	102.31184565827947	
17A	4	a	325.993408	419.233048	382.627856	93.23964000000001	1.376606210277286	372.267896	46.619820000000004	103.43995367048902	
17A	4	a	419.923712	440.643632	429.593008	20.719920000000002	0.895197004569356	430.283672	10.359960000000001	14.815741486706303	
17A	4	a	441.334296	450.312928	447.550272	8.978632000000005	0.514455648790145	445.47828	4.489316000000002	4.0223133148622665	
17A	4	a	451.003592	472.414176	466.1982	21.41058399999997	0.6649930150966838	461.363552	10.705291999999986	13.666139557017473	
17A	4	a	473.10484	531.81128	515.235344	58.706439999999986	0.7078035794416611	502.112728	29.353219999999993	31.941145887312544	
17A	4	a	532.501944	599.496352	599.496352	66.99440800000002	4.045227427063201	565.653816	33.49720400000001	193.85213442624138	
18A	4	a	0.0	14.503944	0.690664	14.503944	0.7792733015580997	6.90664	7.251972	9.801197931168893	
18A	4	a	15.194608	26.245232	20.71992	11.050624000000001	0.4671394501783741	20.71992	5.5253120000000004	4.236231704423969	
18A	4	a	26.935896	32.461208	29.698552	5.525312	0.23451055661420384	29.698552	2.762656	1.0162969713132537	
18A	4	a	33.151872	39.367848	37.295856	6.215976000000005	0.14106961934626483	35.914528	3.1079880000000024	0.7844132500667975	
18A	4	a	40.058512	92.548976	82.189016	52.490463999999996	0.3682298757204556	66.303744	26.245231999999998	11.43878925632362	
18A	4	a	93.23964	116.031552	105.671592	22.79191200000001	0.19673038216063565	104.290264	11.395956000000005	4.111480528458807	
18A	4	a	116.722216	133.988816	131.22616	17.26660000000001	0.33954050743659936	125.010184	8.633300000000006	3.6828298828913275	
18A	4	a	134.67948	142.967448	139.514128	8.287967999999978	0.21413476761702244	138.823464	4.143983999999989	1.3085540424755795	
18A	4	a	145.03944	169.903344	153.327408	24.86390399999999	0.13525482747132855	157.471392	12.431951999999995	1.7274958246254097	
18A	4	a	171.975336	195.457912	185.097952	23.482575999999995	0.12076665089388161	183.716624	11.741287999999997	2.0246606126085274	
18A	4	a	198.220568	201.673888	199.601896	3.4533200000000193	0.07055197658680878	199.601896	1.7266600000000096	0.1344356423479096	
18A	4	a	202.364552	207.1992	204.436544	4.834647999999987	0.06894698621355921	204.436544	2.4173239999999936	0.17556226294767652	
18A	4	a	209.271192	212.033848	211.343184	2.7626559999999927	0.05118076220440004	210.65252	1.3813279999999963	0.0781822695042762	
18A	4	a	212.724512	214.796504	214.10584	2.0719919999999945	0.03776210949329695	213.415176	1.0359959999999973	0.043909292028229574	
18A	4	a	215.487168	218.940488	217.55916	3.453319999999991	0.043781954540417445	216.868496	1.7266599999999954	0.0868605497177628	
18A	4	a	219.631152	234.135096	223.775136	14.503944000000018	0.07916843363547299	226.537792	7.251972000000009	0.8221648946418394	
18A	4	a	234.82576	238.27908	236.897752	3.453319999999991	0.0671361370043666	236.207088	1.7266599999999954	0.1894653600536098	
18A	4	a	243.804392	245.876384	243.804392	2.0719919999999945	0.049753389386674396	244.495056	1.0359959999999973	0.07545895875166475	
18A	4	a	246.567048	248.63904	247.257712	2.0719919999999945	0.0443949620265891	247.257712	1.0359959999999973	0.05873386636148581	
18A	4	a	251.401696	269.35896	256.927008	17.957264000000038	0.36398268205912787	260.380328	8.978632000000019	6.2656226087789575	
18A	2	b	271.430952	273.502944	271.430952	2.071992000000023	-0.08915920210723494	272.121616	1.0359960000000115	-0.08239353274225669	
18A	4	a	274.193608	305.964152	288.697552	31.77054400000003	0.8852741872336933	290.07888	15.885272000000015	28.451022344707646	
18A	4	a	308.036144	329.446728	315.633448	21.41058400000003	1.6127290711188085	318.396104	10.705292000000014	24.24144113122058	
18A	2	b	330.137392	337.044032	334.281376	6.9066400000000385	-0.6700966351590858	333.590712	3.4533200000000193	-4.160534268294388	
18A	4	a	337.734696	408.182424	355.69196	70.44772800000004	1.630139158820815	372.95856	35.22386400000002	99.21011004135649	
18A	4	a	408.873088	419.233048	411.635744	10.359960000000001	0.5302279932275624	413.707736	5.1799800000000005	4.535462690137524	
18A	4	a	419.923712	448.240936	428.21168	28.317223999999953	1.3643166047785948	433.736992	14.158611999999977	38.49867908691271	
18A	4	a	448.9316	451.694256	449.622264	2.7626559999999927	0.39906073207998194	450.312928	1.3813279999999963	0.9678466214745112	
18A	2	b	452.38492	455.147576	453.075584	2.7626559999999927	-0.30092797031646246	453.766248	1.3813279999999963	-0.756147392280154	
18A	4	a	455.83824	467.579528	464.126208	11.741287999999997	0.5086596893543094	461.363552	5.870643999999999	4.012833064041125	
18A	4	a	468.270192	482.774136	478.630152	14.50394399999999	1.8505411077074383	475.176832	7.251971999999995	14.925539206617554	
18A	4	a	483.4648	493.134096	488.990112	9.669295999999974	1.5934765137487839	488.299448	4.834647999999987	11.410407419784349	
18A	4	a	495.206088	547.696552	502.803392	52.490463999999974	1.5202099906368831	521.45132	26.245231999999987	85.1995496843965	
18A	4	a	548.387216	575.323112	566.34448	26.93589600000007	0.7908037103630274	561.509832	13.467948000000035	16.65298631959551	
18A	4	a	576.013776	599.496352	599.496352	23.482575999999995	1.175704944957305	587.755064	11.741287999999997	26.25951311930062	
19A	4	a	0.0	8.978632	3.45332	8.978632	0.15679994971215327	4.143984	4.489316	1.2232614672002464	
19A	4	a	9.669296	22.101248	13.81328	12.431951999999999	0.15258775612806996	15.885272	6.2159759999999995	1.1508256196264512	
19A	4	a	24.17324	45.583824	26.245232	21.410584	0.23707397390749163	34.5332	10.705292	4.3388939326281495	
19A	4	a	46.274488	48.34648	46.274488	2.0719920000000016	0.06375379721573449	46.965152	1.0359960000000008	0.06425155678213601	
19A	4	a	57.325112	60.087768	58.70644	2.762656	0.022488769198639957	58.70644	1.381328	0.03692080022888722	
19A	2	b	62.15976	65.61308	64.922416	3.453319999999998	-0.033900351224176006	63.541088	1.726659999999999	-0.059265416545331684	
19A	2	b	77.354368	80.117024	78.045032	2.762656000000007	-0.03739205626140363	78.735696	1.3813280000000034	-0.060901617877570535	
19A	4	a	82.189016	109.815576	91.167648	27.626559999999998	0.11685781415189966	96.002296	13.813279999999999	2.1513531831330934	
19A	4	a	110.50624	114.650224	111.887568	4.143983999999989	0.10639563758210224	112.578232	2.0719919999999945	0.37140587385827106	
19A	4	a	116.722216	140.204792	134.67948	23.482575999999995	0.3877835253616895	128.463504	11.741287999999997	5.701678988498667	
19A	4	a	140.895456	151.255416	147.111432	10.359960000000001	0.26140248742063843	145.730104	5.1799800000000005	2.0733866919779245	
19A	4	a	151.94608	238.27908	227.91912	86.333	0.24482466833030125	194.767248	43.1665	20.457124645446914	
19A	2	b	241.041736	282.481576	277.646928	41.43984000000003	-0.3351267597757448	261.761656	20.719920000000016	-11.175214634911915	
19A	4	a	283.17224	316.324112	303.89216	33.151872000000026	2.4172034805141207	299.748176	16.575936000000013	72.56678710989374	
19A	4	a	318.396104	322.540088	319.777432	4.143984000000046	0.26466607006910037	320.468096	2.071992000000023	0.6745416219383265	
19A	2	b	323.230752	330.828056	325.302744	7.597304000000008	-0.2780336503230534	326.684072	3.798652000000004	-1.8682816207714878	
19A	2	b	331.51872	337.734696	334.281376	6.215976000000012	-0.16919402616999024	334.281376	3.107988000000006	-0.6981020430056943	
19A	4	a	338.42536	341.87868	339.116024	3.4533199999999624	0.16517698745399523	339.806688	1.7266599999999812	0.3856721862854522	
19A	2	b	342.569344	345.332	343.260008	2.7626559999999927	-0.04984184661031721	343.950672	1.3813279999999963	-0.10841320384380171	
19A	2	b	347.403992	349.475984	348.094656	2.071991999999966	-0.10153881779696672	348.094656	1.035995999999983	-0.17246907225478236	
19A	4	a	350.166648	395.059808	376.41188	44.893159999999966	1.1985685782600015	372.267896	22.446579999999983	46.90699782644833	
19A	4	a	397.822464	419.233048	410.254416	21.41058399999997	0.6807707310818287	408.182424	10.705291999999986	12.23926595950963	
19A	4	a	419.923712	430.283672	428.21168	10.359960000000001	2.253151117200197	424.75836	5.1799800000000005	21.866832670725696	
19A	2	b	430.974336	434.427656	430.974336	3.4533200000000193	-0.5135183783103856	432.355664	1.7266600000000096	-1.0603760447961843	
19A	2	b	435.11832	437.190312	436.499648	2.071992000000023	-0.002691210499704333	435.808984	1.0359960000000115	-0.0029158434679681378	
19A	4	a	439.262304	442.02496	439.952968	2.7626560000000495	0.06295311337990839	440.643632	1.3813280000000248	0.08536201211732752	
19A	4	a	444.787616	459.982224	455.147576	15.19460799999996	0.26418403681809677	452.38492	7.59730399999998	2.3176923497809954	
19A	4	a	460.672888	470.342184	466.1982	9.669295999999974	0.2781123104764043	465.507536	4.834647999999987	1.7590332128358557	
19A	4	a	471.032848	480.01148	473.795504	8.978632000000005	0.23038083735152304	475.176832	4.489316000000002	1.5614966601452642	
19A	4	a	480.702144	488.990112	484.846128	8.287968000000035	0.21944173234639663	484.846128	4.143984000000017	1.6753586599112502	
19A	4	a	489.680776	503.494056	496.587416	13.81328000000002	0.25681318199330105	496.587416	6.90664000000001	3.0376290642007824	
19A	4	a	504.18472	512.472688	508.328704	8.287967999999921	0.2675224696786138	508.328704	4.143983999999961	1.9013103624552743	
19A	4	a	514.54468	541.480576	531.120616	26.93589600000007	2.173963262301331	527.667296	13.467948000000035	38.05856002466673	
19A	4	a	542.17124	548.387216	546.315224	6.215975999999955	0.20929308821785408	544.933896	3.1079879999999775	0.9914704473484943	
19A	4	a	551.149872	554.603192	551.840536	3.453320000000076	0.09506955366175074	552.5312	1.726660000000038	0.2858347233600609	
19A	4	a	555.293856	571.869792	566.34448	16.575935999999956	0.45338286517199977	563.581824	8.287967999999978	3.991135884231039	
19A	4	a	572.560456	599.496352	599.496352	26.935895999999957	2.6552347605083844	585.683072	13.467947999999978	39.65040739094692	
