										AB_Unfed#6_Anterograde_evts_formatted.txt
ROI	Quadrant	Direction	Start time (s)	End time (s)	Peak time (s)	Duration (s)	Amplitude	Midpoint (s)	Half Duration(s)	AUC
8A	4	a	0.0	6.9102	1.8846	6.9102	1.5304182294384043	3.141	3.4551	10.265481578610725	
8A	4	a	9.423	15.0768	12.564	5.6538	0.1787209722586507	11.9358	2.8269	0.722858546117612	
8A	4	a	16.9614	28.8972	24.4998	11.9358	1.096194272086823	22.6152	5.9679	11.4450547399717	
8A	4	a	29.5254	37.0638	32.6664	7.538399999999999	0.6154601479609116	33.2946	3.7691999999999997	3.2929486804995234	
8A	4	a	38.9484	45.2304	42.0894	6.282000000000004	0.7365064763904865	42.0894	3.141000000000002	3.7377362282384086	
8A	2	b	45.8586	52.1406	48.3714	6.2819999999999965	-0.3485516437638019	48.9996	3.1409999999999982	-1.762894522917394	
8A	2	b	54.6534	60.9354	58.4226	6.282000000000004	-0.8587943295787941	57.7944	3.141000000000002	-5.396601742110261	
8A	4	a	61.5636	71.6148	64.0764	10.051200000000001	3.537962603215675	66.5892	5.025600000000001	30.507505862627614	
8A	4	a	72.243	85.4352	81.666	13.1922	2.3056746155030545	78.525	6.5961	18.970761996053916	
8A	4	a	86.0634	99.2556	92.9736	13.1922	2.5159425082447147	92.3454	6.5961	33.26892727077079	
8A	4	a	99.8838	111.8196	106.1658	11.9358	2.078152790400983	105.5376	5.9679	19.07735727110482	
8A	4	a	112.4478	141.9732	130.6656	29.52539999999999	3.8092776868184206	126.8964	14.762699999999995	77.75420026089256	
8A	4	a	143.8578	155.1654	148.2552	11.307600000000008	3.2896991624609733	149.5116	5.653800000000004	31.002891149960643	
8A	4	a	155.7936	171.4986	164.5884	15.705000000000013	3.4051394882571806	163.332	7.852500000000006	42.57681890389324	
8A	4	a	172.1268	183.4344	177.1524	11.307600000000008	1.8559928148013647	177.7806	5.653800000000004	19.903514879226464	
8A	4	a	185.319	194.742	190.3446	9.423000000000002	2.326568063025727	189.7164	4.711500000000001	24.721019020758625	
8A	2	b	195.3702	197.883	196.6266	2.5127999999999986	-0.21770370154557384	196.6266	1.2563999999999993	-0.41295813288540373	
8A	4	a	198.5112	219.2418	211.0752	20.73060000000001	2.8159130943996207	208.5624	10.365300000000005	35.58491696905293	
8A	4	a	219.87	229.293	225.5238	9.423000000000002	1.2886665073595243	224.2674	4.711500000000001	10.368179733735186	
8A	4	a	229.9212	236.8314	233.6904	6.910200000000003	1.0024210583459219	233.0622	3.4551000000000016	6.006289513692234	
8A	4	a	237.4596	247.5108	241.857	10.051199999999994	1.6735820900717293	242.4852	5.025599999999997	12.618441600676746	
8A	4	a	248.139	259.4466	251.9082	11.30759999999998	1.0930152081015745	253.7928	5.65379999999999	10.184140901002754	
8A	2	b	260.0748	263.844	263.2158	3.769200000000012	-0.19294090769327354	261.9594	1.884600000000006	-0.34905292867312987	
8A	4	a	264.4722	272.6388	268.2414	8.166600000000017	0.9684185312031666	268.2414	4.083300000000008	6.23185015749116	
8A	4	a	273.267	289.6002	279.549	16.333199999999977	1.7765095545709464	281.4336	8.166599999999988	20.97904243253092	
8A	2	b	292.7412	298.395	295.8822	5.65379999999999	-0.30513090906409523	295.254	2.826899999999995	-1.7220657881662254	
8A	4	a	299.0232	311.5872	307.1898	12.564000000000021	0.7175743702678421	305.3052	6.282000000000011	7.57202700163121	
8A	4	a	312.2154	336.7152	327.2922	24.499799999999993	2.059027761842229	324.1512	12.249899999999997	45.11287054114696	
8A	2	b	339.228	347.3946	341.7408	8.166600000000017	-0.44314753288152	342.9972	4.083300000000008	-3.183054276898603	
8A	4	a	348.0228	378.8046	368.1252	30.781799999999976	1.2488784231805017	363.0996	15.390899999999988	35.35948118466963	
8A	4	a	384.4584	398.907	395.766	14.448599999999999	2.3624101547809335	391.3686	7.2242999999999995	25.36003301982739	
8A	4	a	399.5352	405.189	401.4198	5.653800000000047	0.5027868787232457	402.048	2.8269000000000233	1.862886433397037	
8A	4	a	405.8172	434.7144	414.612	28.897199999999998	3.155987532899786	420.2658	14.448599999999999	74.88776211843239	
8A	4	a	435.3426	452.9322	445.3938	17.58960000000002	1.2452289852080458	444.1374	8.79480000000001	20.530407572799565	
8A	4	a	454.8168	476.1756	467.3808	21.358799999999974	3.6776872898214137	465.4962	10.679399999999987	67.0592092275915	
8A	4	a	476.8038	496.278	486.2268	19.474199999999996	1.53190857532873	486.2268	9.737099999999998	24.993053526774005	
8A	4	a	496.9062	514.4958	502.56	17.58960000000002	1.1470252003447499	505.701	8.79480000000001	16.866101847318973	
8A	4	a	516.3804	548.4186	532.7136	32.03819999999996	2.400789729369208	532.0854	16.01909999999998	67.3354823870283	
8A	4	a	550.9314	554.0724	552.1878	3.1409999999999627	0.7607482529315028	552.1878	1.5704999999999814	2.4116340152167695	
8A	4	a	554.7006	560.3544	556.5852	5.653800000000047	0.616520823128436	557.2134	2.8269000000000233	3.322933426011474	
8A	4	a	560.9826	572.9184	564.1236	11.935799999999972	0.9778504398732437	566.6364	5.967899999999986	11.30567477070943	
8A	4	a	573.5466	590.508	586.1106	16.961400000000026	1.8729684804698579	581.7132	8.480700000000013	33.80105171080633	
8A	4	a	594.9054	599.3028	595.5336	4.3974000000000615	0.44063016485221596	596.79	2.1987000000000307	1.1596591473268916	
9A	4	a	0.0	9.423	1.2564	9.423	1.5470543046559833	4.3974	4.7115	14.458961944328646	
9A	4	a	11.3076	40.2048	32.0382	28.897199999999998	0.4971800193748841	25.7562	14.448599999999999	10.94072051666674	
9A	4	a	40.833	48.9996	44.6022	8.166600000000003	0.2861839722542303	44.6022	4.083300000000001	2.2619681921147414	
9A	4	a	49.6278	55.9098	52.1406	6.2819999999999965	0.24268913704978523	52.7688	3.1409999999999982	0.9918508888825972	
9A	2	b	57.7944	62.1918	60.3072	4.3973999999999975	-0.4979739653192752	59.679	2.1986999999999988	-2.2060851807456103	
9A	4	a	62.82	77.8968	66.5892	15.076799999999999	1.776711796054201	70.3584	7.538399999999999	24.028028449373373	
9A	4	a	78.525	96.1146	82.9224	17.58959999999999	1.1810468515565447	87.3198	8.794799999999995	15.794475025905374	
9A	4	a	96.7428	122.499	101.7684	25.756199999999993	0.6177713746778348	109.3068	12.878099999999996	13.54911490908112	
9A	4	a	123.1272	146.3706	130.6656	23.243399999999994	1.0132645000010179	134.4348	11.621699999999997	22.369717579975593	
9A	4	a	146.9988	160.8192	150.768	13.820400000000006	0.9829913134019854	153.909	6.910200000000003	12.408727729548803	
9A	4	a	161.4474	180.2934	170.2422	18.846000000000004	1.119498705424645	170.8704	9.423000000000002	18.71655838730498	
9A	2	b	184.0626	185.9472	185.319	1.884600000000006	-0.13686297446015416	184.6908	0.942300000000003	-0.18006744490049087	
9A	4	a	190.3446	204.165	195.9984	13.820399999999978	0.6804319851492213	197.2548	6.910199999999989	8.003875154839967	
9A	4	a	204.7932	209.1906	207.306	4.397399999999976	0.4473128074462771	206.6778	2.198699999999988	1.3526888208103625	
9A	4	a	211.0752	226.7802	214.8444	15.705000000000013	0.4885571395001005	218.6136	7.852500000000006	7.092096213331491	
9A	4	a	227.4084	235.575	229.9212	8.166599999999988	0.46419260922342787	231.1776	4.083299999999994	3.5145828052441246	
9A	4	a	236.2032	247.5108	239.9724	11.30759999999998	0.671662608585482	241.857	5.65379999999999	7.659728728623342	
9A	4	a	248.139	256.9338	251.28	8.79480000000001	0.6404685513862596	252.5364	4.397400000000005	4.160811018614166	
9A	2	b	257.562	259.4466	258.8184	1.8845999999999776	-0.14267634494971837	258.1902	0.9422999999999888	-0.15725050672192076	
9A	4	a	260.0748	265.1004	262.5876	5.025599999999997	0.49955861445116945	262.5876	2.5127999999999986	2.417119033366319	
9A	2	b	266.985	269.4978	266.985	2.51279999999997	-0.0588481547948998	268.2414	1.256399999999985	-0.07626472024921682	
9A	2	b	270.126	272.0106	270.126	1.8846000000000345	-0.045680117567448164	270.7542	0.9423000000000172	-0.07921603121654908	
9A	2	b	278.2926	280.8054	278.2926	2.512800000000027	-0.18766491252850415	279.549	1.2564000000000135	-0.33307558498656586	
9A	4	a	282.69	289.6002	285.831	6.910199999999975	0.3174712104487032	285.831	3.4550999999999874	2.2630289643123334	
9A	4	a	291.4848	293.3694	292.113	1.8845999999999776	0.1354071668672887	292.113	0.9422999999999888	0.21284576058908478	
9A	4	a	295.254	297.7668	295.8822	2.51279999999997	0.12900958983780697	296.5104	1.256399999999985	0.21711775007918188	
9A	4	a	299.6514	309.7026	304.677	10.051199999999994	0.42242258582919057	304.677	5.025599999999997	3.989753849951504	
9A	4	a	310.3308	335.4588	329.1768	25.127999999999986	0.617220025868388	322.8948	12.563999999999993	13.973785161794746	
9A	4	a	338.5998	341.7408	339.228	3.1409999999999627	0.3125331663561255	339.8562	1.5704999999999814	0.7140484790281807	
9A	2	b	342.369	348.651	345.51	6.281999999999982	-0.21819887062001975	345.51	3.140999999999991	-1.00684908963391	
9A	4	a	349.2792	367.497	358.074	18.21780000000001	0.4318623459490887	358.074	9.108900000000006	5.391924337857486	
9A	4	a	368.1252	383.202	373.779	15.076799999999992	0.3463479522550017	375.6636	7.538399999999996	5.753373262295929	
9A	4	a	388.2276	410.2146	398.2788	21.987000000000023	1.8332449398188189	398.907	10.993500000000012	37.011275520158655	
9A	4	a	410.8428	440.3682	419.6376	29.52539999999999	1.267020242617967	425.2914	14.762699999999995	38.42350766994949	
9A	4	a	440.9964	447.2784	446.022	6.281999999999982	0.38004184659472884	444.1374	3.140999999999991	2.2905001839430605	
9A	4	a	449.7912	457.9578	452.304	8.166600000000017	0.4206545794469889	453.5604	4.083300000000008	2.627782687737268	
9A	4	a	460.4706	484.3422	467.3808	23.8716	1.5006974157203228	472.4064	11.9358	34.362964309624694	
9A	4	a	484.9704	515.124	506.9574	30.15360000000004	1.0922656973682106	500.0472	15.07680000000002	26.453109764636274	
9A	4	a	517.6368	519.5214	517.6368	1.8845999999999776	0.2392461425833723	518.265	0.9422999999999888	0.36548303011858696	
9A	4	a	521.406	523.2906	522.0342	1.8846000000000913	0.17647908309091598	522.0342	0.9423000000000457	0.21260080255320446	
9A	4	a	525.1752	547.1622	535.2264	21.986999999999966	1.4231840031840228	535.8546	10.993499999999983	32.44638687599198	
9A	4	a	550.9314	565.38	558.4698	14.448599999999942	0.9013545583509242	557.8416	7.224299999999971	12.054597273789854	
9A	4	a	566.0082	599.931	584.8542	33.92280000000005	0.9792396424474656	582.9696	16.961400000000026	26.252925801494214	
10A	4	a	0.0	2.5128	1.2564	2.5128	0.09529751820916665	1.2564	1.2564	0.226766448883561	
10A	4	a	3.141	21.3588	8.7948	18.217799999999997	1.0455396362272147	11.9358	9.108899999999998	16.604067380620588	
10A	4	a	21.987	35.1792	32.0382	13.192200000000003	0.547774385554801	28.269	6.596100000000002	6.213038016306387	
10A	2	b	37.692	39.5766	38.3202	1.884599999999999	-0.04524305491447045	38.3202	0.9422999999999995	-0.06622270964853083	
10A	2	b	40.2048	43.3458	41.4612	3.1409999999999982	-0.13891616937077877	41.4612	1.5704999999999991	-0.34173074500567147	
10A	2	b	48.3714	61.5636	50.8842	13.1922	-0.44434297785679533	54.6534	6.5961	-4.281564978612182	
10A	4	a	62.1918	67.8456	64.0764	5.653800000000004	0.536583881347001	64.7046	2.826900000000002	2.803630048046104	
10A	4	a	70.3584	107.4222	85.4352	37.0638	1.5953359167363246	88.5762	18.5319	48.30298217561158	
10A	2	b	109.3068	111.1914	110.5632	1.884600000000006	-0.05499877440779599	109.935	0.942300000000003	-0.05233900129890401	
10A	2	b	113.076	124.3836	114.9606	11.307600000000008	-0.35732051466628256	118.7298	5.653800000000004	-3.8085168395008537	
10A	4	a	126.2682	146.3706	139.4604	20.102400000000003	0.7255016204449216	136.3194	10.051200000000001	11.254884626438114	
10A	4	a	146.9988	160.8192	154.5372	13.820400000000006	0.7615465417253553	153.909	6.910200000000003	7.973301791350395	
10A	4	a	161.4474	177.7806	165.2166	16.333200000000005	0.8753097999882602	169.614	8.166600000000003	12.701488753369858	
10A	4	a	178.4088	204.7932	194.1138	26.3844	0.728729714026576	191.601	13.1922	18.631940293729315	
10A	4	a	206.6778	235.575	218.6136	28.897199999999998	0.8405943231071724	221.1264	14.448599999999999	26.531153491286815	
10A	4	a	237.4596	241.857	239.9724	4.397400000000005	0.32050988258287205	239.3442	2.1987000000000023	0.9777240168491579	
10A	4	a	242.4852	258.8184	250.0236	16.333200000000005	0.7437119293097894	250.6518	8.166600000000003	9.683544309325441	
10A	4	a	259.4466	265.1004	260.703	5.65379999999999	0.49310942830100224	261.9594	2.826899999999995	2.8110781702713092	
10A	4	a	270.7542	272.6388	272.0106	1.8845999999999776	0.09687626083820433	271.3824	0.9422999999999888	0.09583113917747887	
10A	4	a	273.267	275.1516	273.267	1.8845999999999776	0.12291917753217341	273.8952	0.9422999999999888	0.18409252776777763	
10A	4	a	277.6644	280.1772	277.6644	2.512800000000027	0.13939104067174135	278.9208	1.2564000000000135	0.1643689454043935	
10A	4	a	280.8054	299.0232	290.8566	18.217799999999954	0.5175300003854009	289.6002	9.108899999999977	6.791885121945319	
10A	4	a	300.9078	302.7924	302.1642	1.8845999999999776	0.09048929259386362	301.536	0.9422999999999888	0.12458087738997037	
10A	4	a	304.677	309.0744	307.1898	4.397400000000005	0.22022223455223155	306.5616	2.1987000000000023	0.6803907002506904	
10A	4	a	309.7026	315.9846	312.8436	6.281999999999982	0.2540576065061586	312.8436	3.140999999999991	1.3105224935083646	
10A	4	a	316.6128	355.5612	339.228	38.94839999999999	1.102750923269495	336.087	19.474199999999996	35.276564656122275	
10A	4	a	357.4458	372.5226	358.074	15.076799999999992	0.23097974330026894	364.9842	7.538399999999996	3.3943582267151164	
10A	4	a	373.1508	375.0354	373.779	1.8845999999999776	0.19216821021984032	373.779	0.9422999999999888	0.29343718304316724	
10A	4	a	375.6636	385.0866	378.8046	9.423000000000002	0.23687177841563134	380.061	4.711500000000001	2.028340799756065	
10A	4	a	386.9712	391.3686	387.5994	4.397400000000005	0.10474403459224568	388.8558	2.1987000000000023	0.2592967227545735	
10A	4	a	391.9968	428.4324	398.2788	36.435599999999965	0.5411865607949213	410.2146	18.217799999999983	20.247469789679194	
10A	4	a	429.0606	449.163	440.9964	20.10239999999999	1.184372271151176	439.1118	10.051199999999994	23.11940546684608	
10A	4	a	451.0476	453.5604	451.6758	2.512800000000027	0.1679768723612849	452.304	1.2564000000000135	0.43857971636617776	
10A	2	b	454.1886	459.2142	455.445	5.025599999999997	-0.23642908506692883	456.7014	2.5127999999999986	-0.9903363939333945	
10A	4	a	461.0988	483.714	469.2654	22.615200000000016	1.2872329131956697	472.4064	11.307600000000008	30.56150377714023	
10A	4	a	484.3422	493.7652	491.2524	9.423000000000002	0.5216634405460834	488.7396	4.711500000000001	3.9267820877307376	
10A	4	a	494.3934	514.4958	506.3292	20.102400000000046	1.0367127592096672	504.4446	10.051200000000023	24.553927067841407	
10A	4	a	515.124	546.534	532.7136	31.409999999999968	1.6214102743946057	530.829	15.704999999999984	40.67722785671935	
10A	4	a	547.1622	568.521	552.1878	21.358799999999974	1.2135900369383261	557.8416	10.679399999999987	25.470596235688575	
10A	4	a	570.4056	588.6234	575.4312	18.217799999999897	0.9065440092058772	579.2004	9.108899999999949	12.745831429252034	
10A	4	a	589.2516	599.931	591.7644	10.679399999999987	0.6152641518481126	594.2772	5.3396999999999935	3.921587473462666	
11A	4	a	0.0	2.5128	0.0	2.5128	0.35204760891818054	1.2564	1.2564	0.7706195905497752	
11A	4	a	3.141	15.0768	8.7948	11.9358	0.596481683715778	8.7948	5.9679	5.033194296535774	
11A	4	a	15.705	45.2304	27.0126	29.525400000000005	0.494052265812023	30.1536	14.762700000000002	11.840280680643042	
11A	4	a	45.8586	50.8842	47.7432	5.025599999999997	0.5515452657627389	48.3714	2.5127999999999986	3.052489958695161	
11A	4	a	52.7688	118.7298	98.6274	65.961	1.1509311323061002	85.4352	32.9805	61.47944107210114	
11A	2	b	122.499	124.3836	122.499	1.884600000000006	-0.19159586671163886	123.1272	0.942300000000003	-0.1863562446096081	
11A	4	a	126.8964	134.4348	130.6656	7.538399999999996	0.29988388689410606	130.6656	3.769199999999998	1.425303035650372	
11A	4	a	135.063	152.0244	139.4604	16.961400000000026	0.6865888950895762	143.2296	8.480700000000013	9.644121512675659	
11A	4	a	152.6526	160.8192	155.7936	8.166599999999988	0.3361579436045812	156.4218	4.083299999999994	2.052920271056383	
11A	4	a	162.7038	177.7806	165.2166	15.076799999999992	0.5482935427698656	170.2422	7.538399999999996	8.381273395337264	
11A	4	a	178.4088	223.6392	202.2804	45.230399999999975	1.1527401237361037	201.024	22.615199999999987	50.6247998671824	
11A	4	a	225.5238	240.6006	230.5494	15.076799999999992	0.8435133976603613	233.0622	7.538399999999996	10.162414281690516	
11A	2	b	241.2288	243.1134	241.857	1.884600000000006	-0.10222107348043963	241.857	0.942300000000003	-0.14576152721207958	
11A	4	a	243.7416	270.7542	251.28	27.01260000000002	1.1200027218302289	256.9338	13.50630000000001	31.277752421099102	
11A	4	a	271.3824	275.1516	273.8952	3.7691999999999553	0.15357717556716466	273.267	1.8845999999999776	0.5318936128291885	
11A	4	a	277.6644	280.1772	278.2926	2.512800000000027	0.23122006469259304	278.9208	1.2564000000000135	0.4883389699540377	
11A	4	a	282.0618	296.5104	290.8566	14.448599999999999	0.5345060005070348	288.972	7.2242999999999995	6.377597376401688	
11A	4	a	297.1386	309.0744	301.536	11.935800000000029	0.3816463173733542	302.7924	5.967900000000014	3.7822526348875245	
11A	2	b	313.4718	320.382	315.9846	6.910200000000032	-0.20498288685574728	316.6128	3.455100000000016	-1.2382554595046518	
11A	4	a	322.2666	327.9204	325.4076	5.65379999999999	0.14403622325572307	324.7794	2.826899999999995	0.49520997087023133	
11A	4	a	328.5486	354.3048	339.228	25.75619999999998	0.8445739224029456	341.1126	12.87809999999999	17.112304492050278	
11A	4	a	354.933	359.9586	358.074	5.025599999999997	0.1665174492755117	357.4458	2.5127999999999986	0.6832893676786211	
11A	4	a	362.4714	367.497	364.356	5.025599999999997	0.17022191384482532	364.9842	2.5127999999999986	0.6912932575043103	
11A	4	a	368.1252	375.0354	368.1252	6.910199999999975	0.22200959028212708	371.2662	3.4550999999999874	1.3775061666360724	
11A	4	a	375.6636	382.5738	378.8046	6.910200000000032	0.207853603172655	378.8046	3.455100000000016	1.3792170888994875	
11A	4	a	383.202	386.343	384.4584	3.1410000000000196	0.1579691736027904	384.4584	1.5705000000000098	0.3290095702505047	
11A	4	a	386.9712	388.8558	387.5994	1.8845999999999776	0.10128949957238476	387.5994	0.9422999999999888	0.17309721374968934	
11A	4	a	389.484	391.3686	390.7404	1.8846000000000345	0.0897255659934384	390.1122	0.9423000000000172	0.13967400632653604	
11A	4	a	398.907	449.163	440.9964	50.25600000000003	1.3115731123505423	424.035	25.128000000000014	58.26550515685195	
11A	4	a	449.7912	454.8168	451.6758	5.025599999999997	0.25444174565927824	452.304	2.5127999999999986	1.0933820357786521	
11A	4	a	456.7014	482.4576	467.3808	25.756200000000035	1.1482383921523063	469.2654	12.878100000000018	23.16969567809725	
11A	4	a	483.0858	514.4958	502.56	31.410000000000025	1.285042915844775	498.7908	15.705000000000013	32.200232249260985	
11A	2	b	515.124	517.6368	517.0086	2.51279999999997	-0.2149547050401317	516.3804	1.256399999999985	-0.3528288719014743	
11A	4	a	522.0342	545.2776	532.7136	23.24339999999995	1.379081014629394	533.3418	11.621699999999976	26.45954419804382	
11A	4	a	545.9058	554.0724	552.1878	8.166600000000017	0.5299566270378246	549.675	4.083300000000008	3.480674872325273	
11A	4	a	554.7006	565.38	561.6108	10.679399999999987	0.7991313713226642	559.7262	5.3396999999999935	6.2711791034305415	
11A	4	a	566.0082	580.4568	575.4312	14.448600000000056	0.7006600351976626	572.9184	7.224300000000028	6.6810354040062245	
11A	4	a	581.085	589.2516	584.8542	8.166600000000017	0.9079389808157963	584.8542	4.083300000000008	6.043444877453183	
11A	4	a	589.8798	599.931	591.7644	10.051199999999994	0.5851575685212183	594.9054	5.025599999999997	5.209943960861698	
12A	4	a	3.141	13.1922	8.7948	10.0512	0.4001349953093829	8.1666	5.0256	3.0742246497727743	
12A	4	a	15.705	17.5896	15.705	1.8846000000000007	0.10580836239717684	16.3332	0.9423000000000004	0.12609682845762293	
12A	4	a	18.2178	20.1024	18.2178	1.884599999999999	0.053090508719558116	18.846	0.9422999999999995	0.04014479976747687	
12A	4	a	20.7306	31.41	27.0126	10.679400000000001	0.35084634748188215	25.7562	5.339700000000001	2.829800646694954	
12A	4	a	32.0382	41.4612	32.6664	9.422999999999995	0.25511613752570206	36.4356	4.711499999999997	1.9246111411575377	
12A	4	a	42.0894	45.2304	43.3458	3.1410000000000053	0.23395580571524555	43.3458	1.5705000000000027	0.4971806418657163	
12A	4	a	45.8586	55.9098	52.1406	10.051199999999994	0.3795156407642075	50.8842	5.025599999999997	2.6539082841771204	
12A	4	a	65.3328	71.6148	66.5892	6.2819999999999965	0.2662470188665811	68.4738	3.1409999999999982	0.7002271925409804	
12A	2	b	73.4994	77.2686	74.7558	3.769200000000012	-0.19177731253211938	75.384	1.884600000000006	-0.7018890971045781	
12A	2	b	77.8968	79.7814	79.1532	1.884600000000006	-0.09349151100850861	78.525	0.942300000000003	-0.14621893688490495	
12A	2	b	83.5506	85.4352	84.807	1.8845999999999918	-0.08871296405317786	84.1788	0.9422999999999959	-0.1262783436392958	
12A	4	a	86.0634	95.4864	87.948	9.423000000000002	0.25840108072774726	90.4608	4.711500000000001	1.4292556687235036	
12A	4	a	97.371	122.499	111.1914	25.128	0.6844400204109053	109.935	12.564	14.69456959846781	
12A	4	a	123.1272	125.0118	124.3836	1.8845999999999918	0.27764392619599043	123.7554	0.9422999999999959	0.3355069769072685	
12A	4	a	125.64	177.7806	155.7936	52.14059999999999	0.8094139822878983	151.3962	26.070299999999996	34.655995301277734	
12A	4	a	178.4088	224.2674	207.306	45.858599999999996	0.7953772719528729	201.024	22.929299999999998	26.873779213278596	
12A	4	a	224.8956	235.575	234.9468	10.679399999999987	0.3168374359919852	229.9212	5.3396999999999935	3.2596118662804816	
12A	4	a	236.2032	247.5108	239.9724	11.30759999999998	0.4280756752158048	241.857	5.65379999999999	3.9558435481310106	
12A	4	a	248.139	254.421	250.0236	6.281999999999982	0.36219935116491087	251.28	3.140999999999991	2.0816246042661515	
12A	4	a	255.0492	266.3568	262.5876	11.307600000000008	0.5218046569634573	260.703	5.653800000000004	4.485331240041788	
12A	4	a	266.985	272.6388	268.2414	5.65379999999999	0.20613760350804	269.4978	2.826899999999995	0.9008259141448374	
12A	4	a	273.267	277.0362	275.7798	3.769200000000012	0.2692488650431706	275.1516	1.884600000000006	0.935785287827537	
12A	4	a	277.6644	280.1772	278.2926	2.512800000000027	0.2761101021273724	278.9208	1.2564000000000135	0.6293646325181577	
12A	4	a	280.8054	282.69	280.8054	1.8845999999999776	0.302666413417672	281.4336	0.9422999999999888	0.2681663616361476	
12A	4	a	283.3182	286.4592	285.2028	3.1410000000000196	0.25400820319626405	284.5746	1.5705000000000098	0.7869181733895942	
12A	4	a	287.0874	289.6002	288.3438	2.51279999999997	0.286553263303702	288.3438	1.256399999999985	0.6619084083255196	
12A	4	a	290.2284	294.6258	290.8566	4.397400000000005	0.3441148458659491	292.113	2.1987000000000023	1.1313187462226502	
12A	4	a	297.1386	299.0232	298.395	1.8845999999999776	0.37526992643110546	297.7668	0.9422999999999888	0.39373671761917706	
12A	4	a	299.6514	310.3308	301.536	10.679399999999987	0.44120236506951827	304.677	5.3396999999999935	4.1655534328127395	
12A	4	a	310.959	315.9846	312.8436	5.025599999999997	0.27003628926617296	313.4718	2.5127999999999986	1.068297592610195	
12A	4	a	316.6128	319.7538	316.6128	3.1410000000000196	0.16939299362542215	317.8692	1.5705000000000098	0.3008679729612851	
12A	2	b	326.0358	329.1768	327.2922	3.1410000000000196	-0.1129391007811229	327.2922	1.5705000000000098	-0.3107079005783433	
12A	4	a	334.8306	346.7664	339.228	11.935799999999972	0.5280891755875494	340.4844	5.967899999999986	3.360795484349911	
12A	4	a	347.3946	351.1638	348.651	3.7691999999999553	0.29105237730418665	349.2792	1.8845999999999776	0.9061297714063752	
12A	4	a	351.792	361.215	358.074	9.423000000000002	0.2354014785747367	356.1894	4.711500000000001	1.365900665775042	
12A	4	a	361.8432	367.497	361.8432	5.65379999999999	0.2588955250634548	364.356	2.826899999999995	1.2316182267233184	
12A	4	a	368.1252	372.5226	368.1252	4.397400000000005	0.2847910617349996	370.0098	2.1987000000000023	1.057066055998206	
12A	4	a	373.1508	375.0354	373.779	1.8845999999999776	0.24576714006814981	373.779	0.9422999999999888	0.4297467846432248	
12A	4	a	375.6636	386.343	381.9456	10.679400000000044	0.30241661079721105	380.6892	5.339700000000022	2.7139599295808905	
12A	4	a	386.9712	391.3686	390.7404	4.397400000000005	0.3568508036135043	388.8558	2.1987000000000023	1.4637791926472614	
12A	4	a	391.9968	410.2146	393.2532	18.21780000000001	0.5435261565226686	400.7916	9.108900000000006	6.682520606984858	
12A	4	a	410.8428	428.4324	421.5222	17.58959999999996	0.38579969811533843	419.6376	8.79479999999998	6.922752522111173	
12A	4	a	430.317	432.8298	430.9452	2.51279999999997	0.3077026947295245	431.5734	1.256399999999985	0.44714203323465185	
12A	4	a	433.458	447.2784	440.9964	13.82039999999995	0.49014543165303337	440.3682	6.910199999999975	5.262353277567451	
12A	4	a	451.0476	459.8424	452.304	8.79480000000001	0.2924480330331569	455.445	4.397400000000005	1.6334112089409665	
12A	4	a	461.727	483.714	477.432	21.987000000000023	0.6821358559048889	472.4064	10.993500000000012	11.029347141225173	
12A	4	a	484.3422	488.7396	487.4832	4.397400000000005	0.4084865115563723	486.2268	2.1987000000000023	1.326538317947625	
12A	4	a	489.3678	517.0086	502.56	27.640800000000013	0.9520723792483672	503.1882	13.820400000000006	23.26329738884288	
12A	4	a	517.6368	519.5214	517.6368	1.8845999999999776	0.37292941636429333	518.265	0.9422999999999888	0.6410905167556447	
12A	4	a	521.406	547.1622	535.2264	25.756200000000035	1.510093783634069	533.97	12.878100000000018	33.24804187350225	
12A	4	a	550.9314	553.4442	552.1878	2.51279999999997	0.38534353391693443	552.1878	1.256399999999985	0.915623015967677	
12A	4	a	556.5852	565.38	561.6108	8.79480000000001	0.7306553565027727	560.9826	4.397400000000005	5.787709864826196	
12A	4	a	566.0082	572.9184	566.0082	6.910200000000032	0.25377640642177113	569.1492	3.455100000000016	0.9020304118888589	
12A	4	a	573.5466	590.508	576.6876	16.961400000000026	0.7791487355327504	581.7132	8.480700000000013	12.035407289082233	
12A	4	a	591.1362	594.9054	591.7644	3.7691999999999553	0.38363431983328056	593.0208	1.8845999999999776	1.1961731397273425	
12A	4	a	595.5336	599.931	598.6746	4.3974000000000615	0.2634547755537717	597.4182	2.1987000000000307	0.8875710418439677	
13A	4	a	0.0	2.5128	0.0	2.5128	0.36777990129696114	1.2564	1.2564	0.9429695229664565	
13A	4	a	3.141	20.1024	8.7948	16.961399999999998	0.437802285772003	11.3076	8.480699999999999	6.949108744597785	
13A	4	a	20.7306	26.3844	24.4998	5.6538	0.27575749362148017	23.2434	2.8269	1.4153496661386002	
13A	4	a	27.0126	28.8972	27.0126	1.8846000000000025	0.2524140542631237	27.6408	0.9423000000000012	0.3974291053203851	
13A	4	a	29.5254	45.2304	39.5766	15.705000000000002	0.3264669974012673	37.0638	7.852500000000001	4.244979614483529	
13A	4	a	45.8586	58.4226	52.1406	12.564	0.364798123089205	52.1406	6.282	3.6447033209627113	
13A	4	a	61.5636	71.6148	66.5892	10.051200000000001	0.3724042515497761	66.5892	5.025600000000001	2.0796580704144736	
13A	4	a	72.243	74.1276	72.8712	1.884600000000006	0.1066692308662347	72.8712	0.942300000000003	0.1604068306966866	
13A	4	a	84.1788	95.4864	87.948	11.307600000000008	0.2639868959488254	89.8326	5.653800000000004	2.2453939097152347	
13A	4	a	96.1146	122.499	111.1914	26.3844	0.5479558535480251	109.3068	13.1922	10.258173051924516	
13A	4	a	123.1272	125.0118	124.3836	1.8845999999999918	0.26894404396368365	123.7554	0.9422999999999959	0.4616994338174445	
13A	4	a	125.64	162.0756	146.9988	36.43560000000001	0.5118068481626246	143.8578	18.217800000000004	15.563852378788901	
13A	4	a	162.7038	206.0496	172.755	43.3458	0.40271528534424306	184.0626	21.6729	16.94012968867569	
13A	4	a	206.6778	209.1906	207.306	2.5127999999999986	0.272113947240598	207.9342	1.2563999999999993	0.4988260486232443	
13A	4	a	209.8188	258.8184	239.9724	48.99959999999999	0.5661676525209813	234.3186	24.499799999999993	26.076435987325375	
13A	4	a	259.4466	270.126	262.5876	10.679399999999987	0.521702610739144	264.4722	5.3396999999999935	4.122286440461163	
13A	4	a	270.7542	277.0362	275.7798	6.281999999999982	0.3122407110039376	273.8952	3.140999999999991	1.318183251721008	
13A	4	a	277.6644	280.1772	278.2926	2.512800000000027	0.4281219937240124	278.9208	1.2564000000000135	0.8586879900853948	
13A	4	a	280.8054	282.69	280.8054	1.8845999999999776	0.30517582699397394	281.4336	0.9422999999999888	0.35332445230034537	
13A	4	a	283.3182	294.6258	290.8566	11.307600000000036	0.37868274452419115	288.972	5.653800000000018	3.727513311451629	
13A	4	a	297.1386	299.0232	298.395	1.8845999999999776	0.3993392473271875	297.7668	0.9422999999999888	0.3930245853653389	
13A	4	a	299.6514	324.7794	307.1898	25.127999999999986	0.6120856845145859	312.2154	12.563999999999993	13.18451211146397	
13A	4	a	325.4076	347.3946	339.228	21.987000000000023	0.606916383896019	336.087	10.993500000000012	7.1142181357734975	
13A	4	a	348.0228	354.3048	348.651	6.281999999999982	0.2690150155798836	351.1638	3.140999999999991	1.1214018900272391	
13A	4	a	354.933	361.215	358.074	6.281999999999982	0.32644770462017014	358.074	3.140999999999991	1.6208243699138665	
13A	4	a	361.8432	367.497	361.8432	5.65379999999999	0.305368832287245	364.356	2.826899999999995	1.733793999192983	
13A	4	a	368.1252	372.5226	368.1252	4.397400000000005	0.34747298328044707	370.0098	2.1987000000000023	1.435093261150123	
13A	4	a	373.1508	375.0354	373.779	1.8845999999999776	0.2952347999247049	373.779	0.9422999999999888	0.5098326946018563	
13A	4	a	375.6636	383.202	381.9456	7.538400000000024	0.21241819874048495	379.4328	3.769200000000012	1.3297504300671221	
13A	4	a	385.7148	391.3686	390.7404	5.65379999999999	0.23699930357613752	388.2276	2.826899999999995	1.1428155836994076	
13A	4	a	391.9968	410.2146	393.2532	18.21780000000001	0.47517441207940614	400.7916	9.108900000000006	6.404971923956779	
13A	4	a	410.8428	415.8684	413.3556	5.025599999999997	0.29262365481481645	413.3556	2.5127999999999986	1.3812630123842329	
13A	4	a	416.4966	428.4324	417.1248	11.935799999999972	0.3465469214339105	422.1504	5.967899999999986	3.7130892772131485	
13A	2	b	429.0606	430.9452	430.317	1.8845999999999776	-0.00975384920161737	429.6888	0.9422999999999888	-0.007010195923935925	
13A	4	a	433.458	438.4836	435.9708	5.025599999999997	0.3340534248656013	435.9708	2.5127999999999986	1.7218444795622503	
13A	4	a	439.1118	449.163	446.022	10.051199999999994	0.3815484901918591	444.1374	5.025599999999997	2.625823903879489	
13A	4	a	449.7912	459.8424	452.304	10.051199999999994	0.3767739077868928	454.8168	5.025599999999997	2.9982351844673634	
13A	4	a	460.4706	517.0086	502.56	56.53800000000001	0.8696009018246684	488.7396	28.269000000000005	43.45731985784449	
13A	4	a	517.6368	549.0468	532.7136	31.409999999999968	1.1418762791550279	533.3418	15.704999999999984	28.792473553095302	
13A	4	a	549.675	565.38	561.6108	15.705000000000041	0.6237404910681104	557.2134	7.8525000000000205	9.393237861252654	
13A	4	a	566.0082	590.508	586.1106	24.49980000000005	0.5574208397828677	577.944	12.249900000000025	10.09843488647795	
13A	4	a	591.1362	594.9054	591.7644	3.7691999999999553	0.4289305776922703	593.0208	1.8845999999999776	1.255791078295557	
13A	4	a	595.5336	599.931	598.6746	4.3974000000000615	0.2752530915741733	597.4182	2.1987000000000307	1.1945003475627889	
14A	4	a	0.0	2.5128	0.0	2.5128	0.30759235833782483	1.2564	1.2564	0.7850953243252405	
14A	4	a	3.141	20.1024	8.7948	16.961399999999998	0.3482581587584068	11.3076	8.480699999999999	5.527413109842874	
14A	4	a	20.7306	28.8972	27.0126	8.166600000000003	0.3712480580133164	24.4998	4.083300000000001	2.7050475889468197	
14A	4	a	29.5254	45.2304	39.5766	15.705000000000002	0.2991504168326333	37.0638	7.852500000000001	4.324700965991718	
14A	4	a	45.8586	55.9098	52.1406	10.051199999999994	0.37768509103064396	50.8842	5.025599999999997	2.9508985908329004	
14A	4	a	56.538	59.679	59.0508	3.1410000000000053	0.2009419773364982	57.7944	1.5705000000000027	0.4559639515491103	
14A	4	a	60.3072	74.7558	66.5892	14.448599999999992	0.41088320134691614	67.2174	7.224299999999996	4.271155260895849	
14A	4	a	75.384	122.499	112.4478	47.114999999999995	0.43317681155145316	98.6274	23.557499999999997	16.34717357837114	
14A	4	a	123.1272	162.0756	146.9988	38.94840000000001	0.535993116384736	142.6014	19.474200000000003	17.679485170935713	
14A	4	a	162.7038	201.024	167.1012	38.3202	0.39247126990278325	181.5498	19.1601	13.920616586925469	
14A	4	a	201.6522	206.0496	202.2804	4.397400000000005	0.21547850000702162	203.5368	2.1987000000000023	0.8370411709000782	
14A	4	a	208.5624	224.2674	214.2162	15.705000000000013	0.3522813822549917	216.1008	7.852500000000006	3.900475687967864	
14A	4	a	227.4084	231.1776	229.9212	3.769200000000012	0.22729719938896942	229.293	1.884600000000006	0.7370021426228277	
14A	4	a	233.6904	235.575	234.9468	1.8845999999999776	0.21830171829902412	234.3186	0.9422999999999888	0.24709427470469603	
14A	4	a	237.4596	247.5108	246.2544	10.051199999999994	0.3522630421212387	242.4852	5.025599999999997	2.359548202044155	
14A	4	a	248.139	254.421	250.0236	6.281999999999982	0.33502830195814326	251.28	3.140999999999991	1.7432722438090629	
14A	4	a	255.0492	258.8184	256.3056	3.7691999999999837	0.2943368941508293	256.9338	1.8845999999999918	0.9698403215597535	
14A	4	a	259.4466	277.0362	260.703	17.58960000000002	0.42854739779888007	268.2414	8.79480000000001	6.7648760106536905	
14A	4	a	277.6644	280.1772	278.2926	2.512800000000027	0.30391081334146897	278.9208	1.2564000000000135	0.747744070963801	
14A	4	a	280.8054	282.69	280.8054	1.8845999999999776	0.23457597082580328	281.4336	0.9422999999999888	0.2563384562799502	
14A	4	a	283.3182	294.6258	290.8566	11.307600000000036	0.3252922243487415	288.972	5.653800000000018	2.9591923118395353	
14A	4	a	295.254	299.0232	298.395	3.7691999999999553	0.32816550855196347	297.1386	1.8845999999999776	0.9199902798570747	
14A	4	a	299.6514	315.9846	307.1898	16.333199999999977	0.5091526617122408	307.818	8.166599999999988	7.215969211014955	
14A	4	a	316.6128	321.6384	320.382	5.025599999999997	0.2348368057923942	319.1256	2.5127999999999986	0.9203175319795234	
14A	4	a	325.4076	329.805	329.1768	4.397400000000005	0.2919578454742702	327.2922	2.1987000000000023	0.5903595517754798	
14A	4	a	330.4332	354.3048	339.228	23.8716	0.6026587443048772	342.369	11.9358	7.639167790855904	
14A	4	a	354.933	361.215	358.7022	6.281999999999982	0.29443676442512867	358.074	3.140999999999991	1.276711416930655	
14A	4	a	361.8432	367.497	364.356	5.65379999999999	0.22838696625698063	364.356	2.826899999999995	0.7772024258543926	
14A	4	a	368.1252	372.5226	368.1252	4.397400000000005	0.17750282689940455	370.0098	2.1987000000000023	0.7048142455825017	
14A	4	a	373.1508	375.0354	373.779	1.8845999999999776	0.21982712931585802	373.779	0.9422999999999888	0.3911166393024157	
14A	4	a	375.6636	391.3686	381.9456	15.705000000000041	0.34441403124420056	383.202	7.8525000000000205	5.0548968710046465	
14A	4	a	391.9968	397.6506	391.9968	5.65379999999999	0.24526092780886088	394.5096	2.826899999999995	0.8298101112196026	
14A	4	a	398.2788	400.7916	399.5352	2.512800000000027	0.1803552789607945	399.5352	1.2564000000000135	0.449893602762657	
14A	4	a	401.4198	405.189	401.4198	3.769200000000012	0.2754498067535138	403.3044	1.884600000000006	0.603691092366029	
14A	4	a	405.8172	410.2146	408.9582	4.397400000000005	0.24220759596353325	407.7018	2.1987000000000023	0.9497985131172628	
14A	4	a	410.8428	415.8684	413.3556	5.025599999999997	0.2742359577437643	413.3556	2.5127999999999986	1.4291907401969448	
14A	4	a	416.4966	427.176	417.1248	10.679399999999987	0.3183698438453568	421.5222	5.3396999999999935	2.6445504486843374	
14A	4	a	429.0606	432.8298	430.9452	3.7691999999999553	0.3664294598522222	430.9452	1.8845999999999776	0.8729993383874453	
14A	4	a	433.458	438.4836	434.0862	5.025599999999997	0.3197022754931709	435.9708	2.5127999999999986	1.559812486187524	
14A	4	a	439.1118	449.163	445.3938	10.051199999999994	0.38512612203582464	444.1374	5.025599999999997	3.121178227229721	
14A	4	a	449.7912	454.8168	452.304	5.025599999999997	0.3421917649758388	452.304	2.5127999999999986	1.4842253610751577	
14A	4	a	455.445	462.3552	457.3296	6.910200000000032	0.3230500960584468	458.586	3.455100000000016	2.3754048393597955	
14A	4	a	462.9834	484.3422	469.2654	21.358799999999974	0.594474979832988	473.6628	10.679399999999987	10.841598332520682	
14A	4	a	484.9704	488.7396	487.4832	3.769200000000012	0.31505530775864443	486.855	1.884600000000006	0.9443364588400573	
14A	4	a	489.3678	491.8806	489.996	2.512800000000027	0.3067657075725787	490.6242	1.2564000000000135	0.6760605418329177	
14A	4	a	494.3934	517.0086	502.56	22.615200000000016	0.6001754059082085	505.701	11.307600000000008	9.662133689775533	
14A	4	a	517.6368	520.7778	518.265	3.1409999999999627	0.35194869348009483	518.8932	1.5704999999999814	0.9103261015009387	
14A	4	a	521.406	549.0468	532.7136	27.640800000000013	0.8317614081286848	535.2264	13.820400000000006	21.09905182369787	
14A	4	a	550.9314	565.38	552.1878	14.448599999999942	0.5403816584575498	557.8416	7.224299999999971	7.78248342697684	
14A	4	a	566.0082	581.085	573.5466	15.076800000000048	0.4578828273577251	573.5466	7.538400000000024	4.7652518376101005	
14A	4	a	581.7132	587.367	583.5978	5.653799999999933	0.40033181316662514	584.226	2.8268999999999664	2.383007589523272	
14A	4	a	589.8798	599.931	591.7644	10.051199999999994	0.4273263654951389	594.9054	5.025599999999997	4.118479835205358	
15A	4	a	0.0	2.5128	0.0	2.5128	0.29676175891743917	1.2564	1.2564	0.6960592478622178	
15A	4	a	3.141	28.8972	13.8204	25.7562	0.35807826878940574	15.705	12.8781	8.698267548087284	
15A	4	a	29.5254	31.41	30.7818	1.884599999999999	0.16994690773984011	30.1536	0.9422999999999995	0.2458306830782302	
15A	4	a	32.0382	35.1792	34.551	3.1409999999999982	0.15992692879521364	33.2946	1.5704999999999991	0.43737136661006204	
15A	4	a	35.8074	45.2304	39.5766	9.423000000000002	0.22359608399306907	40.2048	4.711500000000001	1.7010900775716005	
15A	4	a	47.115	48.9996	47.7432	1.884599999999999	0.21298741080757644	47.7432	0.9422999999999995	0.273088534002742	
15A	4	a	51.5124	55.9098	52.1406	4.3973999999999975	0.2830627160073771	53.397	2.1986999999999988	0.9584565693441558	
15A	4	a	56.538	59.679	59.0508	3.1410000000000053	0.1619107841944487	57.7944	1.5705000000000027	0.2598045994474347	
15A	4	a	60.3072	74.7558	66.5892	14.448599999999992	0.29017847317950185	67.2174	7.224299999999996	2.5283089578198545	
15A	4	a	75.384	81.0378	77.2686	5.653800000000004	0.3003056313198176	77.8968	2.826900000000002	1.505842442944207	
15A	4	a	81.666	84.1788	81.666	2.5127999999999986	0.2717809918649916	82.9224	1.2563999999999993	0.5006207604192676	
15A	4	a	84.807	104.2812	87.948	19.474199999999996	0.2859896672598037	94.23	9.737099999999998	3.9338194627482928	
15A	4	a	104.9094	107.4222	106.1658	2.5127999999999986	0.1363384099313354	106.1658	1.2563999999999993	0.3035674193833904	
15A	4	a	108.0504	118.7298	113.076	10.679400000000001	0.28822220403167265	113.076	5.339700000000001	2.817066373555229	
15A	4	a	119.358	125.0118	124.3836	5.65379999999999	0.2219177627109108	121.8708	2.826899999999995	0.7239380330417005	
15A	4	a	125.64	134.4348	130.6656	8.794799999999995	0.24071234637301941	130.0374	4.3973999999999975	1.478686052360687	
15A	4	a	135.063	162.0756	139.4604	27.01260000000002	0.3856015110977822	148.2552	13.50630000000001	8.612074272102284	
15A	4	a	162.7038	199.1394	185.9472	36.435599999999994	0.393761233825785	180.9216	18.217799999999997	12.137517173440985	
15A	4	a	199.7676	206.0496	202.2804	6.282000000000011	0.22844285788819718	202.9086	3.1410000000000053	1.117245840840738	
15A	4	a	206.6778	224.2674	214.2162	17.58960000000002	0.3590063348755539	215.4726	8.79480000000001	5.1782541070022825	
15A	4	a	224.8956	235.575	229.9212	10.679399999999987	0.330577558035154	229.9212	5.3396999999999935	3.4070337132084294	
15A	4	a	236.2032	254.421	243.7416	18.217799999999983	0.4036786261930754	244.998	9.108899999999991	5.428058070410245	
15A	4	a	255.0492	258.8184	255.0492	3.7691999999999837	0.299552495439503	256.9338	1.8845999999999918	1.0848957551568539	
15A	4	a	259.4466	266.3568	262.5876	6.910200000000032	0.37274639689727707	262.5876	3.455100000000016	2.1033650970100366	
15A	4	a	266.985	270.7542	268.2414	3.769200000000012	0.2088853824093615	268.8696	1.884600000000006	0.6015895760759538	
15A	4	a	271.3824	277.0362	274.5234	5.65379999999999	0.2686064183914709	273.8952	2.826899999999995	1.0605694053725907	
15A	4	a	277.6644	282.69	277.6644	5.025599999999997	0.29808233482811275	280.1772	2.5127999999999986	1.137443152423085	
15A	4	a	283.3182	286.4592	285.831	3.1410000000000196	0.17324139715015363	284.5746	1.5705000000000098	0.4210106914219667	
15A	4	a	287.0874	296.5104	292.113	9.423000000000002	0.22422218836248753	291.4848	4.711500000000001	1.5388720741751891	
15A	4	a	297.1386	299.0232	298.395	1.8845999999999776	0.1562128817313866	297.7668	0.9422999999999888	0.2102882224845386	
15A	4	a	300.9078	310.3308	307.1898	9.423000000000002	0.26144684452236966	305.3052	4.711500000000001	1.7446069474729065	
15A	4	a	310.959	315.9846	312.8436	5.025599999999997	0.1947794119502877	313.4718	2.5127999999999986	0.7192412097625374	
15A	4	a	316.6128	322.8948	320.382	6.281999999999982	0.2887912050177768	319.7538	3.140999999999991	1.0391825653458806	
15A	4	a	323.523	329.805	329.1768	6.281999999999982	0.3423750192457895	326.664	3.140999999999991	1.3490426595235299	
15A	4	a	330.4332	342.9972	339.228	12.564000000000021	0.30733646195218434	336.7152	6.282000000000011	1.9620397004741363	
15A	4	a	343.6254	345.51	343.6254	1.8845999999999776	0.11197730020532148	344.2536	0.9422999999999888	0.09748431156145188	
15A	4	a	349.2792	354.3048	349.9074	5.025599999999997	0.1806529337255558	351.792	2.5127999999999986	0.39540598337979826	
15A	4	a	356.1894	361.215	358.074	5.025599999999997	0.22197555419177029	358.7022	2.5127999999999986	0.7878795784192185	
15A	4	a	361.8432	367.497	364.356	5.65379999999999	0.24498911609368257	364.356	2.826899999999995	1.114396556210762	
15A	4	a	368.1252	385.0866	381.3174	16.96139999999997	0.25639811998716056	376.2918	8.480699999999985	4.475006498060702	
15A	4	a	385.7148	391.3686	387.5994	5.65379999999999	0.26165770472804795	388.2276	2.826899999999995	1.1915225986425835	
15A	4	a	391.9968	393.8814	393.2532	1.8845999999999776	0.21090092862834453	392.625	0.9422999999999888	0.3062693937253682	
15A	4	a	394.5096	404.5608	395.766	10.051199999999994	0.26797777290389746	399.5352	5.025599999999997	2.358638830313466	
15A	4	a	405.189	409.5864	408.9582	4.397400000000005	0.14159265946678445	407.0736	2.1987000000000023	0.49541534033563206	
15A	4	a	412.7274	415.8684	415.2402	3.1410000000000196	0.1949788970524704	413.9838	1.5705000000000098	0.40283259171066366	
15A	4	a	416.4966	418.3812	417.1248	1.8845999999999776	0.20572048673035503	417.1248	0.9422999999999888	0.33227839775283385	
15A	4	a	419.0094	424.035	420.894	5.025599999999997	0.17179721453695862	421.5222	2.5127999999999986	0.7890624277371421	
15A	4	a	424.6632	429.6888	425.2914	5.025599999999997	0.2234358937040355	427.176	2.5127999999999986	1.009164694501652	
15A	4	a	430.317	432.8298	430.9452	2.51279999999997	0.3021118971708372	431.5734	1.256399999999985	0.5198197491865066	
15A	4	a	433.458	438.4836	434.0862	5.025599999999997	0.30769978841578904	435.9708	2.5127999999999986	1.5721328081123902	
15A	4	a	439.1118	447.2784	440.9964	8.16659999999996	0.3033888644729341	442.881	4.08329999999998	1.760941143507357	
15A	4	a	449.7912	462.3552	456.0732	12.564000000000021	0.35728156012354795	456.0732	6.282000000000011	4.08898294332831	
15A	4	a	462.9834	483.714	469.2654	20.73059999999998	0.42344743632447646	473.0346	10.36529999999999	7.045502151075762	
15A	4	a	485.5986	488.7396	487.4832	3.1410000000000196	0.3050658986816348	486.855	1.5705000000000098	0.6961391568457422	
15A	4	a	489.3678	491.8806	489.996	2.512800000000027	0.21433875546021142	490.6242	1.2564000000000135	0.33122935684464316	
15A	4	a	494.3934	513.8676	498.1626	19.474200000000053	0.3191462493751249	503.8164	9.737100000000027	5.299687583652947	
15A	4	a	514.4958	520.7778	518.265	6.281999999999925	0.25883112863403746	517.6368	3.1409999999999627	1.4107027202637346	
15A	4	a	521.406	547.1622	526.4316	25.756200000000035	0.4152962335384647	533.97	12.878100000000018	9.652510394879949	
15A	4	a	547.7904	549.675	548.4186	1.8845999999999776	0.07174064260141044	548.4186	0.9422999999999888	0.102621093622699	
15A	4	a	550.3032	565.38	556.5852	15.076800000000048	0.3811091675271836	557.8416	7.538400000000024	5.64137147921695	
15A	4	a	566.0082	581.085	573.5466	15.076800000000048	0.3370986321481251	573.5466	7.538400000000024	4.164871811334578	
15A	4	a	581.7132	590.508	584.8542	8.79480000000001	0.2883889588236652	586.1106	4.397400000000005	2.0440420348559805	
15A	4	a	591.1362	599.931	591.1362	8.79480000000001	0.2721475517555927	595.5336	4.397400000000005	2.223757852858678	
16A	4	a	0.0	2.5128	1.8846	2.5128	0.13728676513069615	1.2564	1.2564	0.2938771127576256	
16A	4	a	6.282	28.8972	25.128	22.6152	0.32470397244165916	17.5896	11.3076	6.884003738701594	
16A	4	a	29.5254	31.41	30.7818	1.884599999999999	0.16137568538595737	30.1536	0.9422999999999995	0.2864591241644048	
16A	4	a	32.0382	35.1792	34.551	3.1409999999999982	0.2166167385379243	33.2946	1.5704999999999991	0.4518745792059482	
16A	4	a	35.8074	59.679	52.1406	23.8716	0.32125358710142926	47.7432	11.9358	5.471686541291252	
16A	4	a	60.3072	76.6404	66.5892	16.333199999999998	0.3511282433640286	68.4738	8.166599999999999	3.6708835980065695	
16A	4	a	77.2686	79.1532	77.2686	1.8845999999999918	0.18661945522554824	77.8968	0.9422999999999959	0.1767788160695032	
16A	4	a	82.2942	84.807	82.9224	2.5127999999999986	0.3379042525080287	83.5506	1.2563999999999993	0.43292661109284847	
16A	4	a	85.4352	95.4864	87.948	10.051200000000009	0.3271422470991787	90.4608	5.025600000000004	2.521658259350785	
16A	4	a	97.9992	103.0248	97.9992	5.025599999999997	0.24997274101608546	100.512	2.5127999999999986	1.0825751845817768	
16A	4	a	103.653	106.794	106.1658	3.140999999999991	0.11992981247953693	104.9094	1.5704999999999956	0.3155470104987632	
16A	4	a	108.6786	122.499	112.4478	13.820399999999992	0.39630632102243446	115.5888	6.910199999999996	4.322749157885029	
16A	4	a	123.1272	129.4092	126.8964	6.2819999999999965	0.31190849330863024	126.2682	3.1409999999999982	1.4085348749074162	
16A	4	a	130.0374	134.4348	130.6656	4.397400000000005	0.30605230527004146	131.922	2.1987000000000023	1.0019225617008463	
16A	4	a	135.063	149.5116	139.4604	14.448599999999999	0.34326089358398804	141.9732	7.2242999999999995	4.3127262531363515	
16A	4	a	150.1398	153.909	150.1398	3.7691999999999837	0.1889108478098862	152.0244	1.8845999999999918	0.572087986097757	
16A	4	a	154.5372	162.0756	159.5628	7.538399999999996	0.25884765541509935	158.3064	3.769199999999998	1.9127676592385399	
16A	4	a	162.7038	177.7806	172.755	15.076799999999992	0.3031361672122479	170.2422	7.538399999999996	4.054746962300706	
16A	4	a	178.4088	206.0496	195.3702	27.640799999999984	0.34509018862484986	192.2292	13.820399999999992	8.282259081738793	
16A	4	a	206.6778	209.8188	207.306	3.1410000000000196	0.26404960472587646	207.9342	1.5705000000000098	0.550348807137258	
16A	4	a	210.447	258.8184	243.7416	48.371399999999994	0.47108851745567115	234.3186	24.185699999999997	18.163567960314264	
16A	4	a	259.4466	277.0362	262.5876	17.58960000000002	0.4081139986347786	268.2414	8.79480000000001	7.2810065489892795	
16A	4	a	277.6644	282.69	280.8054	5.025599999999997	0.32350949095897796	280.1772	2.5127999999999986	1.4783441090391536	
16A	4	a	283.3182	294.6258	285.831	11.307600000000036	0.30604459773813275	288.972	5.653800000000018	2.612139588680443	
16A	4	a	295.254	299.0232	298.395	3.7691999999999553	0.28746637641252626	297.1386	1.8845999999999776	0.9628453145417382	
16A	4	a	299.6514	321.6384	307.1898	21.986999999999966	0.4161698137953138	310.3308	10.993499999999983	8.43183226728046	
16A	4	a	322.2666	324.7794	322.2666	2.512800000000027	0.23868951362523383	323.523	1.2564000000000135	0.3231408619734939	
16A	4	a	325.4076	329.805	329.1768	4.397400000000005	0.2875298000431048	327.2922	2.1987000000000023	0.7898171861611791	
16A	4	a	330.4332	332.946	331.6896	2.512800000000027	0.11515142417960611	331.6896	1.2564000000000135	0.25168021856452594	
16A	4	a	333.5742	342.9972	339.228	9.423000000000002	0.3748281039570305	337.9716	4.711500000000001	1.6568770431412805	
16A	4	a	343.6254	345.51	344.8818	1.8845999999999776	0.16433713701275998	344.2536	0.9422999999999888	0.172067812762001	
16A	4	a	346.1382	354.3048	349.9074	8.166600000000017	0.2375113854576334	349.9074	4.083300000000008	1.6594896906903767	
16A	4	a	354.933	361.215	358.074	6.281999999999982	0.27008436950743864	358.074	3.140999999999991	1.4559043532879237	
16A	4	a	361.8432	367.497	361.8432	5.65379999999999	0.21710975863962645	364.356	2.826899999999995	0.961245683788265	
16A	4	a	368.1252	375.0354	368.1252	6.910199999999975	0.27292509777417706	371.2662	3.4550999999999874	1.3700258755004162	
16A	4	a	375.6636	380.6892	379.4328	5.025600000000054	0.13968907527644703	378.1764	2.512800000000027	0.49579620039731065	
16A	4	a	383.202	385.0866	383.8302	1.8845999999999776	0.14132081373841388	383.8302	0.9422999999999888	0.21040733795794875	
16A	4	a	386.9712	391.3686	387.5994	4.397400000000005	0.22157011566836005	388.8558	2.1987000000000023	0.9010364899139764	
16A	4	a	391.9968	393.8814	393.2532	1.8845999999999776	0.23337166459795533	392.625	0.9422999999999888	0.31442255088175664	
16A	4	a	394.5096	397.0224	395.766	2.512800000000027	0.1552931517071432	395.766	1.2564000000000135	0.23875045145323703	
16A	4	a	397.6506	404.5608	401.4198	6.910199999999975	0.24798373596063428	400.7916	3.4550999999999874	1.1624327350734243	
16A	4	a	405.189	410.2146	408.9582	5.025599999999997	0.26705062797234547	407.7018	2.5127999999999986	0.9844476991673679	
16A	4	a	410.8428	415.8684	413.3556	5.025599999999997	0.2637748805389588	413.3556	2.5127999999999986	1.213399464623258	
16A	4	a	416.4966	418.3812	417.1248	1.8845999999999776	0.22112622473385812	417.1248	0.9422999999999888	0.31811355274042086	
16A	4	a	419.0094	432.8298	430.9452	13.82039999999995	0.2677935713145896	425.9196	6.910199999999975	2.669963260964132	
16A	4	a	433.458	442.881	440.9964	9.422999999999945	0.26446413504222654	437.8554	4.7114999999999725	2.3507948001016246	
16A	4	a	443.5092	449.163	445.3938	5.65379999999999	0.27346120707195354	446.022	2.826899999999995	1.1464350860391939	
16A	4	a	449.7912	466.7526	456.0732	16.96139999999997	0.4124373448663494	457.9578	8.480699999999985	4.877798980504668	
16A	4	a	467.3808	470.5218	467.3808	3.1409999999999627	0.3271311632353644	468.6372	1.5704999999999814	0.8337359388629171	
16A	4	a	471.15	473.0346	472.4064	1.8846000000000345	0.24185212336331752	471.7782	0.9423000000000172	0.24735781503299403	
16A	4	a	473.6628	476.8038	474.9192	3.1410000000000196	0.16781578574279798	474.9192	1.5705000000000098	0.4386779150244662	
16A	4	a	479.3166	484.3422	481.8294	5.025599999999997	0.3023507385012465	481.8294	2.5127999999999986	0.9520083736038281	
16A	4	a	484.9704	488.7396	487.4832	3.769200000000012	0.23392051676136916	486.855	1.884600000000006	0.54287039799165	
16A	4	a	489.3678	491.8806	489.996	2.512800000000027	0.22305493397277232	490.6242	1.2564000000000135	0.37995194451908443	
16A	4	a	494.3934	501.3036	498.1626	6.910200000000032	0.2202100075255018	497.5344	3.455100000000016	0.8657262807717254	
16A	4	a	501.9318	517.0086	516.3804	15.076799999999992	0.20686968997133093	509.4702	7.538399999999996	2.608106957570552	
16A	4	a	517.6368	549.675	532.7136	32.03819999999996	0.4433241617602768	533.3418	16.01909999999998	12.517387864703593	
16A	4	a	550.3032	560.3544	556.5852	10.051200000000108	0.3045465347805223	555.3288	5.025600000000054	2.619306933152016	
16A	4	a	560.9826	565.38	563.4954	4.397399999999948	0.1942204303188042	562.8672	2.198699999999974	0.8826968687148051	
16A	4	a	566.0082	578.5722	573.5466	12.563999999999965	0.271116725851412	572.2902	6.281999999999982	2.8603802300513665	
16A	4	a	579.2004	581.085	579.2004	1.8846000000000913	0.11361536988052201	579.8286	0.9423000000000457	0.12249163873540869	
16A	4	a	581.7132	585.4824	582.3414	3.7691999999999553	0.21192730840582286	583.5978	1.8845999999999776	0.6774998957668288	
16A	4	a	587.9952	599.931	591.7644	11.935800000000086	0.35519647697491585	593.649	5.967900000000043	3.630378350707878	
17A	4	a	0.0	2.5128	1.2564	2.5128	0.28367383602734364	1.2564	1.2564	0.7521604869639376	
17A	4	a	3.141	28.8972	27.0126	25.7562	0.4044408317896586	15.705	12.8781	9.567975950411139	
17A	4	a	29.5254	35.1792	32.6664	5.6538	0.21842215973067702	32.0382	2.8269	1.111109697698434	
17A	4	a	37.0638	43.974	37.692	6.910199999999996	0.20172257756923884	40.2048	3.455099999999998	1.1562724157934303	
17A	4	a	45.8586	55.9098	52.1406	10.051199999999994	0.32424265483751213	50.8842	5.025599999999997	2.0527945763711513	
17A	4	a	56.538	59.679	59.0508	3.1410000000000053	0.15204574976875485	57.7944	1.5705000000000027	0.36745454022544966	
17A	4	a	60.3072	64.7046	64.0764	4.3973999999999975	0.167275763425204	62.1918	2.1986999999999988	0.5471023837216071	
17A	4	a	65.3328	74.1276	66.5892	8.794799999999995	0.25252219152941535	69.7302	4.3973999999999975	1.3743722918961812	
17A	4	a	77.2686	79.1532	77.2686	1.8845999999999918	0.17766814984549661	77.8968	0.9422999999999959	0.15855566439177515	
17A	4	a	84.1788	106.794	87.948	22.6152	0.30315802153329763	95.4864	11.3076	4.5063473157490135	
17A	4	a	107.4222	122.499	112.4478	15.076799999999992	0.3346629793835003	114.9606	7.538399999999996	4.000719406633949	
17A	4	a	123.1272	125.0118	124.3836	1.8845999999999918	0.2525500247013106	123.7554	0.9422999999999959	0.2922195976899804	
17A	4	a	125.64	134.4348	130.6656	8.794799999999995	0.31850149451498666	130.0374	4.3973999999999975	2.4023689534596437	
17A	4	a	135.063	148.2552	144.486	13.192200000000014	0.5418363447321077	141.345	6.596100000000007	7.416625326065162	
17A	4	a	148.8834	156.4218	150.768	7.538399999999996	0.36972257660946717	152.6526	3.769199999999998	2.720738780317264	
17A	4	a	157.05	160.191	157.6782	3.140999999999991	0.2014343207921634	158.3064	1.5704999999999956	0.3677367583027529	
17A	4	a	163.332	169.614	167.1012	6.282000000000011	0.422286265669511	166.473	3.1410000000000053	2.4598090025390684	
17A	4	a	170.2422	179.6652	172.755	9.423000000000002	0.5545803652381576	174.6396	4.711500000000001	4.989132036740302	
17A	4	a	181.5498	185.319	182.8062	3.7691999999999837	0.37542295140776893	183.4344	1.8845999999999918	1.43628911785071	
17A	4	a	188.46	208.5624	190.9728	20.10239999999999	0.4788796097448973	198.5112	10.051199999999994	7.869991434785129	
17A	4	a	209.1906	220.4982	214.2162	11.307600000000008	0.3664218072229737	214.8444	5.653800000000004	2.9409024362524	
17A	4	a	221.1264	224.2674	222.3828	3.1410000000000196	0.21317069019698032	222.3828	1.5705000000000098	0.7463764770118129	
17A	4	a	224.8956	236.8314	229.9212	11.9358	0.37038854499132867	230.5494	5.9679	3.6825376128700267	
17A	4	a	237.4596	241.857	239.9724	4.397400000000005	0.25479621912849204	239.3442	2.1987000000000023	0.8493040957734559	
17A	4	a	242.4852	244.3698	243.7416	1.884600000000006	0.24855719498393647	243.1134	0.942300000000003	0.32985713662680727	
17A	4	a	244.998	250.6518	246.2544	5.653800000000018	0.2551027985884051	247.5108	2.826900000000009	1.1848595064888094	
17A	4	a	251.28	258.8184	255.0492	7.538399999999996	0.24711323582700828	255.0492	3.769199999999998	1.4634655076983707	
17A	4	a	259.4466	265.1004	262.5876	5.65379999999999	0.3561389161591517	261.9594	2.826899999999995	1.6052042707302085	
17A	4	a	265.7286	270.7542	268.2414	5.025600000000054	0.27693314458631946	268.2414	2.512800000000027	1.172556779486328	
17A	4	a	271.3824	277.0362	275.7798	5.65379999999999	0.29068909554934486	273.8952	2.826899999999995	1.6273542077089855	
17A	4	a	280.8054	282.69	280.8054	1.8845999999999776	0.24071230994771575	281.4336	0.9422999999999888	0.28524722926180424	
17A	4	a	283.3182	299.0232	290.8566	15.704999999999984	0.27838809412314447	290.8566	7.852499999999992	3.9210489006922034	
17A	4	a	300.9078	308.4462	300.9078	7.538399999999967	0.26840377226593937	304.677	3.7691999999999837	1.8019911679229974	
17A	4	a	309.0744	315.9846	313.4718	6.910199999999975	0.20898617823962518	312.2154	3.4550999999999874	1.0151108169263479	
17A	4	a	316.6128	321.6384	320.382	5.025599999999997	0.24026659745456058	319.1256	2.5127999999999986	0.8607657740846824	
17A	4	a	323.523	329.805	329.1768	6.281999999999982	0.29456627383719614	326.664	3.140999999999991	0.9772155073114055	
17A	4	a	330.4332	332.3178	331.6896	1.8845999999999776	0.08972683009946003	331.0614	0.9422999999999888	0.10987369936596636	
17A	4	a	332.946	344.2536	339.228	11.30759999999998	0.3209527482996357	338.5998	5.65379999999999	1.7588942602507975	
17A	4	a	344.8818	356.8176	348.651	11.935800000000029	0.17188247953602875	350.5356	5.967900000000014	1.462369253836168	
17A	4	a	357.4458	362.4714	361.8432	5.025599999999997	0.2663849344469398	359.9586	2.5127999999999986	1.3016771209325944	
17A	4	a	363.0996	372.5226	368.1252	9.423000000000002	0.2655154821447745	367.497	4.711500000000001	1.992978778064212	
17A	4	a	373.1508	391.3686	381.9456	18.21780000000001	0.33009336306143133	381.9456	9.108900000000006	4.818078350723877	
17A	4	a	391.9968	393.8814	393.2532	1.8845999999999776	0.26268161307585025	392.625	0.9422999999999888	0.3143658201453503	
17A	4	a	394.5096	397.0224	395.766	2.512800000000027	0.16059807461073028	395.766	1.2564000000000135	0.32121244413811567	
17A	4	a	397.6506	405.189	401.4198	7.538400000000024	0.23413845041581638	401.4198	3.769200000000012	1.1338102246095803	
17A	4	a	405.8172	410.2146	408.9582	4.397400000000005	0.21325493800754103	407.7018	2.1987000000000023	0.5989972603289129	
17A	4	a	410.8428	415.8684	413.3556	5.025599999999997	0.19858707957631516	413.3556	2.5127999999999986	0.9116886473523227	
17A	4	a	416.4966	428.4324	423.4068	11.935799999999972	0.2310081102840389	422.1504	5.967899999999986	2.6615411572956535	
17A	4	a	430.9452	432.8298	430.9452	1.8845999999999776	0.16138901507785697	431.5734	0.9422999999999888	0.14441323648552284	
17A	4	a	433.458	438.4836	435.3426	5.025599999999997	0.20940158656366847	435.9708	2.5127999999999986	0.9799923485257862	
17A	4	a	440.9964	442.881	440.9964	1.8845999999999776	0.24694100505224803	441.6246	0.9422999999999888	0.3049042824928545	
17A	4	a	443.5092	449.163	445.3938	5.65379999999999	0.2609682874567163	446.022	2.826899999999995	1.152437988014352	
17A	4	a	449.7912	462.3552	456.0732	12.564000000000021	0.31061219889855174	456.0732	6.282000000000011	2.9846525748663346	
17A	4	a	462.9834	466.7526	464.868	3.7691999999999553	0.20352167744822935	464.868	1.8845999999999776	0.7727760630514604	
17A	4	a	467.3808	470.5218	469.2654	3.1409999999999627	0.24649441480044132	468.6372	1.5704999999999814	0.6206732694527881	
17A	4	a	471.15	476.1756	472.4064	5.025599999999997	0.2291366476182688	473.6628	2.5127999999999986	0.7852277642221921	
17A	4	a	476.8038	479.3166	477.432	2.51279999999997	0.20965912541881515	478.0602	1.256399999999985	0.28190041527439114	
17A	4	a	479.9448	484.3422	481.8294	4.397400000000005	0.3214339409677631	481.8294	2.1987000000000023	0.9895252228665354	
17A	4	a	486.2268	496.278	489.996	10.051199999999994	0.29670412119429734	491.2524	5.025599999999997	2.414746308783827	
17A	4	a	496.9062	517.0086	509.4702	20.10239999999999	0.27779359602935827	506.9574	10.051199999999994	4.936085108200944	
17A	4	a	517.6368	562.8672	556.5852	45.23040000000003	0.8298274899224811	540.252	22.615200000000016	33.156651081609716	
17A	4	a	565.38	585.4824	573.5466	20.10239999999999	0.49514004772945786	575.4312	10.051199999999994	7.920190695946891	
17A	4	a	586.1106	589.2516	586.1106	3.1410000000000764	0.20572218253120234	587.367	1.5705000000000382	0.4824353459045314	
17A	4	a	589.8798	599.931	598.0464	10.051199999999994	0.34131695504366544	594.9054	5.025599999999997	3.279608089768613	
18A	4	a	0.0	2.5128	0.6282	2.5128	0.233341405094885	1.2564	1.2564	0.6546207585640165	
18A	4	a	3.141	28.8972	27.0126	25.7562	0.3844463741694035	15.705	12.8781	8.76193341433815	
18A	4	a	29.5254	35.1792	34.551	5.6538	0.18354231013115196	32.0382	2.8269	0.9473824607842056	
18A	4	a	35.8074	41.4612	39.5766	5.653799999999997	0.18884114538087182	38.3202	2.8268999999999984	0.943101742060394	
18A	4	a	42.0894	43.974	43.3458	1.884599999999999	0.10049849970534552	42.7176	0.9422999999999995	0.08670531893303046	
18A	4	a	47.115	55.9098	52.1406	8.794799999999995	0.29223842931046917	51.5124	4.3973999999999975	1.7513796228020047	
18A	4	a	56.538	59.679	59.0508	3.1410000000000053	0.20343463912231385	57.7944	1.5705000000000027	0.30204921490568903	
18A	4	a	60.3072	74.1276	66.5892	13.8204	0.3527127915674786	67.2174	6.9102	2.674404748138131	
18A	4	a	74.7558	78.525	77.2686	3.769200000000012	0.18177387841634385	76.6404	1.884600000000006	0.3843299756872307	
18A	4	a	82.2942	86.6916	82.9224	4.39739999999999	0.24843132888343789	84.1788	2.198699999999995	0.5027357334041849	
18A	4	a	89.2044	95.4864	92.9736	6.2819999999999965	0.24049507704509843	92.3454	3.1409999999999982	1.321845107984002	
18A	4	a	97.9992	104.9094	97.9992	6.910200000000003	0.2395131018861374	101.1402	3.4551000000000016	1.312538719695982	
18A	4	a	105.5376	107.4222	105.5376	1.884600000000006	0.10067692136586892	106.1658	0.942300000000003	0.09300798545387678	
18A	4	a	108.0504	125.0118	112.4478	16.961399999999998	0.4534850633907368	116.217	8.480699999999999	6.241597347474355	
18A	4	a	125.64	134.4348	130.6656	8.794799999999995	0.3657341884553009	130.0374	4.3973999999999975	3.0591909879497994	
18A	4	a	135.063	149.5116	139.4604	14.448599999999999	0.38186163079994273	141.9732	7.2242999999999995	4.3435700715657815	
18A	4	a	150.1398	152.6526	150.1398	2.5127999999999986	0.12155514136283685	151.3962	1.2563999999999993	0.2571357114325252	
18A	4	a	153.2808	162.0756	159.5628	8.79480000000001	0.22393518258175504	157.6782	4.397400000000005	1.7060079905665981	
18A	4	a	162.7038	171.4986	170.2422	8.79480000000001	0.34304411883001507	167.1012	4.397400000000005	2.7386983052798133	
18A	4	a	172.1268	182.178	177.1524	10.051199999999994	0.28609784283499984	177.1524	5.025599999999997	2.1983277577281743	
18A	4	a	182.8062	187.8318	182.8062	5.025599999999997	0.23859576912711233	185.319	2.5127999999999986	1.051172234613733	
18A	4	a	188.46	212.9598	207.306	24.499799999999993	0.4588094868132959	200.3958	12.249899999999997	11.494032652523515	
18A	4	a	213.588	223.6392	221.1264	10.051199999999994	0.7659120691397447	218.6136	5.025599999999997	8.372853198108903	
18A	4	a	224.2674	240.6006	237.4596	16.333199999999977	1.2774911984979553	232.434	8.166599999999988	19.1858237501624	
18A	4	a	241.2288	250.6518	246.2544	9.423000000000002	1.7373810898583741	245.6262	4.711500000000001	16.89310843412594	
18A	4	a	251.28	261.3312	256.3056	10.051200000000023	1.7768182214858204	256.3056	5.025600000000011	18.06026254095581	
18A	4	a	261.9594	266.3568	263.844	4.397400000000005	0.8476265331412094	263.844	2.1987000000000023	3.5256224130666105	
18A	4	a	266.985	280.1772	268.2414	13.192200000000014	0.45557256080412856	273.267	6.596100000000007	6.605510057930038	
18A	4	a	280.8054	282.69	280.8054	1.8845999999999776	0.2679405668185719	281.4336	0.9422999999999888	0.19244150411079897	
18A	4	a	283.3182	291.4848	285.831	8.166600000000017	0.2634472012534008	287.0874	4.083300000000008	1.8157864584903587	
18A	4	a	292.113	294.6258	293.3694	2.512800000000027	0.07222036160398027	293.3694	1.2564000000000135	0.14094386046310792	
18A	4	a	295.254	299.0232	297.1386	3.7691999999999553	0.20767548485684983	297.1386	1.8845999999999776	0.723526209806395	
18A	4	a	299.6514	309.7026	304.677	10.051199999999994	0.2797905584562539	304.677	5.025599999999997	2.1247095286376982	
18A	4	a	310.3308	315.9846	312.8436	5.65379999999999	0.18828967917441197	312.8436	2.826899999999995	0.8067013170289314	
18A	4	a	316.6128	321.6384	320.382	5.025599999999997	0.31289132140047116	319.1256	2.5127999999999986	0.9483430896125142	
18A	4	a	322.2666	324.7794	322.2666	2.512800000000027	0.12820688430464777	323.523	1.2564000000000135	0.16689399741516908	
18A	4	a	325.4076	329.805	329.1768	4.397400000000005	0.2389412399762385	327.2922	2.1987000000000023	0.45951234812244746	
18A	4	a	330.4332	333.5742	331.6896	3.1410000000000196	0.08172254519289623	331.6896	1.5705000000000098	0.16537061809635212	
18A	4	a	334.2024	354.3048	339.228	20.10239999999999	0.3102435183578347	344.2536	10.051199999999994	4.319135012170542	
18A	4	a	354.933	367.497	358.074	12.564000000000021	0.32276699928291563	361.215	6.282000000000011	2.9031692114021164	
18A	4	a	368.1252	377.5482	368.1252	9.423000000000002	0.2872047325035201	372.5226	4.711500000000001	2.4013847572223908	
18A	4	a	378.1764	382.5738	379.4328	4.397400000000005	0.2880418272473122	380.061	2.1987000000000023	0.9660421779808308	
18A	4	a	383.202	402.6762	398.2788	19.474199999999996	0.5773097583236488	392.625	9.737099999999998	8.351357878502833	
18A	4	a	403.3044	410.2146	405.8172	6.910200000000032	0.27947323174134375	406.4454	3.455100000000016	1.9181354527116339	
18A	4	a	412.7274	415.8684	413.3556	3.1410000000000196	0.13211079435730966	413.9838	1.5705000000000098	0.34096246219832427	
18A	4	a	416.4966	418.3812	417.1248	1.8845999999999776	0.15005816926402638	417.1248	0.9422999999999888	0.2670635011715907	
18A	4	a	419.0094	422.1504	420.2658	3.1409999999999627	0.1155242002950132	420.2658	1.5704999999999814	0.3585073568903159	
18A	4	a	422.7786	432.8298	430.9452	10.051199999999994	0.248805813729442	427.8042	5.025599999999997	1.7496570103522044	
18A	4	a	433.458	449.163	435.9708	15.704999999999984	0.3591057368096333	440.9964	7.852499999999992	5.227288655998009	
18A	4	a	449.7912	466.7526	464.868	16.96139999999997	0.26066581748490236	457.9578	8.480699999999985	3.8369072652021554	
18A	4	a	467.3808	476.1756	469.2654	8.794799999999952	0.30018145219656844	471.7782	4.397399999999976	2.2022432920223105	
18A	4	a	476.8038	491.8806	487.4832	15.076799999999992	0.4089080850462903	484.3422	7.538399999999996	4.3977098119979985	
18A	4	a	492.5088	547.1622	529.5726	54.653399999999976	0.98109915122137	519.5214	27.326699999999988	44.29211247869654	
18A	4	a	549.675	552.816	550.9314	3.1410000000000764	0.2755956671474262	550.9314	1.5705000000000382	0.7590117151119768	
18A	2	b	553.4442	555.957	554.0724	2.51279999999997	-0.14106189660824775	554.7006	1.256399999999985	-0.19425610590368958	
18A	4	a	558.4698	562.8672	560.3544	4.3974000000000615	0.6097538627014405	560.3544	2.1987000000000307	2.9597789054838546	
18A	2	b	563.4954	567.2646	564.7518	3.7691999999999553	-0.2858282698299037	565.38	1.8845999999999776	-0.9956694526988052	
18A	2	b	569.1492	572.2902	570.4056	3.1410000000000764	-0.12222811796437805	570.4056	1.5705000000000382	-0.31342305160920025	
18A	4	a	572.9184	578.5722	576.0594	5.653799999999933	1.0756658882712826	575.4312	2.8268999999999664	5.807637730055961	
18A	4	a	581.085	589.2516	586.1106	8.166600000000017	0.6006310437636557	584.8542	4.083300000000008	3.6513089789071533	
18A	4	a	591.7644	594.9054	593.0208	3.1409999999999627	0.3207968069788736	593.0208	1.5704999999999814	0.8846516938004132	
18A	4	a	595.5336	599.931	597.4182	4.3974000000000615	0.8823772462983515	597.4182	2.1987000000000307	4.270969655940013	
19A	2	b	0.0	1.8846	0.0	1.8846	-0.597783459882379	0.6282	0.9423	-0.7994085618611395	
19A	4	a	2.5128	7.5384	3.7692	5.025600000000001	0.7077163483879483	5.0256	2.5128000000000004	3.424573021171022	
19A	4	a	8.1666	16.9614	11.3076	8.7948	1.1002258111708771	12.564	4.3974	7.688923787638894	
19A	4	a	17.5896	25.128	21.3588	7.538399999999999	1.6597032472592872	21.3588	3.7691999999999997	11.373650320539607	
19A	4	a	27.0126	33.2946	28.269	6.282000000000004	1.3428056167990334	30.1536	3.141000000000002	7.715922872635687	
19A	4	a	33.9228	41.4612	37.692	7.538399999999996	1.5713789222530359	37.692	3.769199999999998	12.164799140382538	
19A	4	a	42.0894	54.0252	50.256	11.9358	2.0626034608163515	47.7432	5.9679	24.817182787303487	
19A	4	a	54.6534	69.7302	66.5892	15.076799999999999	2.0703030996146126	62.1918	7.538399999999999	33.503244233344745	
19A	4	a	70.3584	83.5506	79.7814	13.1922	1.774153543691182	76.6404	6.5961	23.211959940024716	
19A	4	a	84.1788	92.3454	87.948	8.166600000000003	1.8709325139113915	87.948	4.083300000000001	16.144312319069563	
19A	4	a	94.23	103.0248	98.6274	8.794799999999995	1.318912679062099	98.6274	4.3973999999999975	12.488249002101371	
19A	4	a	103.653	114.3324	111.1914	10.679400000000001	1.5168039040100485	108.6786	5.339700000000001	13.643786027921356	
19A	4	a	114.9606	127.5246	124.3836	12.564000000000007	1.1738472000636575	121.2426	6.282000000000004	16.86285266039191	
19A	4	a	128.1528	135.6912	130.6656	7.538399999999996	0.863861695572143	131.922	3.769199999999998	5.709247917795993	
19A	4	a	136.3194	145.1142	142.6014	8.79480000000001	0.5816159589007546	140.7168	4.397400000000005	4.229989075294904	
19A	4	a	145.7424	160.191	155.7936	14.448599999999999	1.2166831737807833	152.6526	7.2242999999999995	15.756264520685967	
19A	4	a	160.8192	168.3576	164.5884	7.538399999999996	1.1522528524852582	164.5884	3.769199999999998	7.727975815525408	
19A	4	a	168.9858	177.7806	172.755	8.79479999999998	1.3483729972659164	173.3832	4.39739999999999	10.341664570170602	
19A	4	a	178.4088	190.3446	184.0626	11.9358	1.612410616861081	184.0626	5.9679	18.804891875808465	
19A	4	a	190.9728	198.5112	193.4856	7.538399999999996	1.590355665997639	194.742	3.769199999999998	10.987752159975173	
19A	4	a	200.3958	205.4214	201.6522	5.025599999999997	1.3686012620239447	202.9086	2.5127999999999986	6.704334155222288	
19A	4	a	206.0496	214.8444	210.447	8.79480000000001	1.6030061232295756	210.447	4.397400000000005	14.272880871397973	
19A	4	a	215.4726	222.3828	218.6136	6.910200000000003	1.591605396649686	218.6136	3.4551000000000016	11.437952406903557	
19A	4	a	224.2674	232.434	227.4084	8.166599999999988	1.5801342492413983	228.0366	4.083299999999994	14.989966644100447	
19A	4	a	234.3186	240.6006	236.2032	6.281999999999982	1.5589102210534866	237.4596	3.140999999999991	10.297943641674626	
19A	4	a	241.2288	251.28	248.7672	10.051199999999994	2.558750534923014	246.2544	5.025599999999997	25.653639188344222	
19A	4	a	251.9082	261.9594	256.3056	10.051200000000023	1.914702400826866	256.9338	5.025600000000011	19.239274202789197	
19A	4	a	262.5876	270.126	265.7286	7.538399999999967	1.3998537617028175	266.3568	3.7691999999999837	10.595904364710055	
19A	4	a	270.7542	277.0362	274.5234	6.281999999999982	1.3004385438732777	273.8952	3.140999999999991	7.861830791054183	
19A	4	a	277.6644	291.4848	285.831	13.820400000000006	1.4277808369359262	284.5746	6.910200000000003	20.74891298643575	
19A	4	a	292.113	305.3052	301.536	13.192200000000014	1.5674508627480472	298.395	6.596100000000007	20.99880760403348	
19A	4	a	305.9334	320.382	316.6128	14.448599999999999	1.1592787075614046	312.8436	7.2242999999999995	15.942059684021011	
19A	4	a	321.0102	328.5486	325.4076	7.538400000000024	0.9017593204358709	324.7794	3.769200000000012	7.126026840540577	
19A	4	a	331.0614	339.8562	335.4588	8.79480000000001	1.288566360050515	335.4588	4.397400000000005	13.224391695347304	
19A	4	a	341.7408	349.2792	344.8818	7.538400000000024	0.9253070021701557	345.51	3.769200000000012	7.430260098270159	
19A	4	a	349.9074	357.4458	353.0484	7.538400000000024	0.5429026731898299	353.6766	3.769200000000012	3.8032704848334125	
19A	4	a	358.074	364.9842	361.8432	6.910199999999975	0.7820163543649405	361.215	3.4550999999999874	4.693255833113	
19A	4	a	365.6124	373.779	370.638	8.166600000000017	0.6826535712964263	369.3816	4.083300000000008	5.404097423174708	
19A	4	a	374.4072	381.3174	376.2918	6.910200000000032	0.7955884572963212	377.5482	3.455100000000016	5.172167776519916	
19A	4	a	381.9456	389.484	383.8302	7.538399999999967	0.7039677539805265	385.7148	3.7691999999999837	5.272771034372887	
19A	4	a	390.1122	399.5352	393.2532	9.423000000000002	0.74101831234419	394.5096	4.711500000000001	6.147490093234225	
19A	4	a	400.1634	407.0736	403.9326	6.910199999999975	0.7276818453896308	403.3044	3.4550999999999874	4.926588832814453	
19A	4	a	407.7018	416.4966	413.9838	8.79480000000001	1.0199298228402327	412.0992	4.397400000000005	9.104583988521801	
19A	4	a	417.1248	426.5478	423.4068	9.423000000000002	1.0641722401163678	421.5222	4.711500000000001	10.819010950643417	
19A	4	a	427.176	435.9708	430.9452	8.79480000000001	1.1784859035463784	431.5734	4.397400000000005	9.92869502065751	
19A	4	a	437.8554	444.1374	440.9964	6.282000000000039	0.9347303503998914	440.9964	3.1410000000000196	5.621269650253799	
19A	4	a	444.7656	453.5604	449.163	8.79480000000001	0.9989390309579695	449.163	4.397400000000005	8.394332031563579	
19A	4	a	454.1886	463.6116	457.3296	9.423000000000002	0.89081004009262	458.586	4.711500000000001	7.935927666647859	
19A	4	a	464.2398	482.4576	477.432	18.21780000000001	1.5347866896245836	473.0346	9.108900000000006	28.527411300399454	
19A	4	a	483.0858	487.4832	485.5986	4.397400000000005	1.0671723267059519	484.9704	2.1987000000000023	4.681214240287828	
19A	2	b	488.1114	489.996	488.7396	1.8845999999999776	-0.21716667591435845	488.7396	0.9422999999999888	-0.37581956753807644	
19A	4	a	490.6242	493.137	491.2524	2.512800000000027	0.6782959919495313	491.8806	1.2564000000000135	1.7102625241560683	
19A	4	a	495.0216	514.4958	502.56	19.474200000000053	1.2722738343631712	504.4446	9.737100000000027	27.62864105083357	
19A	4	a	515.124	519.5214	517.6368	4.397399999999948	1.2886189418230196	517.0086	2.198699999999974	4.805592010368311	
19A	4	a	520.1496	530.829	527.0598	10.679399999999987	1.5088300246664317	525.1752	5.3396999999999935	17.450892946465398	
19A	4	a	531.4572	542.1366	538.9956	10.6794000000001	1.4373494873728334	536.4828	5.33970000000005	19.005070794044425	
19A	4	a	542.7648	546.534	544.6494	3.7691999999999553	0.7669058418757122	544.6494	1.8845999999999776	2.3460699419512516	
19A	2	b	547.1622	549.0468	547.7904	1.8845999999999776	-0.18258231151914517	547.7904	0.9422999999999888	-0.3294167128187968	
19A	4	a	549.675	554.0724	552.1878	4.3974000000000615	1.1674238013778595	551.5596	2.1987000000000307	6.046969655773101	
19A	2	b	554.7006	556.5852	555.3288	1.8845999999999776	-0.14081850683891872	555.3288	0.9422999999999888	-0.18772559058770244	
19A	4	a	557.2134	565.38	560.3544	8.166600000000017	1.3690245837680433	560.9826	4.083300000000008	13.252051949616744	
19A	4	a	566.0082	579.8286	576.6876	13.820400000000063	0.5904229392283264	572.9184	6.910200000000032	5.1570482225132235	
19A	4	a	580.4568	588.6234	584.8542	8.166599999999903	1.0960615741708195	584.226	4.0832999999999515	7.422098578351601	
19A	4	a	589.2516	598.0464	594.2772	8.794799999999896	1.0376557292985717	593.649	4.397399999999948	8.918498007778004	
19A	4	a	598.6746	599.931	599.931	1.256399999999985	0.0849857386537809	599.3028	0.6281999999999925	0.05777985953431042	
