										AB_Unfed#2_Retrograde_evts_formatted.txt
ROI	Quadrant	Direction	Start time (s)	End time (s)	Peak time (s)	Duration (s)	Amplitude	Midpoint (s)	Half Duration(s)	AUC
1A	2	b	1.152704	2.88176	1.729056	1.729056	-0.7332840636447351	1.729056	0.864528	-1.1771429339534105	
1A	2	b	3.458112	15.561504	8.64528	12.103392	-2.0686601951520984	9.221632	6.051696	-16.435888212789195	
1A	2	b	16.137856	42.650048	31.123008	26.512192	-3.151595109081793	29.393952	13.256096	-64.29589069374092	
1A	2	b	43.2264	48.98992	43.2264	5.76352	-1.1837183555001687	46.10816	2.88176	-5.828098797669021	
1A	2	b	49.566272	53.024384	50.142624	3.458112	-1.1244156512499686	51.295328	1.729056	-2.267877779104216	
1A	2	b	53.600736	60.51696	54.75344	6.916224	-1.277081409987975	57.058848	3.458112	-8.071129995146437	
1A	2	b	61.093312	64.551424	61.669664	3.458112	-0.8593740079525709	62.822368	1.729056	-2.3188858329087356	
1A	2	b	65.127776	67.433184	65.704128	2.305408	-0.8509236279958969	66.28048	1.152704	-1.5359699393162494	
1A	2	b	69.16224	103.167008	85.300096	34.004768	-2.427806040976076	85.876448	17.002384	-88.27233644908858	
1A	2	b	103.74336	105.472416	104.319712	1.729056	-0.6414286681041155	104.319712	0.864528	-1.001667227760013	
1A	2	b	106.048768	125.644736	119.304864	19.595968	-2.674049159141344	115.846752	9.797984	-54.28403895587085	
1A	2	b	127.373792	134.290016	129.102848	6.916224000000014	-1.2880541766390792	130.831904	3.458112000000007	-10.090666009902526	
1A	2	b	134.866368	143.511648	141.20624	8.645280000000014	-1.3197979743466135	138.900832	4.322640000000007	-10.063422433576868	
1A	2	b	144.088	146.393408	144.664352	2.305408	-1.1286912039226706	145.240704	1.152704	-1.9800366450224143	
1A	2	b	146.96976	151.004224	149.275168	4.034463999999986	-0.9974487777167447	148.698816	2.017231999999993	-2.6266247203328277	
1A	2	b	151.580576	161.954912	153.309632	10.374336	-1.7218981802138167	156.767744	5.187168	-13.17865213972604	
1A	2	b	163.683968	195.95968	182.127232	32.275712	-3.752912170838549	179.821824	16.137856	-108.5018839869815	
1A	2	b	196.536032	215.555648	202.875904	19.019615999999985	-1.9776474666887367	205.757664	9.509807999999992	-34.05069931273786	
1A	2	b	220.166464	226.506336	223.624576	6.339872000000014	-1.4958058850113858	223.048224	3.169936000000007	-8.159103267523074	
1A	2	b	227.082688	233.42256	232.269856	6.339872000000014	-0.764793106630929	229.964448	3.169936000000007	-5.002578479090095	
1A	2	b	233.998912	265.12192	245.525952	31.123008	-4.731041651217591	249.560416	15.561504	-140.75294887185657	
1A	2	b	265.698272	269.156384	266.274624	3.4581120000000283	-0.6500595755314542	267.427328	1.7290560000000141	-2.258304057700032	
1A	4	a	271.461792	274.343552	272.614496	2.8817599999999857	1.0072375381402416	272.614496	1.4408799999999928	2.3846689865518442	
1A	4	a	274.919904	278.954368	277.801664	4.034464000000014	0.9550527057942162	276.64896	2.017232000000007	4.351728288037048	
1A	2	b	279.53072	302.5848	287.023296	23.05408	-4.903859081956288	291.05776	11.52704	-115.57505262264645	
1A	2	b	303.161152	304.890208	303.161152	1.7290559999999573	-0.8641128811327832	303.737504	0.8645279999999786	-1.0463357863714258	
1A	2	b	305.46656	310.077376	306.619264	4.610816	-0.7817482493808114	307.771968	2.305408	-3.320222313002306	
1A	2	b	312.959136	314.688192	313.535488	1.7290560000000141	-1.1579016749071158	313.535488	0.8645280000000071	-1.8199549744657944	
1A	2	b	316.417248	340.624032	330.249696	24.206784000000027	-3.2445841731249487	328.52064	12.103392000000014	-73.62270071712939	
1A	2	b	341.200384	394.224768	356.185536	53.024384	-6.8141573798399975	367.712576	26.512192	-362.13843197620673	
1A	4	a	396.530176	398.259232	397.68288	1.7290560000000141	0.34689029039870434	397.106528	0.8645280000000071	0.25801848918862014	
1A	2	b	400.56464	420.73696	410.362624	20.172320000000013	-3.031371795304441	410.362624	10.086160000000007	-59.12270283921039	
1A	2	b	424.195072	426.50048	424.771424	2.305408	-0.6114064712578298	425.347776	1.152704	-1.515152814034968	
1A	2	b	427.076832	429.958592	428.229536	2.8817599999999857	-1.0231812352160077	428.229536	1.4408799999999928	-2.91076907324436	
1A	2	b	430.534944	440.332928	435.722112	9.797983999999985	-1.3966144988683453	435.14576	4.898991999999993	-9.837232274985714	
1A	2	b	440.90928	443.214688	441.485632	2.305408	-0.7564487634544399	442.061984	1.152704	-1.7653256505949617	
1A	2	b	443.79104	445.520096	443.79104	1.7290560000000141	-0.5668370449569409	444.367392	0.8645280000000071	-0.66091664226715	
1A	2	b	448.401856	451.283616	449.55456	2.8817599999999857	-0.36732426086453174	449.55456	1.4408799999999928	-0.6940717399623964	
1A	2	b	451.859968	501.42624	460.505248	49.566272000000026	-4.482209058428541	476.643104	24.783136000000013	-215.61919304977096	
1A	2	b	503.731648	506.037056	503.731648	2.305408	-0.42217880051979506	504.884352	1.152704	-0.5698858725753038	
1A	2	b	514.105984	546.958048	519.869504	32.85206399999993	-2.3132423317126865	530.24384	16.426031999999964	-77.22683084320914	
1A	2	b	547.5344	553.874272	547.5344	6.339872000000014	-0.641056066696617	550.41616	3.169936000000007	-3.7340366735332857	
1A	2	b	554.450624	564.248608	559.06144	9.797984000000042	-1.002748196918784	559.06144	4.898992000000021	-8.825525022892437	
1A	2	b	564.82496	568.283072	565.977664	3.4581119999999146	-0.9639311925433596	566.554016	1.7290559999999573	-1.982482285742643	
1A	2	b	571.741184	573.47024	572.317536	1.7290560000000141	-0.44893111281764675	572.317536	0.8645280000000071	-0.6745442441079099	
1A	2	b	574.046592	577.504704	574.046592	3.4581119999999146	-0.5360669693159146	575.775648	1.7290559999999573	-1.322316002719889	
1A	2	b	578.081056	599.982432	589.031744	21.901376000000027	-1.451666262387441	589.031744	10.950688000000014	-26.364650826363416	
2A	2	b	0.0	10.374336	7.492576	10.374336	-1.4058607954290565	5.187168	5.187168	-15.477071130399896	
2A	2	b	10.950688	16.714208	13.832448	5.76352	-0.7680155052698581	13.832448	2.88176	-3.67762319536493	
2A	2	b	17.29056	21.325024	20.17232	4.034464	-0.8956263610742141	19.019616	2.017232	-2.6319601205185563	
2A	2	b	21.901376	32.852064	24.206784	10.950688	-1.8849405817845408	27.088544	5.475344	-14.861493125669575	
2A	2	b	35.733824	63.975072	48.413568	28.241248	-3.3345677128178366	49.566272	14.120624	-84.09990132509076	
2A	2	b	64.551424	68.009536	65.704128	3.458112	-0.5382981644566556	66.28048	1.729056	-2.211280552961515	
2A	2	b	68.585888	102.590656	84.147392	34.004768	-6.054168993868309	85.300096	17.002384	-193.0045257213594	
2A	2	b	103.167008	161.954912	127.373792	58.78790400000001	-6.526930885243168	132.56096	29.393952000000006	-422.377400234819	
2A	4	a	163.683968	165.413024	164.26032	1.7290560000000141	0.6165183694012413	164.26032	0.8645280000000071	0.7224320690491162	
2A	2	b	167.14208	197.112384	174.634656	29.970304	-4.27599286850235	182.127232	14.985152	-136.80568178405622	
2A	2	b	197.688736	212.673888	199.994144	14.985152	-2.53439443659758	205.181312	7.492576	-33.72952781306962	
2A	2	b	213.25024	214.979296	213.826592	1.7290560000000141	-0.6344027609094667	213.826592	0.8645280000000071	-0.9472210115632507	
2A	2	b	216.708352	231.117152	223.624576	14.408800000000014	-6.772515666679531	223.624576	7.204400000000007	-98.91487600872918	
2A	2	b	231.693504	265.698272	248.984064	34.004767999999984	-8.258055526175493	248.407712	17.002383999999992	-231.77913996627385	
2A	2	b	270.309088	316.417248	291.634112	46.10816	-7.359935544699326	293.363168	23.05408	-306.86523123343113	
2A	2	b	316.9936	336.013216	318.722656	19.019615999999985	-2.04776988547518	326.215232	9.509807999999992	-37.87744892123639	
2A	2	b	336.589568	338.318624	336.589568	1.7290560000000141	-0.4249793890101188	337.16592	0.8645280000000071	-0.5210470378756185	
2A	4	a	340.04768	342.353088	340.04768	2.305408	0.5629348949758324	341.200384	1.152704	0.9541469313650275	
2A	2	b	342.92944	395.377472	357.914592	52.44803200000001	-5.0269905545950735	368.86528	26.224016000000006	-249.87699067833782	
2A	2	b	395.953824	398.835584	396.530176	2.8817599999999857	-0.3125748553572336	397.106528	1.4408799999999928	-0.9627371446431958	
2A	2	b	399.411936	420.73696	410.362624	21.325023999999985	-4.159146734538428	409.786272	10.662511999999992	-79.97583190712713	
2A	2	b	423.042368	431.687648	427.653184	8.645280000000014	-0.5749878765658671	427.076832	4.322640000000007	-3.1752982005316355	
2A	2	b	432.264	443.214688	439.756576	10.950688000000014	-0.962405664610511	437.451168	5.475344000000007	-10.07136853743277	
2A	2	b	443.79104	451.283616	444.943744	7.4925759999999855	-0.8170898487501397	447.249152	3.7462879999999927	-6.339906389440179	
2A	2	b	451.859968	504.308	463.387008	52.44803200000001	-5.520912690785757	477.795808	26.224016000000006	-245.67279680654792	
2A	2	b	507.18976	510.647872	508.918816	3.4581120000000283	-0.589552893086708	508.918816	1.7290560000000141	-1.8669078240572698	
2A	4	a	511.224224	512.95328	511.224224	1.7290559999999573	0.6361024505457991	511.800576	0.8645279999999786	0.5841620844759579	
2A	2	b	516.411392	556.756032	519.869504	40.34464000000003	-3.1692017792292546	536.583712	20.172320000000013	-138.44513115554304	
2A	2	b	557.332384	561.9432	557.332384	4.610816	-0.8438487302804063	559.637792	2.305408	-2.2968306217149923	
2A	2	b	565.977664	568.283072	567.70672	2.305407999999943	-0.5963721171413248	567.130368	1.1527039999999715	-1.1781957696130707	
2A	2	b	568.859424	570.58848	570.012128	1.7290560000000141	-0.8096258203243245	569.435776	0.8645280000000071	-0.7886149449546664	
2A	2	b	571.164832	577.504704	575.775648	6.3398719999999	-1.1958980737754423	574.046592	3.16993599999995	-7.21925546482481	
2A	2	b	578.081056	599.982432	592.489856	21.901376000000027	-4.5145385983490485	589.031744	10.950688000000014	-106.80599946074328	
3A	2	b	0.0	10.950688	1.152704	10.950688	-4.722116213076816	5.187168	5.475344	-55.98619656729791	
3A	2	b	11.52704	16.714208	13.832448	5.187168	-1.2463348028627834	13.832448	2.593584	-4.234234840099589	
3A	2	b	17.29056	63.975072	40.34464	46.684512	-6.712924770495064	40.34464	23.342256	-253.7149881295949	
3A	2	b	64.551424	67.433184	64.551424	2.88176	-0.8043270280593404	65.704128	1.44088	-1.8441123515186284	
3A	2	b	72.044	100.285248	84.147392	28.241248	-3.9253997966520657	85.876448	14.120624	-102.71810500552883	
3A	2	b	100.8616	140.053536	129.6792	39.19193600000001	-3.4264837263501136	120.457568	19.595968000000006	-130.61563521181492	
3A	2	b	140.629888	151.004224	147.546112	10.374336	-1.2182014575905953	145.817056	5.187168	-8.997719874551603	
3A	2	b	151.580576	170.600192	165.413024	19.019615999999985	-2.3973649343158883	160.802208	9.509807999999992	-45.839553422300526	
3A	2	b	171.176544	231.693504	212.097536	60.51695999999998	-9.413807173598578	201.146848	30.25847999999999	-659.8280614026619	
3A	2	b	233.998912	282.988832	251.289472	48.98992000000001	-9.596674472740311	258.205696	24.494960000000006	-494.33136480080617	
3A	2	b	283.565184	315.840896	293.93952	32.275712	-5.7838504189963516	299.70304	16.137856	-182.0357626451203	
3A	2	b	316.417248	331.4024	321.028064	14.985152000000028	-2.1347850025990738	323.909824	7.492576000000014	-34.54817087396788	
3A	2	b	331.978752	348.116608	341.200384	16.137856	-6.105735940905944	340.04768	8.068928	-91.26567989823796	
3A	2	b	350.422016	378.663264	360.22	28.24124800000004	-8.143552041753704	364.254464	14.12062400000002	-206.8468080659803	
3A	2	b	379.239616	380.968672	379.239616	1.7290560000000141	-0.5015617849700078	379.815968	0.8645280000000071	-0.35044465178159	
3A	4	a	385.579488	387.308544	386.732192	1.7290559999999573	0.17132172131146106	386.15584	0.8645279999999786	0.23062975134422992	
3A	4	a	387.884896	393.072064	390.190304	5.187167999999986	0.6950968393053856	390.190304	2.593583999999993	2.5635636686527192	
3A	2	b	393.648416	402.870048	396.530176	9.221632	-3.0774661722000367	398.259232	4.610816	-29.983481694220433	
3A	4	a	403.4464	408.633568	406.904512	5.187168000000042	1.575834809557847	405.751808	2.593584000000021	8.877572393332581	
3A	2	b	409.20992	429.958592	412.668032	20.748672	-2.8659145136973834	419.584256	10.374336	-58.1310346530114	
3A	2	b	431.687648	442.061984	435.722112	10.374335999999971	-0.894195322214582	436.874816	5.187167999999986	-8.510418261440867	
3A	2	b	444.367392	447.825504	445.520096	3.4581120000000283	-0.3381523580232084	446.096448	1.7290560000000141	-0.9520153530175222	
3A	2	b	450.130912	481.830272	465.692416	31.699359999999956	-5.562666276853506	465.692416	15.849679999999978	-133.30257893686036	
3A	2	b	482.406624	503.155296	491.051904	20.748672	-2.3040641439653875	492.78096	10.374336	-39.637266994009146	
3A	2	b	503.731648	510.647872	506.037056	6.916224	-1.2787201226204203	507.18976	3.458112	-9.479536846396455	
3A	2	b	515.258688	545.228992	524.48032	29.970303999999942	-9.012931673733465	530.24384	14.985151999999971	-188.57008623148826	
3A	2	b	545.805344	551.568864	547.5344	5.763519999999971	-0.7751428417790223	548.687104	2.8817599999999857	-3.8013633991988183	
3A	2	b	553.874272	560.214144	557.908736	6.339872000000014	-0.5021908723459312	556.756032	3.169936000000007	-2.1046493929993275	
3A	2	b	560.790496	563.095904	562.519552	2.3054080000000567	-0.5138414429146074	561.9432	1.1527040000000284	-0.9537236472035282	
3A	2	b	564.82496	577.504704	572.893888	12.679743999999914	-1.618935331211528	571.164832	6.339871999999957	-17.90890335632603	
3A	2	b	578.081056	579.810112	578.081056	1.7290560000000141	-0.2310244574724578	578.657408	0.8645280000000071	-0.33055994104055486	
3A	2	b	580.386464	599.982432	592.489856	19.59596799999997	-7.484906003919878	590.184448	9.797983999999985	-146.44776532868016	
4A	4	a	0.0	9.221632	0.0	9.221632	1.5629751393649158	4.610816	4.610816	8.22960172850851	
4A	4	a	9.797984	11.52704	9.797984	1.729056	0.06471210625982593	10.374336	0.864528	0.07942655200636395	
4A	2	b	12.103392	27.664896	23.05408	15.561504	-1.108056611292021	19.595968	7.780752	-20.056728547964166	
4A	2	b	28.241248	52.448032	45.531808	24.206784	-1.7227906685549286	40.34464	12.103392	-31.807220927593306	
4A	2	b	53.024384	61.669664	54.75344	8.64528	-0.7783641005290391	57.058848	4.32264	-4.59566331827763	
4A	2	b	62.246016	74.92576	71.467648	12.679744	-0.7792270930923593	68.585888	6.339872	-8.381489239224798	
4A	2	b	75.502112	162.531264	126.221088	87.029152	-4.928288109800718	118.728512	43.514576	-349.04319872764574	
4A	2	b	163.107616	195.383328	179.821824	32.275712	-4.7022774041881625	179.245472	16.137856	-107.32957187235525	
4A	2	b	195.95968	228.811744	204.028608	32.85206400000001	-2.6194627870205203	212.097536	16.426032000000006	-65.21862203571332	
4A	2	b	232.846208	261.663808	244.9496	28.817600000000027	-8.261593237519467	247.255008	14.408800000000014	-224.5871226407173	
4A	2	b	263.392864	272.038144	266.274624	8.645280000000014	-0.9486490864433463	267.427328	4.322640000000007	-8.343867801692308	
4A	4	a	272.614496	283.565184	278.378016	10.950688000000014	1.480724755482889	277.801664	5.475344000000007	15.735462250791711	
4A	2	b	284.141536	316.9936	296.82128	32.85206400000004	-9.936747524915873	300.279392	16.42603200000002	-260.3011638446642	
4A	2	b	317.569952	380.39232	360.22	62.82236799999998	-10.342415054564256	348.69296	31.41118399999999	-444.0453843774115	
4A	2	b	380.968672	383.27408	382.121376	2.305408	-0.2281460274092133	382.121376	1.152704	-0.5561575435481494	
4A	4	a	383.850432	386.732192	384.426784	2.8817599999999857	0.4404901450215313	385.003136	1.4408799999999928	1.015242023931739	
4A	2	b	387.308544	440.332928	417.8552	53.024384	-7.169231355427062	413.820736	26.512192	-267.26591845504294	
4A	4	a	442.638336	450.130912	447.825504	7.492576000000042	0.700395249352681	446.096448	3.746288000000021	3.4337248589709066	
4A	2	b	450.707264	481.25392	470.879584	30.546655999999984	-5.196121717023269	465.692416	15.273327999999992	-137.84137957964802	
4A	2	b	482.982976	548.687104	527.938432	65.70412799999997	-5.655587806341616	515.83504	32.852063999999984	-358.6500900797168	
4A	2	b	549.263456	566.554016	552.721568	17.290560000000028	-1.3812408177382398	557.908736	8.645280000000014	-24.17698079663969	
4A	2	b	567.130368	599.982432	596.52432	32.85206400000004	-6.906797289715399	583.268224	16.42603200000002	-163.92006230161712	
5A	2	b	0.0	10.374336	4.610816	10.374336	-1.5720458621011169	5.187168	5.187168	-20.82015136965798	
5A	2	b	10.950688	61.669664	41.497344	50.718976	-3.5675851039055715	36.310176	25.359488	-149.10409907889397	
5A	4	a	63.39872	70.314944	66.28048	6.916224	0.4002433040343867	66.856832	3.458112	2.438849691909031	
5A	2	b	72.044	143.511648	127.373792	71.46764800000001	-6.58539360856771	107.777824	35.733824000000006	-365.9838226601451	
5A	2	b	144.088	201.146848	184.43264	57.05884800000001	-6.749961757527473	172.329248	28.529424000000006	-283.96094133856735	
5A	2	b	201.7232	232.846208	222.471872	31.123008	-1.9966718591270336	217.284704	15.561504	-49.904252602743576	
5A	2	b	233.42256	265.698272	251.865824	32.27571199999997	-10.366281716312937	249.560416	16.137855999999985	-264.10003355515335	
5A	2	b	266.274624	319.299008	300.855744	53.024384	-6.889885000038898	292.786816	26.512192	-288.47875059956283	
5A	2	b	322.180768	323.909824	322.180768	1.7290560000000141	-0.37282572599424313	322.75712	0.8645280000000071	-0.5215942789114631	
5A	2	b	330.249696	337.742272	334.860512	7.492576000000042	-0.6394006969800685	333.707808	3.746288000000021	-3.70575499772867	
5A	4	a	338.318624	345.234848	342.353088	6.916224	0.9184856970549262	341.776736	3.458112	4.2439264633199905	
5A	2	b	345.8112	383.850432	365.98352	38.03923200000003	-4.12995773888613	364.830816	19.019616000000013	-131.88999544855045	
5A	2	b	384.426784	402.293696	393.072064	17.866912000000013	-2.0339734904081137	393.072064	8.933456000000007	-30.938380074824963	
5A	4	a	404.022752	408.057216	406.904512	4.034463999999957	0.46136124466436534	405.751808	2.0172319999999786	1.1291348849005827	
5A	2	b	408.633568	413.244384	409.786272	4.610816	-0.26261186141308634	410.938976	2.305408	-0.8762928347458692	
5A	4	a	413.820736	416.702496	414.97344	2.8817599999999857	0.4158390902123461	414.97344	1.4408799999999928	1.406067885671832	
5A	2	b	417.278848	436.298464	423.042368	19.019616000000042	-2.2878189589426885	426.50048	9.509808000000021	-40.82497197390954	
5A	2	b	436.874816	446.096448	442.061984	9.221632	-0.5369417481977603	441.485632	4.610816	-5.25951285271568	
5A	2	b	446.6728	456.470784	450.707264	9.797983999999985	-1.003169546092474	451.283616	4.898991999999993	-8.299319790690657	
5A	2	b	457.047136	485.864736	475.4904	28.81759999999997	-1.8481565776585498	471.455936	14.408799999999985	-39.43157866443959	
5A	2	b	486.441088	491.051904	488.170144	4.610816	-0.3584709344200352	488.746496	2.305408	-1.3013263825654242	
5A	2	b	492.78096	495.66272	493.357312	2.8817599999999857	-0.26322002606718975	493.933664	1.4408799999999928	-0.7882239496044043	
5A	2	b	496.239072	521.022208	506.037056	24.783135999999956	-1.7381696393286035	508.342464	12.391567999999978	-38.90582045696022	
5A	2	b	521.59856	590.184448	553.29792	68.58588799999995	-5.773201024686054	555.603328	34.29294399999998	-440.98829073062325	
5A	2	b	591.913504	599.982432	599.982432	8.068928000000028	-4.993689555244366	595.947968	4.034464000000014	-36.02303294169682	
6A	2	b	0.0	12.679744	5.76352	12.679744	-1.525346061343516	6.339872	6.339872	-20.511429310819423	
6A	2	b	13.256096	31.69936	23.630432	18.443264	-1.1994148330425602	22.477728	9.221632	-23.377552710578627	
6A	2	b	32.275712	63.39872	43.2264	31.123008	-2.1532762182716105	47.837216	15.561504	-56.1556753025403	
6A	4	a	65.127776	66.856832	65.127776	1.729056	0.129416032594051	65.704128	0.864528	0.23052475776470693	
6A	2	b	69.738592	143.511648	128.526496	73.77305600000001	-6.118091509730801	106.62512	36.886528000000006	-427.7844738437602	
6A	2	b	144.088	198.84144	187.3144	54.75344000000001	-4.836242234461329	171.176544	27.376720000000006	-232.31860151112727	
6A	2	b	199.417792	235.727968	223.624576	36.31017600000001	-2.6023836265165023	217.284704	18.155088000000006	-85.90026509119808	
6A	2	b	236.30432	265.698272	255.323936	29.393951999999985	-6.687693195491672	250.71312	14.696975999999992	-173.55023164574777	
6A	2	b	269.156384	281.836128	276.072608	12.679743999999971	-0.8717402723406806	275.496256	6.3398719999999855	-8.364031562574944	
6A	2	b	284.141536	323.909824	304.313856	39.76828800000004	-4.802648205987516	303.737504	19.88414400000002	-160.32612424741527	
6A	2	b	324.486176	344.658496	333.707808	20.172320000000013	-2.4987775132748435	334.28416	10.086160000000007	-49.42471094915278	
6A	2	b	345.234848	348.116608	345.8112	2.8817599999999857	-0.3240774808855029	346.387552	1.4408799999999928	-0.5409651058558964	
6A	2	b	348.69296	386.732192	369.441632	38.03923199999997	-3.7297137724136107	367.712576	19.019615999999985	-140.7157196755185	
6A	2	b	387.308544	401.717344	396.530176	14.408800000000042	-1.6929485954971817	394.224768	7.204400000000021	-22.60658421266956	
6A	4	a	402.293696	404.022752	403.4464	1.7290560000000141	0.2004418192327595	402.870048	0.8645280000000071	0.2749441254117375	
6A	2	b	405.751808	455.894432	427.076832	50.14262400000001	-3.980263396669244	430.534944	25.071312000000006	-191.28995814157574	
6A	2	b	457.623488	499.120832	477.219456	41.497344	-2.212211125696335	478.37216	20.748672	-93.38581667306195	
6A	4	a	499.697184	522.174912	510.647872	22.477727999999956	0.6711264542635789	510.647872	11.238863999999978	14.554298948683698	
6A	2	b	522.751264	582.11552	549.263456	59.364255999999955	-2.0316284035630154	552.145216	29.682127999999977	-119.35536398486028	
6A	2	b	582.691872	584.99728	583.268224	2.3054080000000567	-0.06970664108067837	583.844576	1.1527040000000284	-0.14687131830416966	
6A	2	b	585.573632	589.608096	586.726336	4.034464000000071	-0.16138165364791668	587.302688	2.0172320000000354	-0.5564648795684501	
6A	4	a	590.184448	593.64256	590.7608	3.4581120000000283	0.3380764545753827	591.913504	1.7290560000000141	1.181302996093958	
6A	2	b	594.218912	599.982432	599.982432	5.763519999999971	-2.5762185162229585	597.100672	2.8817599999999857	-12.285019959400818	
7A	2	b	0.0	10.950688	6.339872	10.950688	-0.7626773685066741	5.187168	5.475344	-9.93280886406199	
7A	2	b	11.52704	31.69936	21.325024	20.17232	-0.930721496187001	21.325024	10.08616	-16.517923231533196	
7A	2	b	32.275712	65.704128	43.802752	33.428416	-1.736120339161868	48.98992	16.714208	-52.40506909920408	
7A	2	b	66.28048	142.358944	127.950144	76.07846400000001	-3.9980873137322526	104.319712	38.039232000000005	-258.79559111390427	
7A	2	b	142.935296	198.84144	187.3144	55.90614400000001	-3.4971545175073464	170.600192	27.953072000000006	-190.78646994796583	
7A	2	b	199.417792	235.727968	222.471872	36.31017600000001	-0.6661531798158045	217.284704	18.155088000000006	-16.896017414174835	
7A	2	b	236.30432	265.698272	252.442176	29.393951999999985	-3.9322571780764086	250.71312	14.696975999999992	-108.81530281220816	
7A	2	b	267.427328	323.909824	303.161152	56.482496000000026	-4.069656498764292	295.668576	28.241248000000013	-196.45241278597143	
7A	2	b	324.486176	386.732192	365.98352	62.246016	-2.3793365127942288	355.609184	31.123008	-142.5847591507884	
7A	2	b	387.308544	403.4464	395.953824	16.137856	-0.7430672423208797	395.377472	8.068928	-12.096091690491766	
7A	2	b	404.022752	438.603872	421.889664	34.58112	-1.1511193339043135	421.313312	17.29056	-35.488956136550115	
7A	2	b	440.90928	449.55456	447.249152	8.645279999999957	-0.2113127280228042	444.943744	4.3226399999999785	-1.5020494117575036	
7A	2	b	450.130912	456.470784	450.707264	6.339871999999957	-0.16528484198433446	453.012672	3.1699359999999785	-0.7125671182344853	
7A	2	b	457.047136	507.18976	481.25392	50.142623999999955	-0.9785899739506974	481.830272	25.071311999999978	-44.512680820661444	
7A	4	a	507.766112	523.903968	518.7168	16.137855999999942	0.42658898177900184	515.83504	8.068927999999971	5.729127790186891	
7A	2	b	524.48032	584.99728	547.5344	60.51696000000004	-1.1294781697944662	554.450624	30.25848000000002	-70.04456150355523	
7A	2	b	585.573632	599.982432	594.218912	14.408800000000042	-0.23343761581649947	592.489856	7.204400000000021	-3.752073305806684	
