										Kaede_Unfed#11_Retrograde_evts_formatted.txt
ROI	Quadrant	Direction	Start time (s)	End time (s)	Peak time (s)	Duration (s)	Amplitude	Midpoint (s)	Half Duration(s)	AUC
1A	2	b	0.0	6.59448	0.0	6.59448	-0.23336811051887008	3.29724	3.29724	-1.0353424983081114	
1A	2	b	7.253928	11.210616	9.232272	3.9566879999999998	-0.04867917681129663	9.232272	1.9783439999999999	-0.10591450313439554	
1A	2	b	13.18896	34.291296	23.08068	21.102336	-1.158864103759004	23.740128	10.551168	-12.1987157236749	
1A	2	b	38.907432	58.690872	46.16136	19.78344	-1.7681187829676328	48.799152	9.89172	-25.236229129937826	
1A	4	a	59.35032	62.64756	60.009768	3.297239999999995	0.08499514186271728	60.669216	1.6486199999999975	0.21235854093306106	
1A	2	b	63.307008	75.177072	65.285352	11.870063999999992	-1.0362879413760666	69.24204	5.935031999999996	-8.881555061307944	
1A	4	a	77.814864	81.112104	78.474312	3.297240000000002	0.08298121031194805	79.13376	1.648620000000001	0.23113207880004283	
1A	2	b	85.068792	94.960512	87.706584	9.891719999999992	-1.189451361986476	89.684928	4.945859999999996	-9.004568185891168	
1A	2	b	95.61996	121.338432	106.830576	25.71847199999999	-0.9044891001248647	108.149472	12.859235999999996	-11.113066920008453	
1A	2	b	121.99788	141.78132	129.251808	19.78344	-1.3616747224124217	131.8896	9.89172	-16.55103348265266	
1A	2	b	143.759664	164.202552	150.354144	20.44288800000001	-1.3247638009528768	153.651384	10.221444000000005	-18.00136699116954	
1A	2	b	164.862	180.688752	173.434824	15.826751999999999	-0.7404242527896305	172.775376	7.9133759999999995	-8.488466131344898	
1A	2	b	181.3482	184.64544	183.326544	3.2972400000000164	-0.06043685548583522	182.667096	1.6486200000000082	-0.10899307891541277	
1A	4	a	185.304888	189.261576	187.94268	3.9566879999999855	0.10193260356717904	187.283232	1.9783439999999928	0.3032027384738596	
1A	2	b	189.921024	203.769432	191.899368	13.848408000000006	-0.8726303112055094	196.515504	6.924204000000003	-8.944044612232142	
1A	2	b	204.42888	209.045016	207.72612	4.616136000000012	-0.1608501893036669	206.407224	2.308068000000006	-0.8247406871756684	
1A	2	b	211.682808	227.50956	213.661152	15.826751999999999	-0.6948679459574434	219.596184	7.9133759999999995	-7.094482547495117	
1A	2	b	228.169008	231.466248	229.487904	3.2972400000000164	-0.030740852107013605	229.487904	1.6486200000000082	-0.09033812532341878	
1A	2	b	232.125696	243.99576	237.40128	11.870063999999985	-0.5981249573632241	238.060728	5.9350319999999925	-4.955608519874645	
1A	2	b	244.655208	271.033128	255.206376	26.37791999999999	-0.30947069278263806	257.844168	13.188959999999994	-5.170894571608828	
1A	2	b	271.692576	319.172832	300.04884	47.480256000000054	-0.9135009865124308	295.432704	23.740128000000027	-21.982375900632544	
1A	2	b	319.83228	329.064552	323.788968	9.232271999999966	-0.5142266128892885	324.448416	4.616135999999983	-4.429593672890187	
1A	2	b	333.680688	358.739712	345.550752	25.059024000000022	-0.785506760134079	346.2102	12.529512000000011	-12.0944084323045	
1A	2	b	359.39916	371.269224	361.377504	11.870064000000013	-0.4760330244571849	365.334192	5.935032000000007	-3.8090273127502643	
1A	2	b	371.928672	379.1826	375.225912	7.2539279999999735	-0.08073940870258811	375.225912	3.6269639999999868	-0.41209214459054744	
1A	2	b	381.160944	413.473896	401.603832	32.31295200000005	-1.0396411801379255	396.987696	16.156476000000026	-19.30179338374984	
1A	2	b	414.133344	427.981752	422.706168	13.84840799999995	-0.2442687186019077	420.727824	6.924203999999975	-3.0151728545949177	
1A	4	a	428.6412	436.554576	429.960096	7.913375999999971	0.12485382878268414	432.597888	3.9566879999999855	0.9787301193924467	
1A	2	b	437.214024	476.780904	439.851816	39.566880000000026	-0.8396910023091197	456.997464	19.783440000000013	-17.31119294202912	
1A	2	b	477.440352	496.564344	484.034832	19.123991999999987	-0.6071583958051985	486.672624	9.561995999999994	-6.621785101945609	
1A	2	b	501.18048	520.304472	509.093856	19.123992000000044	-0.8434817085740502	510.412752	9.561996000000022	-8.79898242650511	
1A	2	b	520.96392	528.217848	524.26116	7.2539279999999735	-0.10474799820050329	524.26116	3.6269639999999868	-0.40922193250253924	
1A	2	b	531.515088	553.276872	545.363496	21.761784000000034	-0.6358589511061341	542.066256	10.880892000000017	-9.346656022033555	
1A	2	b	553.93632	582.292584	565.806384	28.35626400000001	-1.2040232379339928	567.784728	14.178132000000005	-20.168680432916343	
1A	2	b	582.952032	599.438232	590.20596	16.48619999999994	-0.5754697835294893	590.865408	8.24309999999997	-8.083483192673933	
2A	4	a	1.318896	5.275584	1.978344	3.956688	0.0730469122212809	3.29724	1.978344	0.2575503278764881	
2A	2	b	7.253928	11.210616	9.232272	3.9566879999999998	-0.05099271378640591	9.232272	1.9783439999999999	-0.13598844116170916	
2A	2	b	11.870064	30.994056	21.102336	19.123992	-1.2378229661213873	21.102336	9.561996	-15.565979879870952	
2A	4	a	32.9724	35.610192	34.291296	2.6377919999999975	0.03665438086435824	34.291296	1.3188959999999987	0.08849501107798652	
2A	2	b	36.26964	58.031424	43.523568	21.761784	-1.9614805350000188	46.820808	10.880892	-24.19631049702957	
2A	2	b	58.690872	75.177072	62.64756	16.486199999999997	-1.4877240276108448	66.604248	8.243099999999998	-15.593164428574266	
2A	2	b	75.83652	93.641616	86.387688	17.805096000000006	-1.2398451379527669	84.409344	8.902548000000003	-12.414814262900176	
2A	4	a	94.301064	98.9172	95.61996	4.616135999999997	0.03922873003706506	96.279408	2.3080679999999987	0.14457456651341571	
2A	2	b	99.576648	115.4034	104.192784	15.826751999999999	-1.7497034108296106	107.490024	7.9133759999999995	-20.130131584562246	
2A	2	b	116.062848	139.802976	126.614016	23.740128	-1.9940842744020602	127.932912	11.870064	-27.15087194156069	
2A	2	b	142.440768	155.629728	147.056904	13.188960000000009	-1.8849487641325355	149.035248	6.594480000000004	-16.952700568719564	
2A	2	b	156.289176	180.029304	168.15924	23.740128	-1.636537042207352	168.15924	11.870064	-25.541222675539945	
2A	4	a	180.688752	184.64544	183.326544	3.956688000000014	0.07741182026197357	182.667096	1.978344000000007	0.30118801614125745	
2A	2	b	185.304888	199.153296	189.921024	13.848408000000006	-1.9502026991591244	191.899368	6.924204000000003	-19.40406799878955	
2A	2	b	203.109984	227.50956	211.682808	24.399575999999996	-1.5448665172745781	214.980048	12.199787999999998	-19.142935126092823	
2A	2	b	228.169008	245.314656	234.10404	17.145648000000023	-1.02134817440214	236.741832	8.572824000000011	-11.482320636324852	
2A	2	b	245.974104	267.07644	253.228032	21.10233599999998	-1.3837375447160185	256.525272	10.55116799999999	-19.567349174735348	
2A	4	a	267.735888	274.330368	272.352024	6.594480000000033	0.2062646131310668	271.033128	3.2972400000000164	0.9794402974252674	
2A	2	b	274.989816	282.903192	276.308712	7.913375999999971	-0.8966645318815445	278.946504	3.9566879999999855	-5.694912295403774	
2A	2	b	285.540984	305.324424	297.411048	19.78344000000004	-1.0630902158205076	295.432704	9.89172000000002	-11.525244315144027	
2A	2	b	305.983872	319.172832	311.259456	13.188960000000009	-0.3802460057552999	312.578352	6.594480000000004	-3.9123633630156536	
2A	2	b	319.83228	329.724	322.470072	9.891719999999964	-0.8185184959811282	324.448416	4.945859999999982	-5.777948071593135	
2A	2	b	333.680688	336.977928	334.340136	3.297240000000045	-0.06110481867194828	334.999584	1.6486200000000224	-0.17937315347946514	
2A	2	b	337.637376	349.50744	341.594064	11.870063999999957	-1.1504231135222551	343.572408	5.935031999999978	-8.415701438621786	
2A	2	b	355.442472	371.928672	360.058608	16.486199999999997	-1.7550916183309955	363.355848	8.243099999999998	-17.787145632123046	
2A	2	b	372.58812	381.160944	375.88536	8.572823999999969	-0.1505966226284019	376.544808	4.286411999999984	-0.9851581218997953	
2A	2	b	384.458184	388.414872	387.095976	3.9566879999999855	-0.05908506379861933	386.436528	1.9783439999999928	-0.21253161644216823	
2A	2	b	389.07432	405.56052	398.96604	16.486199999999997	-1.190676882820994	396.987696	8.243099999999998	-13.250430921077726	
2A	2	b	406.219968	429.960096	414.792792	23.740128000000027	-1.4943591874312983	418.090032	11.870064000000013	-20.114096046787452	
2A	2	b	430.619544	445.1274	436.554576	14.507856000000004	-1.4311984735128926	437.873472	7.253928000000002	-12.671185708553596	
2A	4	a	445.786848	448.42464	446.446296	2.6377919999999904	0.07804510059276293	447.105744	1.3188959999999952	0.18226503191666898	
2A	2	b	449.084088	473.483664	457.656912	24.399575999999968	-1.0050722873746034	460.954152	12.199787999999984	-10.77502120315671	
2A	2	b	474.143112	499.202136	484.034832	25.059024000000022	-0.6878420575254309	486.672624	12.529512000000011	-7.68185017412538	
2A	2	b	499.861584	512.391096	504.47772	12.529511999999954	-0.8710052724711823	505.796616	6.264755999999977	-7.712196423086583	
2A	2	b	516.347784	531.515088	521.623368	15.167303999999945	-0.9610932934805301	523.601712	7.583651999999972	-11.262618116995029	
2A	2	b	532.174536	553.276872	540.087912	21.102336000000037	-1.12198069189078	542.725704	10.551168000000018	-15.257646603438678	
2A	2	b	553.93632	597.459888	563.168592	43.523567999999955	-1.5877054019254961	575.698104	21.761783999999977	-52.43120277950651	
3A	4	a	0.0	8.572824	0.0	8.572824	1.3391413701808021	3.956688	4.286412	7.764505434340309	
3A	2	b	9.232272	11.210616	9.232272	1.9783439999999999	-0.02989884120095354	9.89172	0.9891719999999999	-0.023650874468519323	
3A	2	b	13.18896	29.015712	15.826752	15.826752	-0.4413638343881967	21.102336	7.913376	-5.979484457996474	
3A	4	a	29.67516	31.653504	29.67516	1.9783439999999999	0.08420469978422318	30.334608	0.9891719999999999	0.09505679866249439	
3A	2	b	33.631848	49.4586	37.588536	15.826751999999999	-3.4222567190909063	41.545224	7.9133759999999995	-37.63037072567599	
3A	4	a	50.118048	55.393632	50.777496	5.275583999999995	0.12309230430215212	52.75584	2.6377919999999975	0.3912159486978717	
3A	2	b	56.05308	69.901488	59.35032	13.848408	-2.6837475626870604	62.64756	6.924204	-28.88450095375441	
3A	4	a	70.560936	72.53928	71.879832	1.978344000000007	0.027015149401559135	71.220384	0.9891720000000035	0.02661536341172921	
3A	2	b	73.198728	92.32272	79.13376	19.123992	-2.5345293569231555	82.431	9.561996	-29.684829226603412	
3A	4	a	92.982168	98.257752	96.279408	5.275583999999995	0.25673283699689353	95.61996	2.6377919999999975	1.1812514025988463	
3A	2	b	98.9172	117.381744	100.236096	18.464544000000004	-2.565657332228824	108.149472	9.232272000000002	-35.5278125211992	
3A	2	b	118.041192	138.48408	121.99788	20.44288800000001	-1.8741372918096957	127.932912	10.221444000000005	-23.262992051574166	
3A	2	b	140.462424	151.013592	142.440768	10.55116799999999	-2.6624977755392227	145.738008	5.275583999999995	-21.26783226123593	
3A	4	a	151.67304	156.289176	153.651384	4.616136000000012	0.10095918046306007	153.651384	2.308068000000006	0.38824570655037727	
3A	2	b	156.948624	180.688752	164.862	23.740128	-3.254841004305094	168.818688	11.870064	-56.97207434900734	
3A	2	b	181.3482	194.53716	185.964336	13.188960000000009	-2.655577204761338	187.94268	6.594480000000004	-21.48108258858158	
3A	4	a	195.196608	199.153296	196.515504	3.956688000000014	0.1420574234752907	197.174952	1.978344000000007	0.506009489886095	
3A	4	a	199.812744	203.769432	201.791088	3.9566879999999855	0.09938370470047353	201.791088	1.9783439999999928	0.3738163670645043	
3A	2	b	204.42888	224.871768	209.704464	20.44288800000001	-2.1657507748422455	214.3206	10.221444000000005	-30.970404907901642	
3A	2	b	225.531216	243.99576	228.169008	18.46454399999999	-1.2356826638087846	234.763488	9.232271999999995	-19.553028798154905	
3A	2	b	247.952448	273.011472	257.844168	25.059024000000022	-2.1367041299171934	260.48196	12.529512000000011	-46.01402061343283	
3A	2	b	273.67092	304.664976	290.816568	30.994056	-1.6854678520912367	288.838224	15.497028	-25.89993475438673	
3A	2	b	305.324424	324.448416	313.897248	19.123991999999987	-2.0075858607680894	314.556696	9.561995999999994	-31.534211808035494	
3A	2	b	325.107864	353.464128	347.529096	28.35626400000001	-0.6084955800406471	338.956272	14.178132000000005	-8.527464780187143	
3A	2	b	354.123576	383.798736	358.739712	29.675160000000005	-2.1109401527445333	368.631432	14.837580000000003	-49.24746830731936	
3A	2	b	384.458184	401.603832	391.712112	17.145647999999994	-1.455503263607758	393.031008	8.572823999999997	-15.162745708873743	
3A	2	b	402.26328	406.879416	403.582176	4.616135999999983	-0.3379579767901699	404.241624	2.3080679999999916	-1.5217318947877851	
3A	2	b	407.538864	425.34396	415.45224	17.805095999999992	-1.6106091267339937	416.111688	8.902547999999996	-29.54016753132501	
3A	2	b	427.322304	442.489608	429.960096	15.167304000000001	-1.9445590668970243	434.576232	7.583652000000001	-20.66500446080761	
3A	2	b	443.149056	459.635256	447.765192	16.486200000000053	-2.283446066034428	451.062432	8.243100000000027	-26.724983362795292	
3A	2	b	460.294704	476.780904	464.91084	16.486199999999997	-2.0225462485868677	468.20808	8.243099999999998	-24.56887047747408	
3A	2	b	478.759248	495.245448	480.737592	16.486199999999997	-0.7539659930817453	486.672624	8.243099999999998	-6.903372773397121	
3A	2	b	495.904896	510.412752	499.861584	14.507856000000004	-1.0280385087028505	503.158824	7.253928000000002	-10.984132928236578	
3A	2	b	511.0722	553.276872	524.920608	42.204672000000016	-2.150564653928295	532.174536	21.102336000000008	-73.95259837027412	
3A	4	a	553.93632	555.914664	555.255216	1.9783439999999928	0.05012952983397856	554.595768	0.9891719999999964	0.037950878438646196	
3A	2	b	556.574112	597.459888	577.676448	40.885775999999964	-2.3308728475613774	577.017	20.442887999999982	-50.46626411774302	
3A	2	b	598.119336	600.09768	600.09768	1.9783439999999928	-0.9692900528220978	598.778784	0.9891719999999964	-1.0140958580042017	
4A	2	b	0.0	1.978344	0.0	1.978344	-0.12703076107849043	0.659448	0.989172	-0.14413329278063625	
4A	2	b	2.637792	21.102336	12.529512	18.464544	-4.356032736256731	11.870064	9.232272	-56.46119694619591	
4A	4	a	21.761784	25.059024	23.08068	3.297240000000002	0.19845552595441163	23.08068	1.648620000000001	0.6157922595082077	
4A	2	b	27.696816	34.291296	30.334608	6.594480000000004	-1.1777838420728095	30.994056	3.297240000000002	-5.252938779643225	
4A	2	b	34.950744	44.842464	37.588536	9.89172	-1.0150155447466904	39.56688	4.94586	-8.431532839209552	
4A	2	b	45.501912	56.712528	48.139704	11.210616000000002	-1.5108073743104065	50.777496	5.605308000000001	-9.615965219456964	
4A	2	b	57.371976	87.706584	62.64756	30.33460800000001	-7.299904696846745	72.53928	15.167304000000005	-192.62726544186455	
4A	2	b	88.366032	97.598304	92.32272	9.232271999999995	-4.311953080943025	92.982168	4.616135999999997	-28.764126565267322	
4A	2	b	100.236096	104.192784	100.895544	3.9566879999999998	-0.6634969076376347	102.21444	1.9783439999999999	-2.6774787539994556	
4A	2	b	104.852232	140.462424	114.743952	35.610192	-6.228783566430247	122.657328	17.805096	-178.48999312266	
4A	2	b	141.121872	146.397456	143.759664	5.275584000000009	-0.21572758203650544	143.759664	2.6377920000000046	-0.9690954692790754	
4A	4	a	147.056904	152.332488	151.013592	5.275584000000009	0.20099603437578395	149.694696	2.6377920000000046	0.6965095618796671	
4A	2	b	152.991936	156.289176	154.310832	3.297239999999988	-0.7547453879265902	154.310832	1.648619999999994	-2.443653624721205	
4A	4	a	156.948624	159.586416	157.608072	2.637792000000019	0.11226789908445767	158.26752	1.3188960000000094	0.2834856404720494	
4A	2	b	160.245864	191.899368	166.180896	31.653503999999998	-6.612936066209835	176.072616	15.826751999999999	-136.16068212505596	
4A	2	b	195.196608	201.13164	196.515504	5.935032000000007	-1.8222833833495091	197.8344	2.9675160000000034	-9.2024823472278	
4A	4	a	201.791088	207.72612	205.088328	5.935032000000007	0.28801513510661003	204.42888	2.9675160000000034	1.5946575806978753	
4A	2	b	208.385568	243.99576	214.980048	35.610191999999984	-6.820668976851422	226.190664	17.805095999999992	-192.24191589239862	
4A	4	a	244.655208	247.952448	245.974104	3.2972400000000164	0.29752934577590295	245.974104	1.6486200000000082	0.914271080989483	
4A	2	b	248.611896	251.909136	250.59024	3.297239999999988	-0.25832364009778175	249.930792	1.648619999999994	-0.6828728075348298	
4A	2	b	254.546928	278.287056	261.141408	23.740128	-6.635801311345043	266.416992	11.870064	-128.23787282416953	
4A	2	b	280.2654	288.838224	282.903192	8.572824000000026	-2.9557165593349053	284.222088	4.286412000000013	-20.808885086708408	
4A	4	a	291.476016	300.04884	296.7516	8.572823999999969	0.503452326368997	295.432704	4.286411999999984	4.190040152873724	
4A	2	b	300.708288	308.621664	302.686632	7.913376000000028	-2.468857882853923	304.664976	3.956688000000014	-14.693862117372081	
4A	2	b	310.600008	347.529096	317.853936	36.92908799999998	-6.355511900463592	329.064552	18.46454399999999	-144.04786125496764	
4A	4	a	348.188544	356.10192	355.442472	7.913376000000028	0.7446281218190194	352.145232	3.956688000000014	3.265548142585488	
4A	2	b	356.761368	382.47984	365.99364	25.71847200000002	-5.478220059292079	369.29088	12.85923600000001	-141.05737860568456	
4A	2	b	383.139288	393.690456	386.436528	10.551167999999961	-1.984540112660894	388.414872	5.275583999999981	-15.891912888375295	
4A	4	a	394.349904	397.647144	395.009352	3.297240000000045	0.29309027958206	395.6688	1.6486200000000224	0.8047742015898249	
4A	2	b	398.306592	403.582176	399.625488	5.275583999999981	-0.8433430812737015	400.944384	2.6377919999999904	-4.706694157594346	
4A	4	a	404.241624	412.814448	410.176656	8.572824000000026	1.5769856363947738	408.198312	4.286412000000013	14.714646836990154	
4A	2	b	413.473896	441.170712	418.74948	27.696815999999956	-5.565680801885202	427.322304	13.848407999999978	-149.41144691604046	
4A	2	b	441.83016	456.997464	445.1274	15.167304000000001	-4.938809322432254	449.084088	7.583652000000001	-55.19592889722349	
4A	2	b	457.656912	489.969864	472.164768	32.312951999999996	-4.423422488774825	473.483664	16.156475999999998	-125.09957093988167	
4A	2	b	490.629312	498.542688	492.607656	7.913375999999971	-0.6855010421254528	494.586	3.9566879999999855	-4.035327032459006	
4A	4	a	499.202136	511.0722	509.093856	11.870064000000013	0.6457027386001197	505.137168	5.935032000000007	4.422035180501981	
4A	2	b	511.731648	520.96392	513.050544	9.232272000000023	-1.4459504137556332	516.347784	4.616136000000012	-11.082193852844881	
4A	2	b	521.623368	542.066256	528.217848	20.442887999999925	-5.867236823395963	531.515088	10.221443999999963	-93.60150440997627	
4A	2	b	542.725704	551.957976	546.022944	9.23227200000008	-1.354485321401512	547.34184	4.61613600000004	-10.779757874408006	
4A	2	b	555.914664	567.12528	561.849696	11.210615999999959	-2.489461950828632	561.190248	5.6053079999999795	-14.447267521500486	
4A	4	a	567.784728	575.698104	574.379208	7.913375999999971	0.476804429475326	571.741416	3.9566879999999855	3.6832291504572927	
4A	2	b	576.357552	600.09768	581.633136	23.740127999999913	-6.233565804687909	588.227616	11.870063999999957	-131.0009227784664	
5A	4	a	0.0	10.551168	0.0	10.551168	5.948190666604474	5.275584	5.275584	71.14162848459385	
5A	2	b	11.210616	23.08068	14.507856	11.870064000000001	-2.5250975548665284	17.145648	5.9350320000000005	-25.523426608313045	
5A	2	b	25.718472	31.653504	27.696816	5.935032000000003	-0.8491185001418025	28.356264	2.9675160000000016	-4.884850018808713	
5A	4	a	32.312952	35.610192	32.312952	3.297239999999995	0.23314321055531906	33.631848	1.6486199999999975	0.71047883687522	
5A	2	b	37.588536	44.183016	40.226328	6.594480000000004	-0.20755167102326233	40.885776	3.297240000000002	-1.2845688251781953	
5A	4	a	44.842464	56.05308	54.734184	11.210616000000002	0.7625416981080697	50.118048	5.605308000000001	7.59503326904095	
5A	2	b	56.712528	85.068792	68.582592	28.356264000000003	-6.032050554227632	70.560936	14.178132000000002	-129.7311389953715	
5A	2	b	85.72824	92.982168	90.344376	7.253928000000002	-0.6147498645949039	89.02548	3.626964000000001	-4.139688206399862	
5A	4	a	93.641616	102.21444	99.576648	8.572823999999997	1.0859038824013876	97.598304	4.286411999999999	9.55140369047249	
5A	2	b	102.873888	109.468368	104.852232	6.594480000000004	-3.470032031902109	106.171128	3.297240000000002	-18.757614227702213	
5A	2	b	110.127816	129.251808	117.381744	19.123992000000015	-6.4734994698521415	119.360088	9.561996000000008	-80.56796892703629	
5A	2	b	129.911256	140.462424	133.208496	10.55116799999999	-4.256190487872853	135.18684	5.275583999999995	-31.249924863696315	
5A	4	a	141.121872	143.100216	141.121872	1.9783439999999928	0.03625626008656546	141.78132	0.9891719999999964	0.05652728773424709	
5A	2	b	145.07856	153.651384	149.035248	8.572823999999997	-1.9261109753317491	149.035248	4.286411999999999	-10.455433485717869	
5A	4	a	155.629728	160.245864	158.26752	4.616136000000012	0.2007821634215219	157.608072	2.308068000000006	1.0063534162262098	
5A	2	b	160.905312	189.261576	170.797032	28.35626399999998	-5.646604552889839	174.75372	14.17813199999999	-103.33234297103395	
5A	2	b	189.921024	199.153296	193.218264	9.232272000000023	-1.7863344866668474	194.53716	4.616136000000012	-12.117980969499804	
5A	4	a	199.812744	209.704464	203.769432	9.891719999999992	0.22758943409187538	204.42888	4.945859999999996	2.3774689317806086	
5A	2	b	210.363912	245.314656	218.277288	34.950744000000014	-4.818662244048812	227.50956	17.475372000000007	-75.07053571033383	
5A	2	b	245.974104	247.952448	245.974104	1.9783439999999928	-0.034460447193490396	246.633552	0.9891719999999964	-0.05292745791683551	
5A	4	a	248.611896	258.503616	255.206376	9.89172000000002	0.40222629529050025	253.228032	4.94586000000001	3.2221503165007546	
5A	2	b	259.163064	279.605952	265.757544	20.442887999999982	-6.469266584807659	269.054784	10.221443999999991	-87.01470656941261	
5A	2	b	280.2654	293.45436	282.903192	13.188960000000009	-1.1642778366500277	286.85988	6.594480000000004	-10.401420534279838	
5A	2	b	294.113808	306.64332	298.070496	12.529512000000011	-3.050923748378402	300.04884	6.2647560000000055	-20.191293080807352	
5A	4	a	308.621664	311.259456	309.281112	2.6377919999999904	0.08556408883008793	309.94056	1.3188959999999952	0.22529371091792605	
5A	2	b	311.918904	350.826336	320.491728	38.90743200000003	-7.214731700058348	331.042896	19.453716000000014	-189.00295261483012	
5A	4	a	351.485784	354.783024	353.464128	3.297239999999988	0.49687871474089995	352.80468	1.648619999999994	1.2459431639613987	
5A	2	b	355.442472	360.718056	356.761368	5.275583999999981	-3.3969361606044073	358.080264	2.6377919999999904	-15.786999128861037	
5A	2	b	362.6964	379.842048	369.29088	17.145647999999994	-5.199216601150456	371.269224	8.572823999999997	-72.12846319506825	
5A	2	b	380.501496	386.436528	382.47984	5.935032000000035	-2.5357756848707513	383.139288	2.9675160000000176	-13.315848327418667	
5A	2	b	387.095976	394.349904	389.733768	7.2539279999999735	-1.8337385761600222	390.393216	3.6269639999999868	-10.494869513063026	
5A	2	b	395.009352	407.538864	398.306592	12.529512000000011	-4.8735072618018345	400.944384	6.2647560000000055	-47.52019465706761	
5A	4	a	408.198312	410.836104	410.176656	2.6377919999999904	0.3304314857959181	409.517208	1.3188959999999952	0.7419482353312583	
5A	2	b	411.495552	440.511264	424.025064	29.015712000000008	-5.8089295161074945	426.003408	14.507856000000004	-157.29332907214194	
5A	2	b	441.170712	450.402984	443.808504	9.232272000000023	-5.48666181621104	445.786848	4.616136000000012	-41.14616412033523	
5A	4	a	451.062432	458.975808	456.997464	7.913375999999971	1.0447785029206056	455.01912	3.9566879999999855	6.10286914738484	
5A	2	b	459.635256	469.526976	460.954152	9.891719999999964	-3.422284235839941	464.251392	4.945859999999982	-19.31303437722363	
5A	2	b	470.186424	487.99152	476.121456	17.805095999999992	-4.612783360119361	478.759248	8.902547999999996	-61.54163935394918	
5A	2	b	488.650968	496.564344	491.948208	7.913376000000028	-1.784833215529491	492.607656	3.956688000000014	-10.59007514623301	
5A	4	a	497.223792	501.18048	498.542688	3.9566879999999855	0.15755498678339563	499.202136	1.9783439999999928	0.5881987058057865	
5A	2	b	503.158824	515.688336	508.434408	12.529512000000068	-3.5651933138417995	509.093856	6.264756000000034	-23.572843215702548	
5A	4	a	517.66668	522.282816	520.96392	4.616135999999983	0.06558881850457077	519.645024	2.3080679999999916	0.1772580088539586	
5A	2	b	522.942264	553.276872	531.515088	30.334608000000003	-6.519500718902035	538.109568	15.167304000000001	-149.54353055619202	
5A	2	b	553.93632	565.146936	558.552456	11.210615999999959	-1.691590224734707	559.211904	5.6053079999999795	-12.907587323047006	
5A	4	a	565.806384	570.42252	568.444176	4.616135999999983	0.3450233977909676	567.784728	2.3080679999999916	1.6230658340531248	
5A	2	b	571.081968	576.357552	572.400864	5.275584000000094	-1.4340854736182855	573.71976	2.637792000000047	-6.086779286844565	
5A	2	b	578.335896	600.09768	584.930376	21.76178399999992	-5.979776768948486	588.887064	10.88089199999996	-104.2168631977983	
6A	2	b	0.0	3.29724	0.0	3.29724	-0.11297216380316577	1.318896	1.64862	-0.17416180741664533	
6A	2	b	3.956688	34.950744	19.123992	30.994056	-4.1256149993579685	19.123992	15.497028	-102.01958259831385	
6A	2	b	35.610192	47.480256	39.56688	11.870064	-1.9359192619498815	41.545224	5.935032	-16.90794468552124	
6A	4	a	48.139704	51.436944	48.799152	3.297239999999995	0.18882726463364108	49.4586	1.6486199999999975	0.6294271328357093	
6A	2	b	52.096392	63.307008	56.05308	11.210616000000002	-1.9171218365906153	57.371976	5.605308000000001	-15.464389077286913	
6A	2	b	63.966456	96.279408	73.198728	32.312952	-4.904184549562915	79.793208	16.156476	-136.5270385607859	
6A	2	b	98.9172	108.80892	101.554992	9.891720000000007	-3.036613063522447	103.533336	4.945860000000003	-24.132342959437565	
6A	4	a	109.468368	112.765608	111.446712	3.297240000000002	0.41503670512217283	110.787264	1.648620000000001	1.1681389514262204	
6A	2	b	113.425056	141.78132	122.657328	28.356263999999996	-3.181579651037672	127.273464	14.178131999999998	-91.15114902901185	
6A	2	b	142.440768	152.991936	145.07856	10.551168000000018	-2.2095102017416828	147.716352	5.275584000000009	-16.5399846886272	
6A	4	a	153.651384	156.289176	154.97028	2.6377919999999904	0.10120796810791344	154.97028	1.3188959999999952	0.28141035111783363	
6A	2	b	156.948624	164.202552	159.586416	7.253928000000002	-1.442528316356432	160.245864	3.626964000000001	-8.632084567279586	
6A	4	a	166.180896	168.818688	167.499792	2.637792000000019	0.157788081503619	167.499792	1.3188960000000094	0.3567156904498767	
6A	2	b	169.478136	197.174952	176.732064	27.696815999999984	-3.6421461656963983	183.326544	13.848407999999992	-77.94589136862243	
6A	2	b	197.8344	209.704464	206.407224	11.870064000000013	-0.4260451142231654	203.769432	5.935032000000007	-3.2729783628181837	
6A	4	a	210.363912	216.298944	213.001704	5.935032000000007	0.5526027862827352	213.001704	2.9675160000000034	3.7867877087121133	
6A	2	b	216.958392	250.59024	222.233976	33.63184799999999	-4.178443504856589	233.444592	16.815923999999995	-98.84751060619273	
6A	2	b	252.568584	256.525272	254.546928	3.9566879999999855	-0.13873628689451145	254.546928	1.9783439999999928	-0.39204149509528907	
6A	4	a	257.18472	262.460304	259.822512	5.275583999999981	0.24199002355598864	259.822512	2.6377919999999904	1.1092534941166061	
6A	2	b	263.119752	306.64332	269.714232	43.52356800000001	-5.619813674042005	284.881536	21.761784000000006	-216.4086116125927	
6A	2	b	310.600008	352.80468	325.767312	42.204672000000016	-4.426828981346036	331.702344	21.102336000000008	-151.9057607626407	
6A	2	b	353.464128	360.718056	355.442472	7.2539279999999735	-1.5638327980671676	356.761368	3.6269639999999868	-9.27266851195776	
6A	4	a	361.377504	364.015296	362.6964	2.6377919999999904	0.17192366193737296	362.6964	1.3188959999999952	0.42661232269040594	
6A	2	b	364.674744	404.241624	374.566464	39.566880000000026	-4.262218903862091	384.458184	19.783440000000013	-146.33301626747496	
6A	4	a	404.901072	408.85776	406.879416	3.9566879999999855	0.3224296643078759	406.879416	1.9783439999999928	1.1323338814011263	
6A	2	b	409.517208	420.727824	410.836104	11.210616000000016	-2.3881742126282663	414.792792	5.605308000000008	-18.749101111491946	
6A	2	b	421.387272	439.192368	426.003408	17.805095999999992	-3.4257347472543698	429.960096	8.902547999999996	-59.84630408637352	
6A	2	b	439.851816	450.402984	442.489608	10.551168000000018	-1.5703300346007456	445.1274	5.275584000000009	-12.848819952594107	
6A	2	b	451.062432	463.591944	455.678568	12.529512000000011	-0.9571548561639975	456.997464	6.2647560000000055	-8.306916014905585	
6A	4	a	464.251392	468.867528	466.229736	4.616135999999983	0.15770990410886743	466.229736	2.3080679999999916	0.6708254351759004	
6A	2	b	469.526976	512.391096	480.737592	42.86411999999996	-3.563043348334305	490.629312	21.43205999999998	-122.2032158336878	
6A	2	b	513.050544	528.877296	522.282816	15.826752000000056	-2.4118356626108683	520.96392	7.913376000000028	-24.92785323789447	
6A	2	b	529.536744	548.660736	536.790672	19.123992000000044	-2.9862422152655133	538.769016	9.561996000000022	-51.13527911722543	
6A	2	b	549.320184	600.09768	590.865408	50.77749599999993	-6.031000700853691	574.379208	25.388747999999964	-196.34247665960174	
7A	2	b	2.637792	13.18896	6.59448	10.551168	-0.7252841713547555	7.913376	5.275584	-6.085139133413959	
7A	2	b	13.848408	62.64756	21.761784	48.799152	-3.1351317233382225	38.247984	24.399576	-140.59306948481986	
7A	2	b	65.285352	68.582592	65.9448	3.297240000000002	-1.1808449724316787	66.604248	1.648620000000001	-3.485225786453315	
7A	2	b	69.24204	96.279408	79.13376	27.037368	-2.0740994710666474	82.431	13.518684	-53.50561384909483	
7A	2	b	96.938856	118.70064	100.236096	21.761784000000006	-0.8475527103872826	107.490024	10.880892000000003	-16.867528341337508	
7A	2	b	120.678984	168.15924	125.954568	47.48025600000001	-2.2880320027467347	144.419112	23.740128000000006	-92.69787557126217	
7A	2	b	168.818688	213.001704	178.710408	44.18301599999998	-1.9869586962824402	190.580472	22.09150799999999	-77.73237836519318	
7A	2	b	213.661152	264.438648	229.487904	50.77749600000001	-3.758050988583371	238.720176	25.388748000000007	-154.90453123252897	
7A	2	b	266.416992	305.983872	274.989816	39.566880000000026	-3.5531302756374634	286.200432	19.783440000000013	-142.66906737738807	
7A	2	b	307.962216	371.269224	329.064552	63.307007999999996	-2.3759163614943724	339.61572	31.653503999999998	-144.41572787732852	
7A	2	b	371.928672	404.241624	379.1826	32.312951999999996	-2.0206958755427356	387.755424	16.156475999999998	-60.43974421626994	
7A	2	b	404.901072	415.45224	409.517208	10.551168000000018	-0.7430169489324268	410.176656	5.275584000000009	-7.820602226487136	
7A	4	a	416.111688	420.068376	418.090032	3.9566879999999855	0.2846651419969666	418.090032	1.9783439999999928	1.0153335051552532	
7A	2	b	420.727824	424.684512	422.706168	3.9566879999999855	-0.30158500440367586	422.706168	1.9783439999999928	-1.2217253691526042	
7A	4	a	425.34396	427.981752	426.003408	2.6377919999999904	0.3978564736246035	426.662856	1.3188959999999952	0.9193724482474943	
7A	2	b	428.6412	463.591944	432.597888	34.950743999999986	-1.1801183703782394	445.786848	17.475371999999993	-34.38948381512043	
7A	2	b	465.570288	512.391096	487.332072	46.82080799999994	-1.5959907199678058	488.650968	23.41040399999997	-62.216001990973844	
7A	2	b	513.050544	519.645024	516.347784	6.59448000000009	-0.15105757653858198	516.347784	3.297240000000045	-0.983813868550782	
7A	4	a	520.304472	529.536744	528.217848	9.232271999999966	0.5606227699743913	524.920608	4.616135999999983	3.623056703310344	
7A	2	b	530.196192	532.174536	530.196192	1.9783439999999928	-0.5162078970094317	530.85564	0.9891719999999964	-0.9700003778314303	
7A	4	a	532.833984	534.812328	533.493432	1.9783439999999928	0.6943466957460851	533.493432	0.9891719999999964	1.207757329763694	
7A	2	b	535.471776	557.893008	541.406808	22.421232000000032	-1.3859959105142492	546.682392	11.210616000000016	-24.926274500555902	
7A	2	b	558.552456	600.09768	593.5032	41.54522399999996	-2.644996630712663	578.995344	20.77261199999998	-62.6356023795176	
