										Kaede_Unfed#12_Anterograde_evts_formatted.txt
ROI	Quadrant	Direction	Start time (s)	End time (s)	Peak time (s)	Duration (s)	Amplitude	Midpoint (s)	Half Duration(s)	AUC
8A	4	a	2.637792	33.631848	21.761784	30.994055999999997	0.431856640179336	17.805096	15.497027999999998	11.704326488199378	
8A	4	a	34.291296	36.929088	35.610192	2.6377919999999975	0.09941675139739203	35.610192	1.3188959999999987	0.1617635138512754	
8A	2	b	37.588536	40.226328	38.907432	2.6377920000000046	-0.1357107193628977	38.907432	1.3188960000000023	-0.21202123698476116	
8A	4	a	40.885776	58.690872	46.820808	17.805096	2.0499519878677956	49.4586	8.902548	27.066036466886516	
8A	2	b	62.64756	79.793208	69.24204	17.14564800000001	-0.22562260084490404	71.220384	8.572824000000004	-3.0510167160481987	
8A	4	a	80.452656	88.366032	87.047136	7.9133759999999995	0.13930651615027667	84.409344	3.9566879999999998	0.7116290648554342	
8A	4	a	89.02548	104.192784	98.257752	15.167304000000001	0.19507324280973748	96.279408	7.583652000000001	2.5680878301142975	
8A	4	a	104.852232	127.273464	117.381744	22.421232000000003	0.912993393139911	116.062848	11.210616000000002	11.598957412050218	
8A	4	a	129.251808	182.007648	138.48408	52.75583999999998	0.24948352435001464	155.629728	26.37791999999999	11.98611672417268	
8A	4	a	182.667096	193.218264	185.964336	10.551168000000018	0.12917465734251898	187.94268	5.275584000000009	0.8031261384354207	
8A	4	a	193.877712	209.704464	200.472192	15.826751999999999	0.9733446362873472	201.791088	7.9133759999999995	12.703804563527353	
8A	4	a	210.363912	213.661152	213.001704	3.297239999999988	0.09597729526804777	211.682808	1.648619999999994	0.2644773779287255	
8A	4	a	214.3206	216.298944	214.980048	1.9783439999999928	0.057302226322356375	214.980048	0.9891719999999964	0.09161329371050986	
8A	2	b	216.958392	226.190664	219.596184	9.232271999999995	-0.1076169157635194	221.574528	4.616135999999997	-0.7721712484600212	
8A	4	a	226.850112	254.546928	236.741832	27.696816000000013	0.21148236728205205	240.69852	13.848408000000006	4.394827142057979	
8A	4	a	255.206376	295.432704	283.56264	40.226327999999995	1.3730178350902058	274.989816	20.113163999999998	28.09830049356223	
8A	2	b	298.070496	302.686632	300.04884	4.616135999999983	-0.1693555912795306	300.04884	2.3080679999999916	-0.5347597752598756	
8A	4	a	305.324424	334.340136	321.810624	29.01571199999995	0.41929415045074947	319.83228	14.507855999999975	9.314061358911573	
8A	4	a	334.999584	354.123576	339.61572	19.123991999999987	0.1806266226707791	344.231856	9.561995999999994	2.267495392152891	
8A	4	a	354.783024	361.377504	358.080264	6.594479999999976	0.13890162758582125	358.080264	3.297239999999988	0.7066192487236473	
8A	4	a	362.036952	385.117632	375.88536	23.08068000000003	1.0350884732940226	373.247568	11.540340000000015	16.94314750433384	
8A	2	b	385.77708	397.647144	392.37156	11.870064000000013	-0.11852319687653257	391.712112	5.935032000000007	-1.0393626765465638	
8A	4	a	398.306592	483.375384	472.164768	85.06879199999997	1.0972639914437208	440.511264	42.53439599999999	93.5915250295429	
8A	2	b	486.672624	488.650968	487.332072	1.9783439999999928	-0.12345592914598491	487.332072	0.9891719999999964	-0.1908628039182143	
8A	4	a	491.948208	557.23356	548.660736	65.28535199999999	0.9612810324119465	524.26116	32.642675999999994	49.90926160489654	
8A	2	b	559.871352	561.849696	560.5308	1.9783439999999928	-0.058511909275936524	560.5308	0.9891719999999964	-0.08007724438222663	
8A	4	a	563.82804	600.09768	599.438232	36.26963999999998	0.61510908867798	581.633136	18.13481999999999	22.360503823256717	
9A	4	a	0.0	21.102336	1.318896	21.102336	1.1287826099473444	10.551168	10.551168	22.774050567915715	
9A	2	b	23.08068	50.118048	44.842464	27.037368	-0.6840538367814819	36.26964	13.518684	-14.595993508643735	
9A	4	a	50.777496	63.966456	57.371976	13.188960000000002	0.7167254106467391	57.371976	6.594480000000001	9.006102944407345	
9A	4	a	64.625904	82.431	68.582592	17.805095999999992	0.45989892645268515	73.198728	8.902547999999996	6.696684208360714	
9A	4	a	86.387688	89.02548	87.706584	2.6377920000000046	0.054969395968321066	87.706584	1.3188960000000023	0.10340344307441818	
9A	2	b	89.684928	120.019536	113.425056	30.334608000000003	-0.37519583735353823	104.852232	15.167304000000001	-7.921064180875854	
9A	4	a	120.678984	139.143528	126.614016	18.464544000000004	0.594900337302855	129.911256	9.232272000000002	8.870812027120131	
9A	4	a	139.802976	151.013592	141.121872	11.210615999999987	0.11214410868085345	145.07856	5.605307999999994	1.0488354708100753	
9A	4	a	151.67304	155.629728	154.310832	3.956688000000014	0.08063110860794875	153.651384	1.978344000000007	0.14601844603675707	
9A	4	a	156.289176	159.586416	158.26752	3.2972400000000164	0.04248258955602946	157.608072	1.6486200000000082	0.09113624900526673	
9A	4	a	160.245864	162.883656	160.245864	2.6377919999999904	0.05079987168560063	161.56476	1.3188959999999952	0.06119634792720552	
9A	4	a	172.115928	176.732064	173.434824	4.616136000000012	0.08673361993700812	174.094272	2.308068000000006	0.31064102458424747	
9A	4	a	179.369856	187.283232	180.688752	7.9133759999999995	0.09263399796925409	183.326544	3.9566879999999998	0.630139180386883	
9A	4	a	187.94268	195.856056	187.94268	7.9133759999999995	0.07921643720762805	191.899368	3.9566879999999998	0.40378568504629975	
9A	4	a	197.8344	232.125696	214.3206	34.29129600000002	0.7580710386161176	214.980048	17.14564800000001	17.57048898328679	
9A	2	b	245.314656	251.249688	246.633552	5.935031999999978	-0.15792013652227688	247.952448	2.967515999999989	-0.8162620909569909	
9A	2	b	251.909136	257.18472	255.865824	5.275584000000038	-0.12500074173849374	254.546928	2.637792000000019	-0.5084190169569829	
9A	4	a	257.844168	263.7792	258.503616	5.935031999999978	0.10982266808075991	260.48196	2.967515999999989	0.46927718331694024	
9A	4	a	264.438648	266.416992	264.438648	1.9783439999999928	0.06555359049842213	265.098096	0.9891719999999964	0.04203655487414926	
9A	4	a	271.033128	274.330368	271.033128	3.297240000000045	0.02646461739640049	272.352024	1.6486200000000224	0.049833308846278346	
9A	2	b	276.308712	279.605952	278.946504	3.297239999999988	-0.0715893296320882	277.627608	1.648619999999994	-0.13530518324227803	
9A	4	a	281.584296	284.881536	284.222088	3.297239999999988	0.06644054173837777	282.903192	1.648619999999994	0.10768754731679708	
9A	4	a	285.540984	315.216144	299.389392	29.675160000000005	0.9852714811843502	300.04884	14.837580000000003	24.336318778542005	
9A	4	a	315.875592	324.448416	318.513384	8.572824000000026	0.12534409578154815	319.83228	4.286412000000013	0.7754715554675862	
9A	4	a	326.42676	334.999584	330.383448	8.572824000000026	0.1659051748700735	330.383448	4.286412000000013	1.2683191090628	
9A	4	a	335.659032	344.891304	340.275168	9.232271999999966	0.13553358163455176	340.275168	4.616135999999983	0.8801682797193275	
9A	4	a	345.550752	351.485784	347.529096	5.935032000000035	0.055245244627507795	348.188544	2.9675160000000176	0.31049994513248436	
9A	4	a	352.145232	357.420816	353.464128	5.275583999999981	0.07480975187717664	354.783024	2.6377919999999904	0.33734886894795935	
9A	4	a	358.080264	369.29088	365.334192	11.210616000000016	0.16232170136621615	363.355848	5.605308000000008	1.41629627286	
9A	4	a	371.269224	403.582176	390.393216	32.312951999999996	0.9052462324526998	387.095976	16.156475999999998	22.602358098795282	
9A	2	b	406.219968	410.836104	406.879416	4.616135999999983	-0.09887312742711529	408.198312	2.3080679999999916	-0.3017194810819275	
9A	4	a	412.814448	418.74948	413.473896	5.935031999999978	0.11427556677283945	415.45224	2.967515999999989	0.47784465896925354	
9A	4	a	421.387272	430.619544	427.322304	9.232272000000023	0.17668298809300786	426.003408	4.616136000000012	1.3678577631879314	
9A	4	a	431.278992	433.916784	431.93844	2.6377919999999904	0.0690880976398418	432.597888	1.3188959999999952	0.12500674965987102	
9A	4	a	435.895128	438.53292	435.895128	2.6377919999999904	0.08919940731401166	437.214024	1.3188959999999952	0.09188836642952714	
9A	4	a	445.1274	448.42464	447.765192	3.297239999999988	0.12479321762215001	446.446296	1.648619999999994	0.285916895147571	
9A	4	a	449.084088	453.040776	451.062432	3.9566879999999855	0.10505076604261632	451.062432	1.9783439999999928	0.29619272812514374	
9A	4	a	453.700224	499.861584	486.013176	46.16136	0.8650207631573483	476.780904	23.08068	24.51478768054149	
9A	2	b	501.839928	513.709992	505.796616	11.87006400000007	-0.14768701062081036	507.77496	5.935032000000035	-1.697418007542645	
9A	4	a	517.007232	528.877296	520.304472	11.870063999999957	0.1654926003617634	522.942264	5.935031999999978	1.4671081374130894	
9A	4	a	529.536744	540.087912	535.471776	10.551167999999961	0.11385992421870839	534.812328	5.275583999999981	0.896196711611851	
9A	4	a	540.74736	575.698104	568.444176	34.950743999999986	0.4921003571491056	557.893008	17.475371999999993	15.491438204249683	
9A	2	b	577.676448	594.162648	583.61148	16.48619999999994	-0.2676686884452826	585.589824	8.24309999999997	-4.250098415446464	
9A	2	b	596.140992	600.09768	600.09768	3.9566879999999855	-0.16476562683681895	598.119336	1.9783439999999928	-0.26720385672654245	
10A	4	a	1.978344	10.551168	6.59448	8.572824	0.2892086032936696	5.935032	4.286412	1.8397625278696568	
10A	4	a	11.210616	37.588536	30.994056	26.377919999999996	0.41773897608668964	24.399576	13.188959999999998	10.221702327337542	
10A	2	b	38.247984	40.885776	38.247984	2.6377919999999975	-0.02301799149926609	39.56688	1.3188959999999987	-0.03427630140292548	
10A	4	a	41.545224	72.53928	65.9448	30.994056000000008	0.6208326752699067	56.712528	15.497028000000004	13.663148091166425	
10A	4	a	73.198728	82.431	78.474312	9.232271999999995	0.17250984940953984	77.814864	4.616135999999997	1.3387865856036636	
10A	4	a	85.72824	93.641616	89.02548	7.9133759999999995	0.12518356172980027	89.684928	3.9566879999999998	0.7192099920286368	
10A	4	a	94.301064	102.21444	97.598304	7.9133759999999995	0.1193219253006168	98.257752	3.9566879999999998	0.7645733916508375	
10A	4	a	102.873888	105.51168	102.873888	2.6377920000000046	0.0278297743075262	104.192784	1.3188960000000023	0.03003773745916538	
10A	4	a	110.127816	143.759664	135.18684	33.63184799999999	0.3068381243736775	126.614016	16.815923999999995	8.54047343053273	
10A	4	a	149.035248	152.332488	151.67304	3.2972400000000164	0.12418374689352518	150.354144	1.6486200000000082	0.26775924614833846	
10A	4	a	152.991936	154.97028	152.991936	1.9783439999999928	0.04728276201576964	153.651384	0.9891719999999964	0.046889958966646716	
10A	4	a	156.948624	162.883656	159.586416	5.935032000000007	0.07887461414690744	159.586416	2.9675160000000034	0.44229900333116356	
10A	4	a	163.543104	169.478136	166.840344	5.935032000000007	0.09994800565712403	166.180896	2.9675160000000034	0.5642402422426582	
10A	4	a	173.434824	176.072616	175.413168	2.637792000000019	0.09739340062979807	174.75372	1.3188960000000094	0.11035178506693599	
10A	4	a	176.732064	195.856056	187.283232	19.123991999999987	0.18742055815887504	185.964336	9.561995999999994	2.5458925456624004	
10A	4	a	196.515504	199.812744	197.174952	3.2972400000000164	0.14300014126223726	197.8344	1.6486200000000082	0.3485232594803427	
10A	4	a	200.472192	202.450536	201.13164	1.9783439999999928	0.1292141507351392	201.13164	0.9891719999999964	0.19958396799769185	
10A	4	a	203.109984	205.747776	203.769432	2.6377919999999904	0.10683658662913498	204.42888	1.3188959999999952	0.18994059807930963	
10A	4	a	206.407224	226.850112	214.980048	20.442887999999982	0.2771252782064373	216.298944	10.221443999999991	4.934666821509457	
10A	4	a	227.50956	254.546928	244.655208	27.037368000000015	0.200350894011871	240.69852	13.518684000000007	4.447940402709886	
10A	4	a	255.206376	280.2654	261.141408	25.059023999999994	0.18398223297491878	267.735888	12.529511999999997	3.721882587046247	
10A	4	a	280.924848	288.178776	284.222088	7.25392800000003	0.118746415687486	284.222088	3.626964000000015	0.775586318859014	
10A	4	a	288.838224	295.432704	292.135464	6.594479999999976	0.17612165814126524	292.135464	3.297239999999988	0.8920658076495318	
10A	4	a	296.092152	325.107864	300.708288	29.015712000000008	0.2949560330681633	310.600008	14.507856000000004	7.1980942138441915	
10A	4	a	325.767312	334.999584	331.702344	9.232272000000023	0.1284327939571357	330.383448	4.616136000000012	0.8984952815024525	
10A	4	a	335.659032	420.727824	391.052664	85.06879199999997	0.6446827583053238	377.863704	42.53439599999999	32.66997473927151	
10A	2	b	422.706168	424.684512	422.706168	1.9783439999999928	-0.016749656851455796	423.365616	0.9891719999999964	-0.019196683534222103	
10A	4	a	426.662856	429.300648	428.6412	2.637792000000047	0.044598013990365004	427.981752	1.3188960000000236	0.06799657864563002	
10A	4	a	429.960096	431.93844	429.960096	1.9783439999999928	0.05347418538557491	430.619544	0.9891719999999964	0.06809183794561369	
10A	2	b	432.597888	447.765192	441.170712	15.167304000000001	-0.22872721736030233	439.851816	7.583652000000001	-2.7953712138870173	
10A	4	a	450.402984	456.997464	450.402984	6.594479999999976	0.08710233604896445	453.700224	3.297239999999988	0.5242075262563644	
10A	4	a	457.656912	459.635256	457.656912	1.9783440000000496	0.08967439066765337	458.31636	0.9891720000000248	0.08282502386454027	
10A	4	a	461.6136	515.688336	489.969864	54.07473600000003	0.8189603078388172	488.650968	27.037368000000015	32.61474582038408	
10A	2	b	518.985576	538.109568	521.623368	19.12399199999993	-0.28652437543973264	528.217848	9.561995999999965	-4.71563405735762	
10A	2	b	538.769016	540.74736	538.769016	1.9783439999999928	-0.07829146071865267	539.428464	0.9891719999999964	-0.12121890069451924	
10A	2	b	541.406808	543.385152	542.725704	1.9783439999999928	-0.0432025899920534	542.066256	0.9891719999999964	-0.03309280411357651	
10A	4	a	544.0446	596.140992	563.82804	52.09639200000004	0.9905737750390253	569.763072	26.04819600000002	41.509712772843926	
10A	4	a	598.119336	600.09768	599.438232	1.9783439999999928	0.10191103626148124	598.778784	0.9891719999999964	0.09876313206936516	
11A	4	a	1.318896	3.956688	1.978344	2.637792	0.07768276666237384	2.637792	1.318896	0.13193823827773565	
11A	4	a	4.616136	38.907432	20.442888	34.291296	0.5596103972957538	21.761784	17.145648	13.157299773760116	
11A	4	a	39.56688	63.966456	60.009768	24.399576000000003	0.20741117021808275	51.436944	12.199788000000002	4.439485813684733	
11A	4	a	64.625904	88.366032	78.474312	23.740128	0.5374686721391235	76.495968	11.870064	12.383208099696462	
11A	4	a	89.02548	110.787264	100.895544	21.76178399999999	0.2894912089283279	99.576648	10.880891999999996	5.946566205691573	
11A	4	a	111.446712	118.041192	114.084504	6.59447999999999	0.11146481658498164	114.743952	3.297239999999995	0.787164284332321	
11A	4	a	118.70064	183.326544	138.48408	64.625904	0.24492328294824794	151.013592	32.312952	12.094335462013744	
11A	4	a	183.985992	190.580472	185.964336	6.594479999999976	0.08352289874769703	187.283232	3.297239999999988	0.384065328604994	
11A	4	a	191.23992	193.218264	192.558816	1.9783439999999928	0.07799485409544005	191.899368	0.9891719999999964	0.07707294743650372	
11A	4	a	193.877712	201.791088	198.493848	7.9133759999999995	0.045616740970979563	197.8344	3.9566879999999998	0.33918942351524306	
11A	4	a	202.450536	205.088328	202.450536	2.6377919999999904	0.03814394019304057	203.769432	1.3188959999999952	0.08192811614679485	
11A	4	a	205.747776	210.363912	207.72612	4.616136000000012	0.06410019561956126	207.72612	2.308068000000006	0.19489145191336021	
11A	4	a	211.02336	254.546928	241.357968	43.52356800000001	0.6747794437353587	232.785144	21.761784000000006	23.134602244789463	
11A	4	a	255.206376	287.519328	269.714232	32.31295199999997	0.3776536130403878	271.033128	16.156475999999984	11.247199161529643	
11A	4	a	288.178776	293.45436	290.816568	5.275583999999981	0.1420743069640631	290.816568	2.6377919999999904	0.6136325859052256	
11A	4	a	294.113808	318.513384	311.918904	24.399575999999968	0.3954277426819015	305.983872	12.199787999999984	9.165809524519466	
11A	4	a	319.172832	323.788968	321.810624	4.616135999999983	0.088633704650392	321.151176	2.3080679999999916	0.28182398796760255	
11A	2	b	324.448416	331.042896	325.767312	6.594479999999976	-0.18335258871001958	327.745656	3.297239999999988	-1.033924480013848	
11A	2	b	331.702344	334.340136	333.680688	2.6377919999999904	-0.03675722154696359	333.02124	1.3188959999999952	-0.060258850708035716	
11A	2	b	334.999584	336.977928	334.999584	1.9783439999999928	-0.043487140586963235	335.659032	0.9891719999999964	-0.03858324218109965	
11A	2	b	338.956272	356.10192	341.594064	17.145647999999994	-0.09384312892201851	347.529096	8.572823999999997	-1.2831546720800517	
11A	4	a	358.080264	384.458184	368.631432	26.377920000000017	0.23924711607708105	371.269224	13.188960000000009	4.871445252730279	
11A	4	a	385.117632	411.495552	408.198312	26.37791999999996	0.19298340037680362	398.306592	13.18895999999998	2.625912743010332	
11A	4	a	412.155	422.706168	419.408928	10.551168000000018	0.22201278168147187	417.430584	5.275584000000009	1.8263234123389251	
11A	4	a	423.365616	426.662856	424.025064	3.297239999999988	0.06574628362632229	424.684512	1.648619999999994	0.1690810087641812	
11A	4	a	427.322304	430.619544	427.322304	3.297240000000045	0.021154429956182774	428.6412	1.6486200000000224	0.06798711279287373	
11A	2	b	431.278992	446.446296	434.576232	15.167304000000001	-0.19405881524712854	438.53292	7.583652000000001	-2.10175255957716	
11A	4	a	450.402984	453.040776	450.402984	2.6377919999999904	0.05115793524531398	451.72188	1.3188959999999952	0.08272200717931799	
11A	4	a	453.700224	483.375384	472.164768	29.675160000000005	0.12954593055503594	468.20808	14.837580000000003	3.610014190607938	
11A	4	a	484.034832	515.028888	500.521032	30.994056000000057	0.3527725474418064	499.202136	15.497028000000029	9.563052928297708	
11A	4	a	517.007232	518.985576	517.66668	1.9783439999999928	0.06962302431370038	517.66668	0.9891719999999964	0.08847320571573736	
11A	2	b	520.96392	534.812328	524.26116	13.84840799999995	-0.1553035142355803	527.5584	6.924203999999975	-1.5912673719216643	
11A	4	a	535.471776	557.23356	551.298528	21.761784000000034	0.1418435467267667	546.022944	10.880892000000017	2.597271371178932	
11A	4	a	557.893008	595.481544	585.589824	37.588535999999976	0.6122669267073895	576.357552	18.794267999999988	18.311319359680763	
11A	4	a	596.140992	600.09768	600.09768	3.9566879999999855	0.2651284697698766	598.119336	1.9783439999999928	0.6202225884437831	
12A	4	a	0.0	3.956688	3.29724	3.956688	0.05527949436951651	1.978344	1.978344	0.13250558754441855	
12A	4	a	4.616136	8.572824	6.59448	3.9566880000000006	0.09256090521060756	6.59448	1.9783440000000003	0.25956532039178004	
12A	4	a	9.232272	12.529512	9.232272	3.2972400000000004	0.08316804313392989	10.551168	1.6486200000000002	0.1780896848660043	
12A	4	a	17.805096	31.653504	23.740128	13.848408000000003	0.23713107200122518	24.399576	6.924204000000001	1.8010645670225327	
12A	4	a	32.312952	45.501912	36.26964	13.188959999999994	0.12791649036200514	38.907432	6.594479999999997	1.2890162140555521	
12A	4	a	46.16136	54.074736	48.139704	7.9133759999999995	0.16096395927174356	50.118048	3.9566879999999998	0.984760898243767	
12A	4	a	54.734184	65.285352	58.031424	10.551168000000004	0.14939332831705343	60.009768	5.275584000000002	1.2611817962751353	
12A	4	a	65.9448	71.220384	67.923144	5.275583999999995	0.08891288389349672	68.582592	2.6377919999999975	0.4085002168766767	
12A	4	a	73.198728	84.409344	79.793208	11.210616000000002	0.07898116650105713	78.474312	5.605308000000001	0.5871991037811992	
12A	4	a	85.068792	98.257752	91.003824	13.188959999999994	0.11965794913172711	91.663272	6.594479999999997	1.363603151304936	
12A	4	a	100.895544	118.041192	106.830576	17.145647999999994	0.1656821396825947	109.468368	8.572823999999997	1.9857097697850672	
12A	4	a	118.70064	123.316776	121.338432	4.616135999999997	0.05981439530411237	120.678984	2.3080679999999987	0.2574546564892395	
12A	4	a	123.976224	132.549048	131.8896	8.572823999999997	0.09828013189847606	127.932912	4.286411999999999	0.564568831392287	
12A	4	a	133.208496	136.505736	135.18684	3.2972400000000164	0.07695340310449961	134.527392	1.6486200000000082	0.19350511413890548	
12A	4	a	137.165184	140.462424	138.48408	3.297239999999988	0.09432034955257862	138.48408	1.648619999999994	0.20494396852491192	
12A	4	a	141.121872	145.07856	141.78132	3.956688000000014	0.10313401181303306	143.100216	1.978344000000007	0.2786882692009889	
12A	4	a	147.056904	162.883656	161.56476	15.826751999999999	0.11523833236071379	154.97028	7.9133759999999995	1.2142780758817397	
12A	4	a	163.543104	182.007648	170.137584	18.46454399999999	0.10879673406849388	172.775376	9.232271999999995	1.3085289367842963	
12A	4	a	182.667096	199.153296	187.283232	16.486200000000025	0.07836533640137233	190.580472	8.243100000000013	0.989343208370173	
12A	4	a	199.812744	209.704464	206.407224	9.891719999999992	0.0780216732942387	204.42888	4.945859999999996	0.6920922552042406	
12A	4	a	212.342256	257.844168	248.611896	45.50191200000003	0.24680653949755804	234.763488	22.750956000000016	6.305340682683359	
12A	4	a	263.119752	270.37368	263.7792	7.2539279999999735	0.07220090401331447	266.416992	3.6269639999999868	0.43671376152060537	
12A	4	a	271.033128	293.45436	281.584296	22.421232000000032	0.16203083943317687	282.243744	11.210616000000016	2.179030587959466	
12A	4	a	294.113808	305.324424	302.027184	11.210616000000016	0.10898057264843253	299.389392	5.605308000000008	1.223071602672638	
12A	4	a	305.983872	308.621664	305.983872	2.6377919999999904	0.11095851442990678	307.302768	1.3188959999999952	0.19202387280312827	
12A	4	a	309.281112	319.172832	315.875592	9.89172000000002	0.16399743955124535	313.897248	4.94586000000001	1.1677225669832887	
12A	4	a	319.83228	355.442472	336.977928	35.610191999999984	0.30205074166431434	337.637376	17.805095999999992	7.827285132854336	
12A	4	a	356.10192	358.080264	357.420816	1.9783439999999928	0.07920221300595642	356.761368	0.9891719999999964	0.07731036908895472	
12A	4	a	358.739712	360.718056	358.739712	1.9783439999999928	0.05734045657812192	359.39916	0.9891719999999964	0.055185494576231786	
12A	4	a	364.674744	379.1826	365.334192	14.507856000000004	0.12807914770624862	371.928672	7.253928000000002	1.6778036345544223	
12A	4	a	379.842048	390.393216	383.139288	10.551168000000018	0.09546385032143423	385.117632	5.275584000000009	0.8258138190103721	
12A	4	a	391.052664	435.23568	431.93844	44.18301600000001	0.3932402108575772	412.814448	22.091508000000005	12.762894772441877	
12A	4	a	435.895128	462.273048	450.402984	26.377920000000017	0.27166408073485027	449.084088	13.188960000000009	5.725068396066581	
12A	4	a	462.932496	466.229736	463.591944	3.297239999999988	0.07273473685057219	464.251392	1.648619999999994	0.17402935618383175	
12A	4	a	466.889184	471.50532	468.20808	4.616135999999983	0.058556986538846445	468.867528	2.3080679999999916	0.2169680798269562	
12A	4	a	474.143112	482.715936	480.737592	8.572824000000026	0.0988784749586884	478.0998	4.286412000000013	0.8000549476766623	
12A	4	a	485.353728	487.332072	485.353728	1.9783439999999928	0.0816754281348473	486.013176	0.9891719999999964	0.11156368432260555	
12A	4	a	487.99152	490.629312	488.650968	2.637792000000047	0.0624975831387804	489.310416	1.3188960000000236	0.12267455105585645	
12A	4	a	491.28876	497.223792	493.926552	5.935031999999978	0.053667352848814076	493.926552	2.967515999999989	0.27662964614067986	
12A	4	a	497.88324	511.731648	507.115512	13.848408000000006	0.13084256907516245	504.47772	6.924204000000003	1.1018576838000653	
12A	4	a	512.391096	518.326128	513.050544	5.935032000000092	0.13127472814868568	515.028888	2.967516000000046	0.8401227680250574	
12A	4	a	518.985576	534.812328	520.96392	15.826751999999942	0.17078754756698444	526.898952	7.913375999999971	2.6465224351064607	
12A	4	a	535.471776	553.93632	540.087912	18.464544000000046	0.1767343290514125	544.704048	9.232272000000023	2.525650758934565	
12A	4	a	554.595768	569.103624	558.552456	14.507855999999947	0.17948315652956737	561.849696	7.2539279999999735	1.5901392374236751	
12A	4	a	569.763072	575.698104	572.400864	5.935031999999978	0.08863111691818215	572.400864	2.967515999999989	0.2921239316642512	
12A	4	a	576.357552	582.292584	578.335896	5.935031999999978	0.0684822758077015	578.995344	2.967515999999989	0.2994231425157583	
12A	4	a	582.952032	600.09768	595.481544	17.145647999999937	0.16271129341235024	591.524856	8.572823999999969	1.7241999048578296	
13A	2	b	3.29724	7.253928	3.956688	3.956688	-0.025549476173483576	5.275584	1.978344	-0.0507161065319921	
13A	4	a	10.551168	26.37792	16.4862	15.826751999999999	0.1574694274932762	18.464544	7.9133759999999995	1.5655826501016294	
13A	4	a	27.037368	72.53928	48.139704	45.501912000000004	0.4275678165221821	49.4586	22.750956000000002	17.38200231357793	
13A	4	a	73.198728	75.83652	74.517624	2.6377919999999904	0.07395686488568298	74.517624	1.3188959999999952	0.1398676618541841	
13A	4	a	76.495968	114.743952	93.641616	38.24798399999999	0.15726592227706426	95.61996	19.123991999999994	4.546445117774235	
13A	4	a	115.4034	140.462424	123.976224	25.059023999999994	0.2530519725364977	127.932912	12.529511999999997	5.379755327880963	
13A	4	a	141.121872	143.759664	141.78132	2.6377919999999904	0.08649441399427005	142.440768	1.3188959999999952	0.16316325283532773	
13A	4	a	146.397456	154.97028	148.3758	8.572823999999997	0.09650475061344022	150.354144	4.286411999999999	0.6743557575582324	
13A	4	a	155.629728	162.224208	155.629728	6.594480000000004	0.1249430389109234	158.926968	3.297240000000002	0.568591059721268	
13A	4	a	162.883656	168.15924	164.862	5.275584000000009	0.0882810649695962	165.521448	2.6377920000000046	0.35147852870556706	
13A	4	a	172.115928	176.732064	173.434824	4.616136000000012	0.07441031654126196	174.094272	2.308068000000006	0.3209378204681794	
13A	4	a	177.391512	181.3482	180.029304	3.9566879999999855	0.08734928224806282	179.369856	1.9783439999999928	0.2549576927248398	
13A	4	a	182.007648	197.174952	189.921024	15.167304000000001	0.13395512790317987	189.261576	7.583652000000001	1.4423803661789738	
13A	4	a	197.8344	202.450536	201.13164	4.616136000000012	0.07419701245341415	199.812744	2.308068000000006	0.20608512008898883	
13A	4	a	203.109984	205.747776	203.769432	2.6377919999999904	0.07327912224171929	204.42888	1.3188959999999952	0.17039044764249178	
13A	4	a	206.407224	209.045016	208.385568	2.6377919999999904	0.08646286006619164	207.72612	1.3188959999999952	0.15636035991134856	
13A	4	a	209.704464	218.277288	214.3206	8.572823999999997	0.07370653555010875	213.661152	4.286411999999999	0.5633993507929986	
13A	4	a	218.936736	247.952448	243.336312	29.015712000000008	0.1683001583907613	233.444592	14.507856000000004	3.256060556910739	
13A	4	a	248.611896	259.822512	251.249688	11.210616000000016	0.19348076789583057	253.88748	5.605308000000008	1.5026376057737063	
13A	4	a	263.7792	266.416992	264.438648	2.6377919999999904	0.11072085323295333	265.098096	1.3188959999999952	0.23037991506394562	
13A	4	a	267.07644	286.85988	280.2654	19.783439999999985	0.23535769108065718	276.96816	9.891719999999992	3.740363766427079	
13A	4	a	287.519328	309.94056	299.389392	22.421232000000032	0.16545391248665986	298.729944	11.210616000000016	2.8344136998289438	
13A	4	a	310.600008	315.216144	313.2378	4.616135999999983	0.05817852547833091	312.578352	2.3080679999999916	0.16447898229582902	
13A	4	a	315.875592	317.853936	316.53504	1.9783439999999928	0.06169105339978653	316.53504	0.9891719999999964	0.09900936409964567	
13A	4	a	318.513384	326.42676	323.12952	7.913376000000028	0.20418877754178144	322.470072	3.956688000000014	1.2915837245773014	
13A	2	b	333.02124	335.659032	333.02124	2.637792000000047	-0.0653429705971229	334.340136	1.3188960000000236	-0.14582287104677416	
13A	4	a	336.31848	358.739712	345.550752	22.421231999999975	0.22718260420188052	347.529096	11.210615999999987	4.389346878257975	
13A	4	a	360.718056	364.015296	363.355848	3.297239999999988	0.06145215334789089	362.036952	1.648619999999994	0.13253985672916357	
13A	4	a	366.653088	372.58812	371.269224	5.935031999999978	0.09238532033682212	369.29088	2.967515999999989	0.4080552798491355	
13A	4	a	373.247568	377.863704	376.544808	4.616135999999983	0.07155178120660732	375.225912	2.3080679999999916	0.18153587755658052	
13A	4	a	379.842048	381.820392	380.501496	1.9783440000000496	0.06038769227375518	380.501496	0.9891720000000248	0.09463275604589283	
13A	4	a	385.117632	389.07432	385.77708	3.9566879999999855	0.07181487628203786	387.095976	1.9783439999999928	0.18921555747350194	
13A	4	a	389.733768	397.647144	394.349904	7.913376000000028	0.07363396884389939	393.690456	3.956688000000014	0.523608632386428	
13A	4	a	400.284936	402.922728	401.603832	2.6377919999999904	0.05751339649683018	401.603832	1.3188959999999952	0.07147470017540059	
13A	4	a	403.582176	409.517208	408.198312	5.935031999999978	0.09809636038440317	406.219968	2.967515999999989	0.34671930577260035	
13A	4	a	412.155	416.111688	414.133344	3.9566880000000424	0.05157909619365331	414.133344	1.9783440000000212	0.19879319453771238	
13A	4	a	416.771136	422.04672	419.408928	5.275583999999981	0.21209737644839155	419.408928	2.6377919999999904	0.7255387207777555	
13A	4	a	422.706168	432.597888	426.003408	9.89172000000002	0.3387811607240456	427.322304	4.94586000000001	3.0339860209686833	
13A	2	b	434.576232	437.214024	435.23568	2.6377919999999904	-0.0482809701888014	435.895128	1.3188959999999952	-0.07953839009176322	
13A	4	a	437.873472	454.359672	443.149056	16.486199999999997	0.2832410532854741	445.786848	8.243099999999998	4.208839262066769	
13A	4	a	455.01912	467.548632	458.31636	12.529512000000011	0.14997985423671079	460.954152	6.2647560000000055	1.5916180388799375	
13A	4	a	468.20808	482.715936	468.867528	14.507856000000004	0.08869259943887187	475.462008	7.253928000000002	1.1780239990148864	
13A	4	a	483.375384	486.013176	485.353728	2.6377919999999904	0.07187146919297493	484.69428	1.3188959999999952	0.08953634835744051	
13A	4	a	490.629312	497.223792	491.948208	6.594479999999976	0.11352550072627476	493.926552	3.297239999999988	0.47038994058019856	
13A	4	a	497.88324	501.839928	500.521032	3.9566879999999855	0.06597850824744533	499.861584	1.9783439999999928	0.19966094135277412	
13A	4	a	502.499376	505.796616	503.818272	3.297239999999988	0.06839893071083836	503.818272	1.648619999999994	0.13692226816116415	
13A	4	a	506.456064	522.942264	518.326128	16.486199999999997	0.29776405461928945	514.36944	8.243099999999998	3.9647211924125387	
13A	4	a	523.601712	555.914664	538.109568	32.312951999999996	0.2991206297705329	539.428464	16.156475999999998	8.8308529591931	
13A	4	a	556.574112	559.871352	558.552456	3.297239999999988	0.05919100378873399	557.893008	1.648619999999994	0.15816979447163693	
13A	4	a	560.5308	587.568168	569.763072	27.037368000000015	0.10348295084077108	573.71976	13.518684000000007	2.2829898510980944	
13A	4	a	588.227616	600.09768	592.184304	11.870063999999957	0.2566379308278073	594.162648	5.935031999999978	2.296192304375388	
14A	4	a	1.318896	3.956688	3.29724	2.637792	0.08963844900724105	2.637792	1.318896	0.1588190801965812	
14A	4	a	5.935032	23.08068	13.18896	17.145648	0.20228597482994815	14.507856	8.572824	2.833487096587789	
14A	4	a	27.696816	54.074736	36.929088	26.377920000000003	0.6497645948710886	40.885776	13.188960000000002	16.15799378979832	
14A	2	b	58.031424	63.307008	61.328664	5.275584000000002	-0.09685441600395439	60.669216	2.637792000000001	-0.46823890658888523	
14A	2	b	65.285352	69.901488	65.285352	4.616135999999997	-0.03533519330164392	67.263696	2.3080679999999987	-0.11002101790965613	
14A	4	a	70.560936	72.53928	71.220384	1.978344000000007	0.07409804950784693	71.220384	0.9891720000000035	0.09980944814815507	
14A	4	a	73.198728	75.83652	75.177072	2.6377919999999904	0.07405288689573286	74.517624	1.3188959999999952	0.13813761108339628	
14A	4	a	76.495968	86.387688	79.13376	9.891719999999992	0.08957675933813469	81.112104	4.945859999999996	0.5311243042000582	
14A	4	a	87.047136	89.684928	89.02548	2.6377920000000046	0.08420128602403754	88.366032	1.3188960000000023	0.17332893956641504	
14A	4	a	92.32272	95.61996	92.982168	3.297240000000002	0.07132099164168615	93.641616	1.648620000000001	0.17006464071410132	
14A	2	b	98.257752	100.895544	100.236096	2.6377920000000046	-0.08417563713131404	99.576648	1.3188960000000023	-0.19927796698371703	
14A	4	a	102.873888	127.932912	117.381744	25.059024000000008	0.3774079394630183	115.4034	12.529512000000004	7.7594053103387814	
14A	4	a	128.59236	145.07856	135.18684	16.486199999999997	0.14117531933670957	136.505736	8.243099999999998	1.6922852186680641	
14A	4	a	145.738008	156.289176	147.716352	10.55116799999999	0.0960464480960983	151.013592	5.275583999999995	0.6485532583408808	
14A	4	a	156.948624	166.180896	158.26752	9.232271999999995	0.08211252548442971	161.56476	4.616135999999997	0.5019051584579253	
14A	4	a	168.15924	176.072616	174.094272	7.9133759999999995	0.07784771431803872	172.115928	3.9566879999999998	0.5207416430263128	
14A	4	a	176.732064	187.94268	181.3482	11.210615999999987	0.10592329645835807	182.007648	5.605307999999994	1.1610816247341251	
14A	4	a	188.602128	213.661152	197.8344	25.059023999999994	0.1449243733159955	201.13164	12.529511999999997	2.821676795420348	
14A	4	a	214.3206	217.61784	214.3206	3.297239999999988	0.09505383246991439	215.639496	1.648619999999994	0.16856025300898292	
14A	4	a	218.277288	221.574528	218.277288	3.297239999999988	0.06449949731649696	219.596184	1.648619999999994	0.14533140285316115	
14A	4	a	222.233976	265.098096	251.249688	42.864119999999986	0.1749495571363937	243.336312	21.432059999999993	4.855199776738923	
14A	4	a	265.757544	280.924848	271.033128	15.167304000000001	0.14336123643244214	273.011472	7.583652000000001	1.8360257607318866	
14A	4	a	281.584296	291.476016	286.200432	9.89172000000002	0.13948626162700162	286.200432	4.94586000000001	1.010405993442542	
14A	4	a	292.135464	303.34608	298.070496	11.210615999999959	0.09656850996653699	297.411048	5.6053079999999795	0.8265345385703662	
14A	4	a	304.005528	309.281112	304.005528	5.275583999999981	0.08122166819208232	306.64332	2.6377919999999904	0.24291297741975892	
14A	4	a	309.94056	312.578352	311.259456	2.6377919999999904	0.06905636189208764	311.259456	1.3188959999999952	0.17229732829121502	
14A	4	a	313.2378	317.194488	316.53504	3.9566879999999855	0.07868666840248029	315.216144	1.9783439999999928	0.1707592524938546	
14A	4	a	317.853936	321.810624	320.491728	3.9566880000000424	0.06688596361412191	319.83228	1.9783440000000212	0.1386615282948589	
14A	4	a	325.107864	342.253512	334.340136	17.145647999999994	0.2072590780633714	333.680688	8.572823999999997	3.4226731050444865	
14A	4	a	342.91296	353.464128	345.550752	10.551168000000018	0.20531699538478154	348.188544	5.275584000000009	1.8926666868966615	
14A	4	a	354.123576	359.39916	357.420816	5.275583999999981	0.1094702510107286	356.761368	2.6377919999999904	0.5455970281923368	
14A	4	a	360.058608	372.58812	360.058608	12.529512000000011	0.09921649738692118	365.99364	6.2647560000000055	0.7880355642886299	
14A	4	a	373.247568	388.414872	385.117632	15.167304000000001	0.12057667254524329	380.501496	7.583652000000001	1.4658127986807226	
14A	4	a	389.07432	395.6688	395.009352	6.594479999999976	0.07027057327825581	392.37156	3.297239999999988	0.37057082531845476	
14A	4	a	396.328248	401.603832	400.284936	5.275584000000038	0.07023080789695513	398.96604	2.637792000000019	0.15861146578091034	
14A	4	a	403.582176	405.56052	404.901072	1.9783439999999928	0.009801620797162514	404.241624	0.9891719999999964	0.01305959108533461	
14A	2	b	412.155	419.408928	414.133344	7.25392800000003	-0.17392722192695143	415.45224	3.626964000000015	-0.8581562226503094	
14A	2	b	420.068376	423.365616	420.068376	3.297239999999988	-0.04854904110323233	421.387272	1.648619999999994	-0.1088733900354506	
14A	4	a	424.025064	430.619544	426.662856	6.594480000000033	0.15956392570665923	427.322304	3.2972400000000164	0.803622477063187	
14A	4	a	431.278992	447.765192	441.83016	16.486199999999997	0.19923006719834735	439.192368	8.243099999999998	2.7059712027187763	
14A	4	a	448.42464	453.040776	450.402984	4.616135999999983	0.11876712762971309	450.402984	2.3080679999999916	0.41461691189627015	
14A	4	a	453.700224	471.50532	467.548632	17.805095999999992	0.07646781914277412	462.273048	8.902547999999996	1.3094284455702931	
14A	4	a	472.164768	486.672624	472.164768	14.507856000000004	0.06832140118793895	479.418696	7.253928000000002	0.7023946328035491	
14A	4	a	491.28876	497.88324	492.607656	6.594479999999976	0.07478244310104909	494.586	3.297239999999988	0.42208335782565953	
14A	4	a	498.542688	517.007232	507.115512	18.464544000000046	0.11556801422143437	507.77496	9.232272000000023	1.8724496272374438	
14A	4	a	517.66668	528.217848	521.623368	10.551167999999961	0.16049055917249166	522.942264	5.275583999999981	1.4444460289724166	
14A	4	a	528.877296	553.93632	537.45012	25.059024000000022	0.3049054497077712	541.406808	12.529512000000011	5.9586432695941465	
14A	4	a	554.595768	560.5308	558.552456	5.935031999999978	0.0840685126268017	557.23356	2.967515999999989	0.27721923551214234	
14A	4	a	564.487488	567.12528	566.465832	2.6377919999999904	0.021100448996871357	565.806384	1.3188959999999952	0.048597223976198034	
14A	4	a	571.741416	584.930376	577.676448	13.188960000000066	0.11073279393444135	578.335896	6.594480000000033	1.036007477037188	
14A	4	a	585.589824	600.09768	600.09768	14.507855999999947	0.1440668328539365	592.843752	7.2539279999999735	1.4052443456564556	
15A	2	b	0.0	27.037368	0.0	27.037368	-0.8757706505626803	13.18896	13.518684	-17.602198978474156	
15A	4	a	30.334608	37.588536	32.9724	7.253927999999998	0.22522291801034733	33.631848	3.626963999999999	1.3449117089464893	
15A	4	a	38.247984	40.885776	38.247984	2.6377919999999975	0.076359440754453	39.56688	1.3188959999999987	0.08273798097276663	
15A	4	a	41.545224	46.820808	44.842464	5.275584000000002	0.0741779452609026	44.183016	2.637792000000001	0.3221802204525066	
15A	2	b	48.799152	50.777496	48.799152	1.9783439999999999	-0.03575357559826564	49.4586	0.9891719999999999	-0.050841420008362004	
15A	4	a	51.436944	72.53928	56.712528	21.102336000000008	0.18491996187952697	61.988112	10.551168000000004	3.5611243927095018	
15A	4	a	73.198728	84.409344	74.517624	11.210616000000002	0.095965999037122	78.474312	5.605308000000001	0.8340964859423976	
15A	4	a	85.068792	104.192784	96.938856	19.123992	0.08958551415576821	94.301064	9.561996	1.4915249198909386	
15A	4	a	104.852232	125.29512	115.4034	20.442887999999996	0.18568614998840438	114.743952	10.221443999999998	2.7906422127525725	
15A	4	a	127.932912	134.527392	131.8896	6.59447999999999	0.07769628876294643	131.230152	3.297239999999995	0.3582470878929298	
15A	4	a	135.18684	139.802976	136.505736	4.616136000000012	0.07130260825188373	137.165184	2.308068000000006	0.3818406230245066	
15A	4	a	140.462424	145.738008	142.440768	5.275584000000009	0.11359646325082373	143.100216	2.6377920000000046	0.44918687590457473	
15A	4	a	146.397456	148.3758	147.056904	1.9783439999999928	0.09981792413748192	147.056904	0.9891719999999964	0.1208438822170339	
15A	4	a	149.035248	169.478136	158.26752	20.44288800000001	0.11498848411445817	158.926968	10.221444000000005	1.676645965920518	
15A	4	a	170.137584	195.196608	189.921024	25.059023999999994	0.09243928538834734	182.667096	12.529511999999997	1.9004829936238674	
15A	4	a	195.856056	205.088328	200.472192	9.232271999999995	0.08752729932969228	200.472192	4.616135999999997	0.6473204863711204	
15A	4	a	207.72612	209.704464	208.385568	1.9783439999999928	0.04677688540203562	208.385568	0.9891719999999964	0.061594731728299656	
15A	4	a	210.363912	251.249688	243.336312	40.88577599999999	0.28627853326501773	230.8068	20.442887999999996	8.414924876570707	
15A	2	b	251.909136	253.88748	253.228032	1.9783440000000212	-0.034050687102592736	252.568584	0.9891720000000106	-0.055385084570620746	
15A	4	a	254.546928	265.098096	259.822512	10.55116799999999	0.16229761824890998	259.822512	5.275583999999995	1.639595876193664	
15A	4	a	265.757544	284.881536	271.692576	19.123991999999987	0.17513375763623618	274.989816	9.561995999999994	2.182620119742039	
15A	4	a	285.540984	288.178776	286.85988	2.637792000000047	0.05002934683945526	286.85988	1.3188960000000236	0.12837182869655495	
15A	4	a	288.838224	293.45436	290.15712	4.616135999999983	0.07169374605705858	290.816568	2.3080679999999916	0.18086418591032194	
15A	4	a	296.7516	298.729944	298.070496	1.9783439999999928	0.049283118639900536	297.411048	0.9891719999999964	0.08069855515184399	
15A	4	a	299.389392	303.34608	300.708288	3.9566879999999855	0.07001469900074309	301.367736	1.9783439999999928	0.25189250336766955	
15A	4	a	304.005528	306.64332	304.005528	2.6377919999999904	0.054608543394197184	305.324424	1.3188959999999952	0.09910098675806323	
15A	4	a	307.302768	329.724	317.194488	22.421231999999975	0.1158293388425351	318.513384	11.210615999999987	1.6728451466116927	
15A	4	a	330.383448	334.340136	331.042896	3.9566879999999855	0.0821134651359845	332.361792	1.9783439999999928	0.29312270403926366	
15A	4	a	334.999584	344.231856	340.275168	9.232271999999966	0.15597899322676767	339.61572	4.616135999999983	1.228018762043234	
15A	4	a	344.891304	361.377504	350.826336	16.486199999999997	0.11356573886368349	352.80468	8.243099999999998	1.1962383547091653	
15A	4	a	362.036952	364.015296	363.355848	1.9783439999999928	0.05032984345163083	362.6964	0.9891719999999964	0.051641505964642676	
15A	4	a	366.653088	369.29088	366.653088	2.6377919999999904	0.036735959705615606	367.971984	1.3188959999999952	0.03955471180996151	
15A	4	a	371.928672	431.278992	424.684512	59.35032000000001	0.16121154946245664	401.603832	29.675160000000005	6.704967520208406	
15A	4	a	431.93844	434.576232	433.257336	2.6377919999999904	0.07839742117342219	433.257336	1.3188959999999952	0.13164597249215504	
15A	4	a	435.23568	442.489608	435.895128	7.2539279999999735	0.07011040501940613	438.53292	3.6269639999999868	0.37397686595569457	
15A	4	a	446.446296	449.084088	447.105744	2.6377919999999904	0.09513704466619011	447.765192	1.3188959999999952	0.2298514628548376	
15A	4	a	449.743536	456.997464	449.743536	7.2539279999999735	0.06965008832360109	453.040776	3.6269639999999868	0.3377071180938973	
15A	4	a	462.273048	473.483664	470.186424	11.210615999999959	0.09171399648263989	467.548632	5.6053079999999795	0.7182429269460942	
15A	4	a	474.143112	482.715936	478.0998	8.572824000000026	0.08861194962896857	478.0998	4.286412000000013	0.4375473740145952	
15A	4	a	483.375384	512.391096	506.456064	29.01571199999995	0.12012636314070058	497.88324	14.507855999999975	2.8590842368228757	
15A	4	a	513.050544	536.131224	526.239504	23.08068000000003	0.39502630949916107	524.26116	11.540340000000015	6.733649850114201	
15A	4	a	538.109568	575.038656	559.211904	36.92908799999998	0.13240348254860734	556.574112	18.46454399999999	3.7542074126362532	
15A	4	a	577.017	579.654792	577.676448	2.6377919999999904	0.04226960080244435	578.335896	1.3188959999999952	0.08384183854404581	
15A	4	a	580.31424	582.292584	581.633136	1.9783439999999928	0.035457734232268834	580.973688	0.9891719999999964	0.04727252648735858	
15A	4	a	582.952032	585.589824	584.930376	2.6377919999999904	0.08194655041873222	584.270928	1.3188959999999952	0.15217941255442335	
15A	4	a	586.249272	600.09768	596.140992	13.84840799999995	0.15448315437478843	592.843752	6.924203999999975	1.6384317132018325	
16A	4	a	3.29724	7.913376	3.29724	4.616136000000001	0.050956444872310325	5.275584	2.3080680000000005	0.2177973663190873	
16A	2	b	18.464544	20.442888	18.464544	1.9783439999999999	-0.009193564358111583	19.123992	0.9891719999999999	-0.012465812695706457	
16A	2	b	21.102336	23.740128	21.761784	2.6377919999999975	-0.03849061048377367	22.421232	1.3188959999999987	-0.08694384072880568	
16A	2	b	24.399576	32.9724	28.356264	8.572824	-0.07161909241053621	28.356264	4.286412	-0.461860089685993	
16A	4	a	33.631848	45.501912	34.291296	11.870064	0.3184746001119563	39.56688	5.935032	3.116968873700406	
16A	4	a	46.16136	52.75584	49.4586	6.594479999999997	0.17252961116125132	49.4586	3.2972399999999986	0.7701042145275525	
16A	4	a	57.371976	60.009768	59.35032	2.6377920000000046	0.051604791125035465	58.690872	1.3188960000000023	0.058351001314201456	
16A	4	a	61.988112	63.966456	62.64756	1.9783439999999999	0.05622720615879251	62.64756	0.9891719999999999	0.0735901258566749	
16A	4	a	65.9448	67.923144	67.263696	1.9783439999999928	0.040324725198358724	66.604248	0.9891719999999964	0.045238173906888335	
16A	4	a	68.582592	70.560936	69.901488	1.9783439999999928	0.02916482033367984	69.24204	0.9891719999999964	0.0365293118114387	
16A	4	a	71.220384	75.83652	74.517624	4.616135999999997	0.07342968826286977	73.198728	2.3080679999999987	0.2801650803191589	
16A	4	a	76.495968	82.431	77.814864	5.9350319999999925	0.09677578387289376	79.13376	2.9675159999999963	0.38876530403823284	
16A	4	a	83.090448	96.279408	89.02548	13.188960000000009	0.07671452898834596	89.684928	6.594480000000004	0.5948354311270736	
16A	4	a	96.938856	102.21444	99.576648	5.275583999999995	0.051552960020089245	99.576648	2.6377919999999975	0.2606472904749626	
16A	4	a	104.192784	125.29512	120.678984	21.102335999999994	0.19697013962512644	114.743952	10.551167999999997	3.301256342388066	
16A	4	a	125.954568	140.462424	135.18684	14.507856000000004	0.08295518249321532	133.208496	7.253928000000002	0.8063868066527113	
16A	4	a	141.121872	154.97028	152.332488	13.848408000000006	0.08931924180004058	147.716352	6.924204000000003	0.9076983504803671	
16A	4	a	155.629728	159.586416	158.26752	3.956688000000014	0.061655630057169564	157.608072	1.978344000000007	0.24221847784705264	
16A	4	a	160.245864	162.883656	161.56476	2.6377919999999904	0.056258526181529156	161.56476	1.3188959999999952	0.09389820413205463	
16A	4	a	164.862	169.478136	165.521448	4.616136000000012	0.042605834092673156	166.840344	2.308068000000006	0.13926343630860072	
16A	4	a	170.137584	172.115928	170.137584	1.9783439999999928	0.04621562210212904	170.797032	0.9891719999999964	0.035344556291961426	
16A	4	a	172.775376	174.75372	174.094272	1.9783439999999928	0.061293573455817985	173.434824	0.9891719999999964	0.05878986536248698	
16A	4	a	176.732064	200.472192	193.877712	23.740128	0.18365678686056564	188.602128	11.870064	2.9778476453615914	
16A	4	a	201.13164	219.596184	211.02336	18.46454399999999	0.12566761844933172	210.363912	9.232271999999995	2.054374221381881	
16A	4	a	220.255632	229.487904	224.871768	9.232271999999995	0.0751139822519975	224.871768	4.616135999999997	0.4972394298587248	
16A	4	a	230.147352	232.785144	231.466248	2.6377919999999904	0.030578804310860352	231.466248	1.3188959999999952	0.06606185847972679	
16A	4	a	233.444592	237.40128	234.763488	3.956688000000014	0.049917405782842206	235.422936	1.978344000000007	0.10857719454099146	
16A	4	a	238.060728	265.757544	256.525272	27.696815999999984	0.2362771092259366	251.909136	13.848407999999992	4.618608028158579	
16A	4	a	266.416992	279.605952	271.033128	13.188960000000009	0.24551048731431546	273.011472	6.594480000000004	2.7164044974654886	
16A	4	a	283.56264	290.816568	285.540984	7.25392800000003	0.10101557124755844	286.85988	3.626964000000015	0.5595623257722002	
16A	4	a	294.773256	298.070496	296.7516	3.297239999999988	0.044592573365251464	296.092152	1.648619999999994	0.07665802366827634	
16A	4	a	298.729944	302.027184	301.367736	3.297239999999988	0.057653367088737806	300.04884	1.648619999999994	0.14139116567266075	
16A	4	a	302.686632	306.64332	302.686632	3.9566880000000424	0.0517308800683125	304.664976	1.9783440000000212	0.1819146985155229	
16A	4	a	307.302768	312.578352	307.962216	5.275583999999981	0.04911937444885073	309.94056	2.6377919999999904	0.19253683086313766	
16A	4	a	313.2378	315.216144	314.556696	1.9783439999999928	0.04130106880456719	313.897248	0.9891719999999964	0.04183695265594811	
16A	4	a	315.875592	319.172832	316.53504	3.297240000000045	0.039579298166410926	317.194488	1.6486200000000224	0.11059062212522797	
16A	4	a	319.83228	323.12952	321.151176	3.297239999999988	0.054791565774824136	321.151176	1.648619999999994	0.11950829077818481	
16A	4	a	323.788968	325.767312	323.788968	1.9783439999999928	0.04513252338675766	324.448416	0.9891719999999964	0.0392704019613348	
16A	4	a	326.42676	334.999584	327.745656	8.572824000000026	0.08679125495156637	330.383448	4.286412000000013	0.42607769686075136	
16A	4	a	335.659032	354.783024	340.275168	19.123991999999987	0.22164632144238272	344.891304	9.561995999999994	2.9422413841118504	
16A	4	a	357.420816	359.39916	358.080264	1.9783439999999928	0.08707886403564657	358.080264	0.9891719999999964	0.12252964701844582	
16A	4	a	360.058608	379.1826	376.544808	19.123991999999987	0.07869257045663458	369.29088	9.561995999999994	1.151002232008984	
16A	4	a	379.842048	388.414872	381.160944	8.572824000000026	0.06787770046474506	383.798736	4.286412000000013	0.46730839168782623	
16A	4	a	389.07432	393.690456	391.052664	4.616135999999983	0.056340164561880623	391.052664	2.3080679999999916	0.1869965258953159	
16A	4	a	394.349904	400.944384	397.647144	6.594480000000033	0.05646558136904867	397.647144	3.2972400000000164	0.2715995781978322	
16A	4	a	401.603832	412.155	408.198312	10.551167999999961	0.07242462218576184	406.879416	5.275583999999981	0.5016397769036509	
16A	4	a	414.792792	416.771136	415.45224	1.9783439999999928	0.09014315614814139	415.45224	0.9891719999999964	0.12700923211337645	
16A	4	a	417.430584	449.084088	443.149056	31.653503999999998	0.27820740246468123	433.257336	15.826751999999999	5.162003979819019	
16A	4	a	449.743536	456.338016	453.700224	6.594479999999976	0.09494210907763634	453.040776	3.297239999999988	0.43401361828914875	
16A	4	a	460.294704	482.056488	463.591944	21.761783999999977	0.05341433012392027	470.845872	10.880891999999989	0.7730410061680903	
16A	4	a	484.034832	489.310416	484.034832	5.275583999999981	0.05483079634432908	486.672624	2.6377919999999904	0.18210527922191178	
16A	4	a	491.28876	495.904896	491.948208	4.616135999999983	0.057551889685447666	493.267104	2.3080679999999916	0.19326930496599481	
16A	4	a	496.564344	499.861584	496.564344	3.297239999999988	0.0717236780202688	497.88324	1.648619999999994	0.17450885233155145	
16A	4	a	502.499376	505.137168	503.818272	2.6377919999999904	0.042824933521377506	503.818272	1.3188959999999952	0.08713278164421823	
16A	2	b	511.0722	519.645024	513.050544	8.572824000000026	-0.05603311293294899	515.028888	4.286412000000013	-0.2940945161019688	
16A	4	a	523.601712	547.34184	537.45012	23.740128000000027	0.28518011175244684	535.471776	11.870064000000013	5.128135068303948	
16A	2	b	550.63908	555.914664	551.298528	5.275583999999981	-0.047012838283284175	553.276872	2.6377919999999904	-0.18871376296297737	
16A	4	a	559.871352	564.487488	562.509144	4.616135999999983	0.05325528217534137	561.849696	2.3080679999999916	0.1951264367098111	
16A	4	a	566.465832	569.103624	567.12528	2.6377919999999904	0.04727459780674215	567.784728	1.3188959999999952	0.1086286192412107	
16A	4	a	569.763072	578.335896	577.017	8.572824000000082	0.08112350724890893	573.71976	4.286412000000041	0.49601174637198264	
16A	4	a	578.995344	582.292584	580.973688	3.297239999999988	0.06419971028720939	580.31424	1.648619999999994	0.1820774371731011	
16A	4	a	582.952032	586.249272	584.270928	3.297239999999988	0.06978363088317652	584.270928	1.648619999999994	0.15114210095369152	
16A	4	a	588.887064	590.865408	590.20596	1.9783439999999928	0.04681761622683922	589.546512	0.9891719999999964	0.07447009999052723	
16A	4	a	598.119336	600.09768	600.09768	1.9783439999999928	0.026470994486741617	598.778784	0.9891719999999964	0.02124402008751769	
17A	4	a	0.0	9.232272	5.935032	9.232272	0.03911932013329533	4.616136	4.616136	0.2517112333075826	
17A	4	a	9.89172	13.18896	12.529512	3.2972400000000004	0.029367362696303356	11.210616	1.6486200000000002	0.06425487925080997	
17A	4	a	15.167304	19.123992	15.826752	3.9566880000000015	0.03738614408091978	17.145648	1.9783440000000008	0.07381547394442545	
17A	4	a	19.78344	22.421232	20.442888	2.637792000000001	0.0720009489306972	21.102336	1.3188960000000005	0.14697155828689312	
17A	4	a	23.08068	27.037368	23.740128	3.9566879999999998	0.03806707509764706	25.059024	1.9783439999999999	0.12974022635088023	
17A	4	a	27.696816	32.9724	27.696816	5.275584000000002	0.021522829227998752	30.334608	2.637792000000001	0.081261723920653	
17A	4	a	35.610192	50.777496	44.842464	15.167304000000001	0.3435477318178548	42.86412	7.583652000000001	5.028758538733523	
17A	4	a	51.436944	71.220384	55.393632	19.78344	0.15915896698126675	61.328664	9.89172	2.472598416358821	
17A	2	b	75.83652	77.814864	77.155416	1.978344000000007	-0.024847411888904603	76.495968	0.9891720000000035	-0.031747321129038886	
17A	2	b	81.771552	85.068792	84.409344	3.297240000000002	-0.023938017663246214	83.090448	1.648620000000001	-0.042530400508395516	
17A	4	a	87.706584	102.873888	96.938856	15.167303999999987	0.07122729862219535	94.960512	7.583651999999994	0.7427199901398012	
17A	4	a	103.533336	108.80892	106.171128	5.275583999999995	0.057918462276854044	106.171128	2.6377919999999975	0.20737955221211402	
17A	4	a	109.468368	116.062848	112.765608	6.594480000000004	0.04860101905533698	112.765608	3.297240000000002	0.2548304774235908	
17A	4	a	118.041192	137.165184	125.954568	19.123992000000015	0.0799978276573281	127.273464	9.561996000000008	0.9374522695442062	
17A	4	a	137.824632	147.716352	143.759664	9.891719999999992	0.043803970807648085	142.440768	4.945859999999996	0.3540163561831271	
17A	4	a	148.3758	152.332488	149.035248	3.956688000000014	0.05365067548718638	150.354144	1.978344000000007	0.12010846212043313	
17A	4	a	152.991936	158.926968	157.608072	5.935031999999978	0.04644218559475988	155.629728	2.967515999999989	0.2356275203209126	
17A	4	a	159.586416	167.499792	166.840344	7.9133759999999995	0.0522777614184875	163.543104	3.9566879999999998	0.41637521127102417	
17A	4	a	168.15924	172.775376	172.115928	4.616135999999983	0.02934698663737878	170.137584	2.3080679999999916	0.0873612061130391	
17A	4	a	173.434824	176.732064	174.094272	3.2972400000000164	0.05328868006793952	174.75372	1.6486200000000082	0.09315095893531389	
17A	4	a	177.391512	182.007648	180.029304	4.616135999999983	0.05565380792375185	179.369856	2.3080679999999916	0.20223053992539164	
17A	4	a	182.667096	187.94268	182.667096	5.275584000000009	0.03948751800902528	185.304888	2.6377920000000046	0.17378760729355647	
17A	4	a	188.602128	191.23992	189.261576	2.637792000000019	0.05025314501410216	189.921024	1.3188960000000094	0.10720057453846543	
17A	4	a	193.218264	195.856056	194.53716	2.6377919999999904	0.022434853933543497	194.53716	1.3188959999999952	0.04184667749172388	
17A	4	a	196.515504	221.574528	207.066672	25.059023999999994	0.08879334234260394	209.045016	12.529511999999997	1.5994422694757797	
17A	4	a	222.233976	227.50956	222.233976	5.275583999999981	0.09039620105782165	224.871768	2.6377919999999904	0.25870743760634296	
17A	4	a	228.169008	247.952448	241.357968	19.783440000000013	0.19390688337012962	238.060728	9.891720000000007	2.5414337783823635	
17A	4	a	248.611896	266.416992	256.525272	17.805095999999992	0.1581823192163525	257.18472	8.902547999999996	2.2282304783568465	
17A	4	a	268.395336	282.903192	270.37368	14.507856000000004	0.20646590673999743	275.649264	7.253928000000002	2.066203989909277	
17A	4	a	283.56264	289.497672	286.200432	5.935032000000035	0.09291896759601137	286.200432	2.9675160000000176	0.5094377025735333	
17A	4	a	292.135464	302.027184	300.708288	9.891719999999964	0.05315888463648921	296.7516	4.945859999999982	0.40573338697964356	
17A	4	a	302.686632	304.664976	304.005528	1.9783440000000496	0.04673309566440986	303.34608	0.9891720000000248	0.042613250804930836	
17A	4	a	305.324424	309.281112	306.64332	3.9566879999999855	0.0400674261635281	307.302768	1.9783439999999928	0.11818228942321518	
17A	4	a	309.94056	315.216144	314.556696	5.275583999999981	0.05379407491625665	312.578352	2.6377919999999904	0.17332975536650141	
17A	4	a	315.875592	317.853936	316.53504	1.9783439999999928	0.03730089290818128	316.53504	0.9891719999999964	0.04438706576023743	
17A	4	a	318.513384	321.810624	319.172832	3.297240000000045	0.04435685500681119	319.83228	1.6486200000000224	0.10729454632562141	
17A	4	a	322.470072	325.107864	323.788968	2.6377919999999904	0.02533522710136582	323.788968	1.3188959999999952	0.05263026256263914	
17A	4	a	327.086208	334.999584	329.064552	7.913376000000028	0.05213968112420231	331.042896	3.956688000000014	0.31006185394364283	
17A	4	a	335.659032	338.296824	337.637376	2.6377919999999904	0.04102914510908606	336.977928	1.3188959999999952	0.0794804784141423	
17A	4	a	338.956272	368.631432	344.231856	29.675160000000005	0.1763759194532608	353.464128	14.837580000000003	4.363609360594541	
17A	4	a	369.29088	375.225912	373.907016	5.935031999999978	0.07435740409275038	371.928672	2.967515999999989	0.2738269429524365	
17A	4	a	375.88536	388.414872	383.139288	12.529512000000011	0.06549486824772499	381.820392	6.2647560000000055	0.6379943136996411	
17A	4	a	389.07432	393.031008	391.052664	3.9566879999999855	0.07331857793545504	391.052664	1.9783439999999928	0.2209694947215266	
17A	4	a	393.690456	400.944384	394.349904	7.25392800000003	0.059569883835857595	396.987696	3.626964000000015	0.3162041129023885	
17A	4	a	401.603832	412.155	404.901072	10.551167999999961	0.0778519399113704	406.879416	5.275583999999981	0.6956043831867167	
17A	4	a	412.814448	426.662856	419.408928	13.84840799999995	0.08496794361572046	419.408928	6.924203999999975	0.7992898745931181	
17A	4	a	428.6412	431.278992	428.6412	2.6377919999999904	0.04683416994913081	429.960096	1.3188959999999952	0.05341659076672478	
17A	4	a	433.916784	437.873472	437.214024	3.9566879999999855	0.031115374106236438	435.895128	1.9783439999999928	0.07837501096521349	
17A	4	a	438.53292	458.31636	443.808504	19.783439999999985	0.10752646378858577	448.42464	9.891719999999992	1.2329893676665256	
17A	4	a	458.975808	467.548632	461.6136	8.572824000000026	0.0748434709598711	462.932496	4.286412000000013	0.49771950653291896	
17A	4	a	469.526976	486.672624	480.078144	17.145647999999994	0.06578582027039914	478.0998	8.572823999999997	0.9809043797026062	
17A	4	a	487.332072	490.629312	488.650968	3.297240000000045	0.05384153419002313	488.650968	1.6486200000000224	0.1609616573066086	
17A	4	a	491.28876	497.88324	492.607656	6.594479999999976	0.05753799251833769	494.586	3.297239999999988	0.3704127745520289	
17A	4	a	498.542688	515.028888	509.093856	16.486200000000053	0.08478475738373259	506.456064	8.243100000000027	0.6025889271462019	
17A	4	a	515.688336	518.326128	516.347784	2.6377919999999904	0.035136639231982514	517.007232	1.3188959999999952	0.0499798340017692	
17A	4	a	520.304472	522.282816	521.623368	1.9783439999999928	0.02832060946887749	520.96392	0.9891719999999964	0.02520503419024256	
17A	4	a	534.15288	546.022944	539.428464	11.87006400000007	0.15838877323540057	540.087912	5.935032000000035	1.0144432444723823	
17A	4	a	548.001288	555.255216	551.957976	7.2539279999999735	0.1370604411058296	551.298528	3.6269639999999868	0.8351744617934578	
17A	4	a	557.23356	564.487488	557.893008	7.2539279999999735	0.06889911498039236	560.5308	3.6269639999999868	0.5021843292451884	
17A	4	a	565.146936	575.038656	573.71976	9.891719999999964	0.09193903306287332	569.763072	4.945859999999982	0.571224338864474	
17A	4	a	575.698104	580.973688	576.357552	5.275584000000094	0.05213951505269465	578.335896	2.637792000000047	0.22956422065244086	
17A	4	a	581.633136	586.90872	584.930376	5.275583999999981	0.06215375737590456	584.270928	2.6377919999999904	0.24993755341878154	
17A	4	a	588.887064	593.5032	590.20596	4.616135999999983	0.05609304024510475	590.865408	2.3080679999999916	0.17041794095965357	
17A	4	a	594.162648	600.09768	594.162648	5.935031999999978	0.04213570124057586	596.80044	2.967515999999989	0.22743845994163236	
18A	4	a	1.978344	3.956688	1.978344	1.978344	0.0474244656736329	2.637792	0.989172	0.047400685829917855	
18A	4	a	4.616136	7.913376	6.59448	3.2972400000000004	0.06278489044373803	5.935032	1.6486200000000002	0.0934986143165375	
18A	4	a	8.572824	11.210616	9.232272	2.6377919999999992	0.04824349430459263	9.89172	1.3188959999999996	0.11382105807686305	
18A	4	a	11.870064	13.848408	12.529512	1.9783439999999999	0.04334221144010009	12.529512	0.9891719999999999	0.07087386182888777	
18A	4	a	14.507856	17.805096	16.4862	3.2972399999999986	0.06539019865338691	15.826752	1.6486199999999993	0.18210882570965725	
18A	4	a	18.464544	29.67516	25.718472	11.210616000000002	0.08595721567944103	23.740128	5.605308000000001	0.5096994572666256	
18A	4	a	30.334608	47.480256	42.86412	17.145647999999998	0.11673278588350167	38.907432	8.572823999999999	1.4518054789375765	
18A	4	a	49.4586	67.263696	58.031424	17.805096	0.1652961266938675	58.031424	8.902548	2.5231061620709	
18A	4	a	67.923144	140.462424	114.084504	72.53928	0.304221199053369	104.192784	36.26964	20.35284368836536	
18A	4	a	141.121872	148.3758	142.440768	7.253928000000002	0.11390301027377836	144.419112	3.626964000000001	0.7203584305287702	
18A	4	a	149.035248	195.856056	155.629728	46.820808	0.1339540654317548	172.115928	23.410404	5.267954982081589	
18A	4	a	196.515504	199.812744	196.515504	3.2972400000000164	0.07413839538259603	197.8344	1.6486200000000082	0.10773802506065921	
18A	4	a	200.472192	209.045016	205.088328	8.572823999999997	0.09231656324670734	204.42888	4.286411999999999	0.7023195211337592	
18A	4	a	209.704464	216.298944	214.980048	6.594480000000004	0.10649444159349564	213.001704	3.297240000000002	0.7027343269607236	
18A	4	a	218.936736	230.147352	222.233976	11.210616000000016	0.11542697822358194	224.21232	5.605308000000008	0.8806512764167551	
18A	4	a	230.8068	238.060728	234.10404	7.253928000000002	0.10910096526622892	234.10404	3.626964000000001	0.7032304618978287	
18A	4	a	238.720176	247.293	244.655208	8.572823999999997	0.21204656136374478	242.676864	4.286411999999999	1.4774526125731324	
18A	4	a	247.952448	253.228032	249.271344	5.275584000000009	0.183720224215294	250.59024	2.6377920000000046	0.9289468366871889	
18A	4	a	253.88748	259.163064	256.525272	5.275584000000009	0.2766264832958547	256.525272	2.6377920000000046	1.197287080504177	
18A	4	a	261.800856	266.416992	264.438648	4.616135999999983	0.36569478235062736	263.7792	2.3080679999999916	1.3706613114096928	
18A	4	a	267.07644	278.946504	273.67092	11.870064000000013	0.2231972472404018	273.011472	5.935032000000007	1.9935417929132906	
18A	4	a	279.605952	288.178776	283.56264	8.572824000000026	0.16232315967987665	283.56264	4.286412000000013	1.1061346036292794	
18A	4	a	288.838224	293.45436	290.816568	4.616135999999983	0.12424349228740272	290.816568	2.3080679999999916	0.43050670696923676	
18A	4	a	294.113808	356.761368	337.637376	62.64756	0.20944205997678456	325.107864	31.32378	10.401984150299537	
18A	4	a	357.420816	375.88536	364.674744	18.46454399999999	0.2714237842190994	366.653088	9.232271999999995	3.3951414404286435	
18A	4	a	376.544808	397.647144	387.095976	21.102336000000037	0.09613190603124355	387.095976	10.551168000000018	1.4640662900754124	
18A	4	a	398.306592	410.176656	406.879416	11.870063999999957	0.09735907190074311	404.241624	5.935031999999978	0.6998074967303558	
18A	4	a	420.068376	422.04672	421.387272	1.9783439999999928	0.02222019362990979	420.727824	0.9891719999999964	0.0361249804542465	
18A	4	a	422.706168	427.322304	426.003408	4.616135999999983	0.0826355473902387	424.684512	2.3080679999999916	0.23144655638142386	
18A	4	a	427.981752	430.619544	428.6412	2.637792000000047	0.044729307545587904	429.300648	1.3188960000000236	0.08886370163931345	
18A	4	a	431.278992	433.257336	431.278992	1.9783439999999928	0.05586292702625606	431.93844	0.9891719999999964	0.09142450827037352	
18A	4	a	433.916784	437.214024	435.895128	3.297239999999988	0.09179993834824751	435.23568	1.648619999999994	0.16871268943324158	
18A	4	a	437.873472	445.1274	441.83016	7.25392800000003	0.07634268650924048	441.170712	3.626964000000015	0.3965977989928431	
18A	2	b	454.359672	457.656912	456.338016	3.297239999999988	-0.030458950472583624	455.678568	1.648619999999994	-0.07236717071366083	
18A	4	a	458.31636	477.440352	468.867528	19.123992000000044	0.3806282282533977	467.548632	9.561996000000022	6.283688498075613	
18A	4	a	478.0998	483.375384	479.418696	5.275583999999981	0.07603277687362464	480.737592	2.6377919999999904	0.35576782045597355	
18A	2	b	484.034832	488.650968	487.332072	4.616135999999983	-0.059818746131723	486.013176	2.3080679999999916	-0.2567291681579833	
18A	4	a	503.158824	509.753304	504.47772	6.594480000000033	0.06569708138052288	506.456064	3.2972400000000164	0.352495988026976	
18A	4	a	510.412752	512.391096	511.0722	1.978343999999936	0.046910567677054704	511.0722	0.989171999999968	0.07399098537550519	
18A	4	a	513.050544	519.645024	515.688336	6.59448000000009	0.06103844876616771	516.347784	3.297240000000045	0.29279550031234236	
18A	4	a	520.304472	542.725704	540.087912	22.421231999999918	0.09341962415312866	531.515088	11.210615999999959	1.6261227036954875	
18A	4	a	543.385152	549.979632	544.704048	6.59448000000009	0.11360607182744165	546.682392	3.297240000000045	0.6895948383902226	
18A	4	a	550.63908	588.887064	573.71976	38.247983999999974	0.11064401838789184	569.763072	19.123991999999987	3.1955291384733266	
18A	4	a	589.546512	591.524856	589.546512	1.9783439999999928	0.048067782848602025	590.20596	0.9891719999999964	0.06346410773155564	
18A	4	a	592.184304	597.459888	592.843752	5.275583999999981	0.04864271906999118	594.822096	2.6377919999999904	0.12300035392305464	
19A	4	a	1.318896	7.913376	3.29724	6.594480000000001	0.06894831404166357	4.616136	3.2972400000000004	0.34235796074698954	
19A	4	a	8.572824	11.870064	9.232272	3.2972399999999986	0.04852251548600073	9.89172	1.6486199999999993	0.15959941960615276	
19A	4	a	12.529512	16.4862	13.18896	3.9566879999999998	0.06556386959842975	14.507856	1.9783439999999999	0.23154224143534918	
19A	4	a	17.145648	23.08068	20.442888	5.935032	0.15128374986699367	19.78344	2.967516	0.631653541752843	
19A	4	a	23.740128	31.653504	26.37792	7.913376000000003	0.1059999827271687	27.696816	3.9566880000000015	0.6145370321439696	
19A	4	a	33.631848	38.247984	36.929088	4.6161360000000045	0.08687246239422786	35.610192	2.3080680000000022	0.3139007840299963	
19A	4	a	38.907432	40.885776	38.907432	1.9783439999999999	0.0416541810050064	39.56688	0.9891719999999999	0.045186706184822345	
19A	4	a	41.545224	45.501912	42.86412	3.9566879999999998	0.042758116399936874	43.523568	1.9783439999999999	0.1461189537085419	
19A	4	a	46.16136	65.9448	52.096392	19.78344	0.10330780281283047	56.05308	9.89172	1.5297775215387293	
19A	4	a	66.604248	70.560936	67.923144	3.9566879999999998	0.08085649215727297	68.582592	1.9783439999999999	0.24125407481561578	
19A	4	a	71.220384	73.198728	71.879832	1.978344000000007	0.08352377165925295	71.879832	0.9891720000000035	0.124887874942192	
19A	4	a	73.858176	80.452656	75.177072	6.594480000000004	0.11726534237460395	77.155416	3.297240000000002	0.7272769905656318	
19A	4	a	81.112104	108.80892	88.366032	27.696816	0.12255087033956924	94.960512	13.848408	2.5979156686551095	
19A	4	a	109.468368	120.019536	116.722296	10.551168000000004	0.11845244506632291	114.743952	5.275584000000002	1.1402100466195966	
19A	4	a	120.678984	126.614016	123.976224	5.935032000000007	0.07626320255981334	123.316776	2.9675160000000034	0.3685652825847796	
19A	4	a	127.273464	139.802976	135.18684	12.529511999999997	0.13425952853749212	133.208496	6.264755999999998	1.2123293994471491	
19A	4	a	140.462424	165.521448	142.440768	25.059023999999994	0.11024908250373322	152.991936	12.529511999999997	2.722411352196569	
19A	4	a	166.180896	176.732064	174.094272	10.551168000000018	0.11640752371647833	171.45648	5.275584000000009	0.7957699911409362	
19A	4	a	177.391512	189.261576	181.3482	11.870063999999985	0.09306007068407096	183.326544	5.9350319999999925	0.8152568759370258	
19A	4	a	189.921024	199.153296	192.558816	9.232272000000023	0.10896319409806532	194.53716	4.616136000000012	0.7676634058573146	
19A	4	a	199.812744	204.42888	201.791088	4.616135999999983	0.13827515805042134	201.791088	2.3080679999999916	0.5368710965037906	
19A	4	a	205.088328	209.704464	205.088328	4.616136000000012	0.10089337988415004	207.066672	2.308068000000006	0.28640960191870635	
19A	4	a	210.363912	213.661152	211.02336	3.297239999999988	0.09881143250244451	211.682808	1.648619999999994	0.2889575866817857	
19A	4	a	214.3206	217.61784	214.980048	3.297239999999988	0.03511286595984364	215.639496	1.648619999999994	0.08753915078415542	
19A	4	a	218.277288	222.233976	220.255632	3.956688000000014	0.07361001382448462	220.255632	1.978344000000007	0.20749188131767093	
19A	4	a	222.893424	226.190664	223.552872	3.297239999999988	0.0989888561234582	224.21232	1.648619999999994	0.23235503412259328	
19A	4	a	228.169008	230.147352	228.828456	1.9783440000000212	0.05780026405041072	228.828456	0.9891720000000106	0.0927159268112514	
19A	4	a	232.785144	270.37368	252.568584	37.588535999999976	0.6133065058689438	251.249688	18.794267999999988	16.626210289185714	
19A	4	a	271.033128	284.222088	277.627608	13.188960000000009	0.17186178027592458	277.627608	6.594480000000004	1.8224185539263498	
19A	4	a	284.881536	291.476016	286.200432	6.594480000000033	0.23544764939760965	288.178776	3.2972400000000164	0.9933706290199025	
19A	4	a	293.45436	303.34608	299.389392	9.891719999999964	0.13608176525015692	298.070496	4.945859999999982	1.2911376385240678	
19A	4	a	304.005528	311.918904	307.302768	7.913375999999971	0.08816618620701577	307.962216	3.9566879999999855	0.6200181170372019	
19A	4	a	313.897248	320.491728	316.53504	6.594480000000033	0.096496629722437	317.194488	3.2972400000000164	0.4424849663544306	
19A	4	a	321.151176	348.188544	343.572408	27.037367999999958	0.11663653310989108	334.340136	13.518683999999979	2.733284382560764	
19A	4	a	348.847992	356.761368	353.464128	7.913376000000028	0.09297570873932548	352.80468	3.956688000000014	0.4933590612127454	
19A	4	a	357.420816	361.377504	358.080264	3.9566879999999855	0.07550792369866155	359.39916	1.9783439999999928	0.20399331987387748	
19A	4	a	362.036952	364.674744	363.355848	2.6377919999999904	0.058655907337339386	363.355848	1.3188959999999952	0.13433660233329348	
19A	4	a	365.334192	370.609776	366.653088	5.275584000000038	0.0867603986109815	367.971984	2.637792000000019	0.32143894710971077	
19A	4	a	371.269224	373.907016	372.58812	2.6377919999999904	0.027343111516673346	372.58812	1.3188959999999952	0.053939467611039627	
19A	4	a	374.566464	379.1826	375.225912	4.616135999999983	0.06680110711981513	376.544808	2.3080679999999916	0.34749642726909924	
19A	4	a	379.842048	383.139288	381.160944	3.297240000000045	0.12448062803008186	381.160944	1.6486200000000224	0.42020571058387635	
19A	4	a	385.117632	396.328248	389.733768	11.210615999999959	0.085640026835061	390.393216	5.6053079999999795	0.6720282372284145	
19A	4	a	396.987696	412.155	408.198312	15.167303999999945	0.13475264374215268	404.241624	7.583651999999972	1.7021779014652503	
19A	4	a	412.814448	422.04672	419.408928	9.232271999999966	0.12850242945081103	417.430584	4.616135999999983	1.208689631108989	
19A	4	a	422.706168	429.960096	424.684512	7.25392800000003	0.1130326513900699	426.003408	3.626964000000015	0.5201918424664218	
19A	4	a	430.619544	434.576232	433.257336	3.9566879999999855	0.08934081124777382	432.597888	1.9783439999999928	0.29493365145554384	
19A	4	a	435.23568	456.338016	445.786848	21.10233599999998	0.15700559985523332	445.786848	10.55116799999999	2.784510435230395	
19A	4	a	456.997464	465.570288	458.31636	8.572824000000026	0.14594242400455038	460.954152	4.286412000000013	1.3390643328909204	
19A	4	a	467.548632	473.483664	468.20808	5.935031999999978	0.09453570355833962	470.186424	2.967515999999989	0.41369949267137285	
19A	4	a	474.143112	479.418696	476.121456	5.275584000000038	0.0752358290867039	476.780904	2.637792000000019	0.2623431007880064	
19A	4	a	481.39704	487.332072	481.39704	5.935031999999978	0.08720355707665428	484.034832	2.967515999999989	0.35346484043298076	
19A	4	a	491.28876	497.223792	493.926552	5.935031999999978	0.0941955780824344	493.926552	2.967515999999989	0.44063251427188876	
19A	4	a	503.818272	517.007232	511.731648	13.188960000000066	0.13177351534088944	510.412752	6.594480000000033	1.2461747629807176	
19A	4	a	517.66668	527.5584	522.282816	9.891719999999964	0.14285307526899516	522.282816	4.945859999999982	1.2471657248537293	
19A	4	a	528.217848	533.493432	530.85564	5.275583999999981	0.06366814985139646	530.85564	2.6377919999999904	0.2268067573645427	
19A	4	a	534.15288	561.849696	535.471776	27.696816000000013	0.11029154145477804	548.001288	13.848408000000006	2.1721393022056446	
19A	4	a	562.509144	565.146936	562.509144	2.6377919999999904	0.05499345576000847	563.82804	1.3188959999999952	0.09774519357272782	
19A	4	a	565.806384	578.335896	572.400864	12.529512000000068	0.08835618591762895	571.741416	6.264756000000034	1.1029102494355922	
19A	4	a	578.995344	586.249272	584.270928	7.2539279999999735	0.133213880732292	582.292584	3.6269639999999868	0.6440456694531282	
19A	4	a	590.20596	600.09768	593.5032	9.891719999999964	0.043696200719495426	594.822096	4.945859999999982	0.4143881878006861	
