										Kaede_Unfed#16_Anterograde_evts_formatted.txt
ROI	Quadrant	Direction	Start time (s)	End time (s)	Peak time (s)	Duration (s)	Amplitude	Midpoint (s)	Half Duration(s)	AUC
8A	4	a	0.0	4.616136	1.318896	4.616136	0.13778994025126412	1.978344	2.308068	0.49271735907949266	
8A	4	a	5.275584	34.291296	27.696816	29.015712	3.075739439256564	19.78344	14.507856	71.39832098452158	
8A	2	b	34.950744	52.096392	47.480256	17.145648	-0.7440416511063193	43.523568	8.572824	-10.733254066538382	
8A	4	a	52.75584	70.560936	57.371976	17.805096	1.914701556200268	61.328664	8.902548	27.700278432403618	
8A	4	a	72.53928	104.852232	94.301064	32.312951999999996	1.8224477016332647	88.366032	16.156475999999998	38.77111077728597	
8A	4	a	105.51168	110.127816	108.149472	4.616135999999997	0.3149038536211659	107.490024	2.3080679999999987	0.8509032704620858	
8A	2	b	110.787264	119.360088	113.425056	8.572824000000011	-0.1604310747163038	114.743952	4.286412000000006	-1.1803596725311367	
8A	4	a	120.019536	166.180896	151.67304	46.16135999999999	1.3763792359912217	143.100216	23.080679999999994	43.582062846070606	
8A	2	b	168.818688	181.3482	175.413168	12.529511999999983	-0.19780782500096006	174.75372	6.264755999999991	-1.8708575992184768	
8A	4	a	182.007648	184.64544	183.326544	2.637792000000019	0.08940536508381847	183.326544	1.3188960000000094	0.21754818953149369	
8A	4	a	185.304888	187.283232	185.304888	1.9783439999999928	0.015458310590664937	185.964336	0.9891719999999964	0.008766749767141313	
8A	4	a	192.558816	233.444592	218.936736	40.88577599999999	1.235848836466285	213.001704	20.442887999999996	36.40986416576203	
8A	2	b	234.10404	259.163064	251.909136	25.059024000000022	-0.13111794070878036	246.633552	12.529512000000011	-2.2598774491052236	
8A	4	a	264.438648	294.113808	283.56264	29.675160000000005	0.8224707282765511	278.946504	14.837580000000003	19.48227913185054	
8A	2	b	294.773256	328.405104	298.729944	33.63184799999999	-0.15840428530902706	311.259456	16.815923999999995	-4.808296573807849	
8A	2	b	329.064552	338.296824	334.999584	9.232272000000023	-0.09655332117669735	333.680688	4.616136000000012	-0.7389656529941222	
8A	4	a	338.956272	349.50744	345.550752	10.551167999999961	0.13185629057425663	344.231856	5.275583999999981	1.1848836901047781	
8A	4	a	350.166888	363.355848	353.464128	13.188960000000009	0.37202158867010304	356.761368	6.594480000000004	3.587600341028434	
8A	4	a	364.015296	425.34396	412.155	61.328664	0.8093273857855037	394.349904	30.664332	27.63069976599747	
8A	2	b	426.003408	439.192368	433.257336	13.188960000000009	-0.08291974343932651	432.597888	6.594480000000004	-0.9373267711728526	
8A	4	a	441.170712	477.440352	466.889184	36.26964000000004	1.3339695842376615	458.975808	18.13482000000002	16.836633036175144	
8A	4	a	478.0998	492.607656	480.078144	14.507856000000004	0.4544617207907855	485.353728	7.253928000000002	3.1133257082143353	
8A	4	a	493.267104	544.0446	531.515088	50.77749599999993	1.6288482271776528	518.326128	25.388747999999964	32.54243900691334	
8A	2	b	544.704048	557.893008	548.660736	13.188960000000066	-0.1899606692205391	551.298528	6.594480000000033	-2.121210059840693	
8A	4	a	558.552456	600.09768	590.20596	41.54522399999996	1.8819558839600354	578.995344	20.77261199999998	57.90278179266162	
9A	2	b	0.0	8.572824	5.275584	8.572824	-0.14276212199465954	3.956688	4.286412	-1.1023420395107344	
9A	4	a	9.232272	37.588536	17.805096	28.356263999999996	3.4303970733262994	23.08068	14.178131999999998	114.47426062901357	
9A	4	a	38.247984	42.86412	39.56688	4.616135999999997	0.6865943515596307	40.226328	2.3080679999999987	2.3586644085223902	
9A	2	b	43.523568	56.712528	53.415288	13.188960000000002	-1.1299249353289702	50.118048	6.594480000000001	-12.655164578479589	
9A	4	a	57.371976	88.366032	71.220384	30.994056000000008	0.6560116979048232	72.53928	15.497028000000004	20.835240939892913	
9A	4	a	89.02548	110.787264	100.236096	21.76178399999999	2.2643378678077264	99.576648	10.880891999999996	39.53373321844042	
9A	2	b	111.446712	141.78132	131.8896	30.33460799999999	-0.8357013488013996	126.614016	15.167303999999994	-23.15515534876488	
9A	4	a	142.440768	171.45648	160.245864	29.015712000000008	1.853750107540908	156.948624	14.507856000000004	42.47737333832127	
9A	2	b	173.434824	186.623784	178.710408	13.188960000000009	-0.176124161151769	180.029304	6.594480000000004	-1.8533486351190105	
9A	4	a	187.283232	191.23992	189.921024	3.956688000000014	0.027294285217041914	189.261576	1.978344000000007	0.08459797913241474	
9A	4	a	191.899368	194.53716	192.558816	2.6377919999999904	0.06869398153452888	193.218264	1.3188959999999952	0.1268963954425113	
9A	4	a	195.196608	197.174952	195.196608	1.9783439999999928	0.048393372716308836	195.856056	0.9891719999999964	0.05283127693299572	
9A	4	a	201.13164	233.444592	222.233976	32.312951999999996	2.469126279601369	216.958392	16.156475999999998	53.72667345448336	
9A	2	b	234.10404	240.039072	235.422936	5.935032000000007	-0.07937662453622618	236.741832	2.9675160000000034	-0.3917164306113339	
9A	2	b	240.69852	242.676864	241.357968	1.9783439999999928	-0.028423397395111127	241.357968	0.9891719999999964	-0.034286636628925615	
9A	4	a	243.336312	251.249688	246.633552	7.9133759999999995	0.10499752546346253	247.293	3.9566879999999998	0.5391213103664867	
9A	4	a	251.909136	267.735888	257.844168	15.826751999999999	0.11068896097542291	259.822512	7.9133759999999995	1.430624679690002	
9A	4	a	270.37368	292.794912	284.881536	22.421232000000032	0.9215942801415253	281.584296	11.210616000000016	10.350273011931185	
9A	4	a	293.45436	304.005528	300.04884	10.551168000000018	0.17142383820938756	298.729944	5.275584000000009	1.5690384532735298	
9A	4	a	304.664976	331.042896	316.53504	26.37791999999996	0.20137308062877857	317.853936	13.18895999999998	4.583918536981199	
9A	4	a	331.702344	342.91296	336.31848	11.210616000000016	0.08103750191868864	336.977928	5.605308000000008	0.7032894734780679	
9A	4	a	343.572408	367.971984	352.80468	24.399576000000025	0.23718764028789074	355.442472	12.199788000000012	4.10899031469749	
9A	4	a	368.631432	395.009352	378.523152	26.37791999999996	0.16495459142899493	381.820392	13.18895999999998	3.7320835245412116	
9A	4	a	395.6688	418.74948	403.582176	23.08068000000003	0.20368846023560572	406.879416	11.540340000000015	4.03902569533035	
9A	4	a	420.727824	445.1274	425.34396	24.399576000000025	0.26703341632185795	432.597888	12.199788000000012	4.4834714688082595	
9A	4	a	450.402984	458.975808	451.72188	8.572823999999969	0.02720518041573161	454.359672	4.286411999999984	0.16385027950777942	
9A	4	a	459.635256	484.69428	473.483664	25.059023999999965	0.9416918701839307	472.164768	12.529511999999983	14.803226032689954	
9A	2	b	485.353728	487.332072	485.353728	1.9783439999999928	-0.04110607367922192	486.013176	0.9891719999999964	-0.024579472017994153	
9A	4	a	489.310416	507.77496	496.564344	18.464544000000046	0.13564482970719194	498.542688	9.232272000000023	1.87153714630445	
9A	4	a	508.434408	521.623368	513.709992	13.188960000000009	0.07486262586543102	515.028888	6.594480000000004	0.6701461921696081	
9A	4	a	522.282816	526.898952	523.601712	4.616135999999983	0.03901405523121415	524.26116	2.3080679999999916	0.1945714129773124	
9A	4	a	531.515088	549.320184	536.131224	17.80509600000005	1.0601794638604547	540.087912	8.902548000000024	9.879065200689265	
9A	4	a	549.979632	557.23356	551.298528	7.2539279999999735	0.04828095125459164	553.276872	3.6269639999999868	0.25670668634090177	
9A	2	b	559.871352	563.82804	560.5308	3.9566879999999855	-0.050568845658209405	561.849696	1.9783439999999928	-0.13111473220152114	
9A	4	a	564.487488	569.103624	568.444176	4.616135999999983	0.06633385945794767	566.465832	2.3080679999999916	0.19107664379782396	
9A	4	a	569.763072	573.060312	571.081968	3.297239999999988	0.041844162611973434	571.081968	1.648619999999994	0.11367198504765907	
9A	4	a	576.357552	600.09768	594.822096	23.740127999999913	0.7928712543415886	588.227616	11.870063999999957	18.93404562168864	
10A	2	b	0.0	7.253928	0.0	7.253928	-0.26081360842154666	3.29724	3.626964	-0.8819297304040083	
10A	4	a	7.913376	11.210616	10.551168	3.2972399999999995	0.07466155838841315	9.232272	1.6486199999999998	0.15983583436152426	
10A	4	a	11.870064	25.059024	17.805096	13.188960000000002	1.539113966080122	18.464544	6.594480000000001	16.537033447951774	
10A	4	a	25.718472	38.907432	35.610192	13.188960000000002	1.5631647738304784	32.312952	6.594480000000001	18.688633445866973	
10A	2	b	39.56688	41.545224	40.226328	1.9783439999999999	-0.026348524075184176	40.226328	0.9891719999999999	-0.031179641637910427	
10A	4	a	43.523568	56.05308	51.436944	12.529512000000004	0.23009384367512942	49.4586	6.264756000000002	2.0525472017686957	
10A	4	a	56.712528	112.765608	104.192784	56.05308	2.4415725056924376	84.409344	28.02654	62.88694552204161	
10A	4	a	113.425056	119.360088	116.062848	5.935032000000007	0.10134800400371757	116.062848	2.9675160000000034	0.45382616347588467	
10A	2	b	120.019536	151.67304	125.954568	31.653503999999984	-0.30348295734732655	135.846288	15.826751999999992	-7.232339410322885	
10A	4	a	152.332488	176.732064	166.840344	24.399575999999996	1.008166958172787	164.202552	12.199787999999998	17.57682777667182	
10A	4	a	177.391512	201.13164	181.3482	23.740128	0.7310042937665324	189.261576	11.870064	11.538896067121684	
10A	2	b	203.769432	214.980048	210.363912	11.210616000000016	-0.15784736569736468	209.045016	5.605308000000008	-1.6687285543298465	
10A	4	a	215.639496	238.060728	224.871768	22.421232000000003	1.6780350077278081	226.850112	11.210616000000002	34.91519421324092	
10A	4	a	238.720176	249.271344	243.99576	10.55116799999999	0.3394927598786861	243.99576	5.275583999999995	2.9801322746332772	
10A	4	a	249.930792	269.714232	257.18472	19.783439999999985	0.3634231094619844	259.822512	9.891719999999992	5.55699964467537	
10A	4	a	270.37368	273.011472	270.37368	2.637792000000047	0.1067816380021549	271.692576	1.3188960000000236	0.11065400828311689	
10A	2	b	273.67092	287.519328	284.222088	13.84840799999995	-0.15951020023296314	280.2654	6.924203999999975	-2.00553944794597	
10A	4	a	288.178776	293.45436	290.816568	5.275583999999981	0.23095156002463346	290.816568	2.6377919999999904	0.9751432657461259	
10A	4	a	294.113808	304.005528	297.411048	9.89172000000002	0.1981406064536433	298.729944	4.94586000000001	1.224655914572638	
10A	4	a	304.664976	312.578352	307.302768	7.913375999999971	0.12481337464585218	308.621664	3.9566879999999855	0.6351061465213526	
10A	4	a	316.53504	321.810624	317.853936	5.275584000000038	0.029441502309406786	319.172832	2.637792000000019	0.12790588047895723	
10A	4	a	322.470072	340.934616	334.340136	18.46454399999999	0.09371896497885768	331.702344	9.232271999999995	1.5360700767296742	
10A	4	a	341.594064	352.145232	347.529096	10.551168000000018	0.1388963221909565	346.869648	5.275584000000009	1.2618104164361104	
10A	2	b	356.10192	358.080264	357.420816	1.9783439999999928	-0.04603015731515514	356.761368	0.9891719999999964	-0.03897694776040228	
10A	4	a	364.674744	382.47984	372.58812	17.80509600000005	0.21902685820239443	373.247568	8.902548000000024	3.2026128214401863	
10A	4	a	383.139288	387.095976	383.139288	3.9566879999999855	0.03221999479533899	385.117632	1.9783439999999928	0.08774148804225046	
10A	4	a	389.07432	412.814448	406.219968	23.740128000000027	0.10518879969590378	400.944384	11.870064000000013	2.2995720084836364	
10A	4	a	413.473896	418.74948	414.792792	5.275583999999981	0.10160302726915438	416.111688	2.6377919999999904	0.39075922826638454	
10A	4	a	419.408928	425.34396	422.706168	5.935031999999978	0.11393762790475614	422.04672	2.967515999999989	0.48977240343692907	
10A	4	a	426.003408	438.53292	429.300648	12.529512000000011	0.2102959322519551	431.93844	6.2647560000000055	2.0985707550722656	
10A	4	a	439.192368	443.808504	439.192368	4.61613600000004	0.05768930522648574	441.170712	2.30806800000002	0.21054669507605794	
10A	4	a	444.467952	447.765192	447.105744	3.297239999999988	0.03223764323631828	445.786848	1.648619999999994	0.07880866254945085	
10A	4	a	448.42464	457.656912	451.062432	9.232271999999966	0.07664705842836383	453.040776	4.616135999999983	0.5788286250926198	
10A	4	a	458.31636	467.548632	458.31636	9.232272000000023	0.07904400716607451	462.932496	4.616136000000012	0.535662820526712	
10A	4	a	468.20808	490.629312	484.034832	22.421232000000032	0.22981145914576695	479.418696	11.210616000000016	4.168883411198728	
10A	4	a	491.28876	498.542688	493.267104	7.2539279999999735	0.08689214952063518	494.586	3.6269639999999868	0.6383432021863347	
10A	4	a	499.202136	517.007232	515.028888	17.80509600000005	0.12377047233891503	507.77496	8.902548000000024	1.797043724908856	
10A	4	a	519.645024	524.26116	523.601712	4.616135999999983	0.05823339576363784	521.623368	2.3080679999999916	0.19570254980707458	
10A	4	a	524.920608	533.493432	528.217848	8.572823999999969	0.05341664892535336	528.877296	4.286411999999984	0.2882352288953123	
10A	4	a	534.15288	556.574112	540.087912	22.421232000000032	0.5249674933667601	545.363496	11.210616000000016	5.761822678372965	
10A	4	a	557.23356	561.849696	558.552456	4.616135999999983	0.04280971974522174	559.211904	2.3080679999999916	0.12571891411199676	
10A	4	a	563.82804	600.09768	596.80044	36.26963999999998	1.1523174192625882	581.633136	18.13481999999999	23.801140415930185	
11A	4	a	0.0	7.253928	3.29724	7.253928	0.29512501247803247	3.29724	3.626964	1.6612519831982746	
11A	2	b	7.913376	16.4862	14.507856	8.572824	-0.15262535762720475	11.870064	4.286412	-1.012395960403241	
11A	4	a	17.145648	26.37792	18.464544	9.232271999999998	0.3404659191004935	21.761784	4.616135999999999	1.6508224931848192	
11A	4	a	27.037368	41.545224	37.588536	14.507855999999997	1.863711697784861	34.291296	7.253927999999998	15.526793968136017	
11A	4	a	42.204672	55.393632	50.118048	13.188959999999994	0.38319476774236483	48.799152	6.594479999999997	3.6030819140198	
11A	4	a	57.371976	63.966456	59.35032	6.594480000000004	0.11050354372146609	60.669216	3.297240000000002	0.7491527141773371	
11A	4	a	64.625904	81.771552	73.858176	17.145647999999994	0.17940343460878694	73.198728	8.572823999999997	2.14661692558804	
11A	4	a	82.431	87.047136	82.431	4.616135999999997	0.08500845768308674	84.409344	2.3080679999999987	0.20881130261782133	
11A	2	b	87.706584	100.236096	95.61996	12.529511999999997	-0.11906192668335036	93.641616	6.264755999999998	-0.9593099882010274	
11A	4	a	100.895544	126.614016	106.171128	25.718472000000006	0.546133915126334	113.425056	12.859236000000003	10.864205227530324	
11A	4	a	128.59236	130.570704	129.251808	1.9783439999999928	0.05652889963365393	129.251808	0.9891719999999964	0.08041860509228682	
11A	2	b	131.230152	163.543104	152.991936	32.312951999999996	-0.3084888605628304	147.056904	16.156475999999998	-8.554788696627941	
11A	4	a	164.202552	183.326544	167.499792	19.123992000000015	0.5804027663565074	173.434824	9.561996000000008	8.195001559570883	
11A	4	a	183.985992	188.602128	185.304888	4.616135999999983	0.16741035962370132	185.964336	2.3080679999999916	0.5602073368226166	
11A	2	b	189.261576	222.233976	216.298944	32.97240000000002	-0.3941124368845208	205.747776	16.48620000000001	-12.390559969094932	
11A	4	a	222.893424	243.99576	234.10404	21.10233599999998	0.7963377937303364	233.444592	10.55116799999999	15.303986477493822	
11A	4	a	247.293	253.228032	249.930792	5.935032000000007	0.08496042119065228	249.930792	2.9675160000000034	0.401726555172937	
11A	2	b	255.865824	263.119752	258.503616	7.253928000000002	-0.2044994789936312	259.163064	3.626964000000001	-1.1026201910897646	
11A	2	b	263.7792	268.395336	264.438648	4.616135999999983	-0.061255843967052304	265.757544	2.3080679999999916	-0.16396586532334068	
11A	4	a	269.054784	284.222088	282.243744	15.167304000000001	0.11093459196730215	276.308712	7.583652000000001	1.7022026659488605	
11A	4	a	284.881536	315.875592	296.092152	30.994056	0.15553507138397205	300.04884	15.497028	3.775499607966366	
11A	4	a	322.470072	337.637376	331.702344	15.167304000000001	0.10265969679620923	329.724	7.583652000000001	1.3968511804791404	
11A	4	a	338.296824	342.253512	340.275168	3.9566879999999855	0.059668581988612246	340.275168	1.9783439999999928	0.16465132026259033	
11A	4	a	342.91296	351.485784	348.188544	8.572824000000026	0.09140578351902295	346.869648	4.286412000000013	0.6732669012314134	
11A	4	a	352.145232	354.123576	353.464128	1.9783439999999928	0.010344820214928774	352.80468	0.9891719999999964	0.012758737659572361	
11A	4	a	356.761368	382.47984	369.29088	25.71847200000002	0.26020394572037864	369.29088	12.85923600000001	5.0582347913091965	
11A	4	a	383.139288	419.408928	410.836104	36.26963999999998	0.14292000724689258	400.944384	18.13481999999999	3.8583567448557896	
11A	4	a	420.068376	427.322304	425.34396	7.2539279999999735	0.06399197451607241	423.365616	3.6269639999999868	0.30613472487837723	
11A	4	a	427.981752	433.257336	432.597888	5.275584000000038	0.08905039876353715	430.619544	2.637792000000019	0.30613443677303587	
11A	4	a	433.916784	442.489608	435.895128	8.572823999999969	0.056724821538639336	437.873472	4.286411999999984	0.3982429638963454	
11A	2	b	445.1274	447.105744	446.446296	1.9783439999999928	-0.019497525229958068	445.786848	0.9891719999999964	-0.01679721343625662	
11A	4	a	451.062432	453.040776	451.062432	1.9783439999999928	0.03188264840135657	451.72188	0.9891719999999964	0.022588423635387267	
11A	4	a	453.700224	463.591944	462.273048	9.89172000000002	0.05210277936739516	458.31636	4.94586000000001	0.39203513216128316	
11A	4	a	464.251392	466.889184	465.570288	2.6377919999999904	0.04425388254888052	465.570288	1.3188959999999952	0.10121874712725276	
11A	4	a	467.548632	472.164768	468.20808	4.616135999999983	0.04898323080348588	469.526976	2.3080679999999916	0.1676657002056845	
11A	4	a	472.824216	499.861584	483.375384	27.037368000000015	0.24862415702873975	486.013176	13.518684000000007	5.4241418408614965	
11A	4	a	500.521032	538.769016	515.028888	38.247983999999974	0.11110929934006997	519.645024	19.123991999999987	3.533719805547232	
11A	4	a	540.74736	553.93632	546.022944	13.188960000000066	0.19710277062938664	547.34184	6.594480000000033	2.1389860336661037	
11A	4	a	554.595768	559.871352	555.914664	5.275583999999981	0.07381878782204065	557.23356	2.6377919999999904	0.30760859608151714	
11A	4	a	560.5308	568.444176	563.82804	7.913375999999971	0.07290215430461222	564.487488	3.9566879999999855	0.5074473010655958	
11A	4	a	569.103624	600.09768	600.09768	30.994056	0.9322031687464958	584.270928	15.497028	9.938201021838816	
12A	4	a	0.0	9.89172	1.978344	9.89172	0.6910341560544584	4.616136	4.94586	5.7081558792377285	
12A	4	a	10.551168	12.529512	11.210616	1.9783439999999999	0.019086457866298367	11.210616	0.9891719999999999	0.03282236555888152	
12A	2	b	13.18896	34.291296	28.356264	21.102336	-0.41623068100995475	23.740128	10.551168	-8.720018443755494	
12A	4	a	34.950744	45.501912	39.56688	10.551167999999997	1.410571259903341	40.226328	5.2755839999999985	12.99905599356346	
12A	4	a	46.16136	54.074736	50.777496	7.9133759999999995	0.3076916581825073	50.118048	3.9566879999999998	1.7644659396262505	
12A	2	b	54.734184	59.35032	56.05308	4.6161360000000045	-0.2037398145591478	56.712528	2.3080680000000022	-0.864897712196828	
12A	2	b	60.009768	107.490024	99.576648	47.480256000000004	-0.48683744039027266	83.749896	23.740128000000002	-21.306126089480337	
12A	4	a	108.149472	137.165184	123.316776	29.015712000000008	0.4904850251138022	122.657328	14.507856000000004	12.752638632942308	
12A	2	b	137.824632	175.413168	158.926968	37.588536000000005	-0.3868272586846899	156.289176	18.794268000000002	-11.618034377467874	
12A	4	a	176.072616	203.109984	192.558816	27.037367999999987	0.27719429506631155	189.261576	13.518683999999993	6.653950258668216	
12A	4	a	203.769432	211.682808	204.42888	7.9133759999999995	0.10752244616973616	207.72612	3.9566879999999998	0.5813600122224181	
12A	2	b	212.342256	226.190664	220.91508	13.848408000000006	-0.12010787038333826	218.936736	6.924204000000003	-1.3163078746328098	
12A	4	a	226.850112	254.546928	238.060728	27.696816000000013	0.5588252266162659	240.69852	13.848408000000006	12.634805220040377	
12A	4	a	255.206376	282.903192	261.800856	27.696815999999984	0.18742744635066177	269.054784	13.848407999999992	4.4911230352847795	
12A	4	a	283.56264	286.200432	284.881536	2.6377919999999904	0.041539872694129176	284.881536	1.3188959999999952	0.0946437427664859	
12A	2	b	289.497672	293.45436	291.476016	3.9566879999999855	-0.05912066580292441	291.476016	1.9783439999999928	-0.21963849070876562	
12A	2	b	294.113808	297.411048	294.773256	3.297239999999988	-0.041953424091854874	295.432704	1.648619999999994	-0.08388012175252557	
12A	4	a	300.04884	313.2378	304.664976	13.188960000000009	0.34400450163449614	306.64332	6.594480000000004	4.326589477095164	
12A	4	a	313.897248	328.405104	323.788968	14.507856000000004	0.13295337629120496	321.151176	7.253928000000002	1.2947713854200174	
12A	4	a	329.064552	339.61572	333.680688	10.551168000000018	0.09322609210911326	334.340136	5.275584000000009	0.8908894399177727	
12A	4	a	340.275168	353.464128	346.869648	13.188960000000009	0.1292477251852029	346.869648	6.594480000000004	1.2748560069747799	
12A	4	a	362.036952	380.501496	365.334192	18.46454399999999	0.15961754246558923	371.269224	9.232271999999995	2.748611228798766	
12A	4	a	384.458184	387.755424	385.77708	3.297239999999988	0.08436339074365717	385.77708	1.648619999999994	0.23579068161381667	
12A	4	a	388.414872	404.241624	396.987696	15.826751999999999	0.08209144184897843	396.328248	7.9133759999999995	1.1708530811378954	
12A	4	a	404.901072	408.85776	406.879416	3.9566879999999855	0.04578288145288445	406.879416	1.9783439999999928	0.1340561601194945	
12A	4	a	409.517208	418.74948	415.45224	9.232272000000023	0.06089359886616608	414.133344	4.616136000000012	0.45792074011118755	
12A	4	a	419.408928	423.365616	421.387272	3.9566879999999855	0.06473626527051923	421.387272	1.9783439999999928	0.14164876280400307	
12A	4	a	424.025064	426.662856	424.684512	2.6377919999999904	0.036460902037481535	425.34396	1.3188959999999952	0.048477701016314434	
12A	4	a	427.322304	437.873472	435.23568	10.551168000000018	0.08148736822462732	432.597888	5.275584000000009	0.6814912258051735	
12A	4	a	438.53292	440.511264	439.851816	1.9783439999999928	0.03010407018426209	439.192368	0.9891719999999964	0.021148100923994884	
12A	4	a	443.149056	445.786848	443.808504	2.637792000000047	0.037999358921174675	444.467952	1.3188960000000236	0.0884169789542768	
12A	4	a	448.42464	465.570288	455.01912	17.145647999999994	0.08382822933748368	456.997464	8.572823999999997	1.1516110982044565	
12A	4	a	466.229736	477.440352	466.229736	11.210616000000016	0.07210698641349822	471.50532	5.605308000000008	0.47752559874680633	
12A	4	a	478.0998	497.88324	487.99152	19.783439999999985	0.4498802977352838	487.99152	9.891719999999992	6.24135767785612	
12A	4	a	498.542688	511.0722	501.18048	12.529512000000011	0.1488926961986623	504.47772	6.2647560000000055	1.7193590599415762	
12A	4	a	511.731648	526.898952	513.709992	15.167304000000001	0.08010702964228456	518.985576	7.583652000000001	0.9571214282202491	
12A	4	a	527.5584	540.74736	534.15288	13.188959999999952	0.07879422528102964	534.15288	6.594479999999976	0.8177238016029955	
12A	4	a	541.406808	567.784728	553.276872	26.377920000000017	0.335465263357448	554.595768	13.188960000000009	5.278039439461891	
12A	4	a	568.444176	600.09768	600.09768	31.653503999999998	0.343552906020796	584.270928	15.826751999999999	4.418365572254827	
13A	4	a	0.0	7.913376	1.978344	7.913376	0.27309251093400677	3.956688	3.956688	1.711992869624318	
13A	4	a	8.572824	21.102336	13.18896	12.529512	0.14183623675102064	14.507856	6.264756	1.3986731825260488	
13A	4	a	21.761784	23.740128	23.08068	1.9783439999999999	0.01912704331946724	22.421232	0.9891719999999999	0.018170989040160235	
13A	2	b	26.37792	28.356264	27.037368	1.9783439999999999	-0.02490957348636247	27.037368	0.9891719999999999	-0.03311849742614914	
13A	4	a	29.015712	31.653504	29.67516	2.637792000000001	0.04628672794329791	30.334608	1.3188960000000005	0.08183542347444539	
13A	2	b	32.312952	38.247984	36.929088	5.935032	-0.07931481889076952	34.950744	2.967516	-0.27822347893540256	
13A	4	a	38.907432	57.371976	44.842464	18.464543999999997	0.9346652197533913	48.139704	9.232271999999998	7.955211995941447	
13A	4	a	58.031424	72.53928	61.988112	14.507856000000004	0.29511502949175705	65.285352	7.253928000000002	3.6131117669546144	
13A	2	b	76.495968	92.32272	77.814864	15.826751999999999	-0.10085874836939235	84.409344	7.9133759999999995	-0.9284884043604786	
13A	4	a	96.279408	98.9172	96.279408	2.6377919999999904	0.029498449770161805	97.598304	1.3188959999999952	0.029618839024948773	
13A	4	a	99.576648	104.192784	103.533336	4.616135999999997	0.08320130263075454	101.554992	2.3080679999999987	0.2260588573091944	
13A	4	a	104.852232	134.527392	125.954568	29.67515999999999	0.5843818175017517	119.360088	14.837579999999996	15.998725208839566	
13A	4	a	135.18684	140.462424	137.165184	5.275584000000009	0.07522307226802871	137.824632	2.6377920000000046	0.27531726019628944	
13A	2	b	141.121872	178.05096	165.521448	36.92908800000001	-0.33894853848991646	159.586416	18.464544000000004	-10.241842257133634	
13A	4	a	178.710408	184.64544	180.029304	5.935032000000007	0.12448201196196296	181.3482	2.9675160000000034	0.6004833811694192	
13A	2	b	185.304888	187.94268	185.304888	2.6377919999999904	-0.04627815258766077	186.623784	1.3188959999999952	-0.07505425324864023	
13A	4	a	188.602128	194.53716	189.921024	5.935032000000007	0.22146744287085607	191.23992	2.9675160000000034	0.9880231580340049	
13A	4	a	195.196608	209.704464	201.13164	14.507856000000004	0.07296308920893457	202.450536	7.253928000000002	0.9485094937178065	
13A	2	b	210.363912	233.444592	226.190664	23.08068	-0.15087331026491269	221.574528	11.54034	-2.532709151073872	
13A	4	a	234.10404	261.800856	251.249688	27.696816000000013	0.5061296702138067	247.952448	13.848408000000006	9.715704780396926	
13A	4	a	262.460304	282.243744	276.96816	19.783439999999985	0.07527326155121639	272.352024	9.891719999999992	1.2757011161638676	
13A	4	a	282.903192	291.476016	289.497672	8.572824000000026	0.0656436553189339	286.85988	4.286412000000013	0.3512025213264274	
13A	4	a	292.135464	294.773256	292.135464	2.6377919999999904	0.05389374359838639	293.45436	1.3188959999999952	0.1291114553131687	
13A	4	a	295.432704	298.729944	296.7516	3.297239999999988	0.01446168157523875	296.7516	1.648619999999994	0.0358890177784883	
13A	4	a	299.389392	302.027184	300.708288	2.6377919999999904	0.02657732710145355	300.708288	1.3188959999999952	0.03932883971442491	
13A	4	a	302.686632	330.383448	309.94056	27.696816000000013	0.23177328523052854	316.53504	13.848408000000006	4.913346813070609	
13A	4	a	331.042896	350.826336	346.869648	19.78344000000004	0.09449539266051943	340.934616	9.89172000000002	1.7534520659207324	
13A	4	a	353.464128	355.442472	353.464128	1.9783439999999928	0.020108168379691094	354.123576	0.9891719999999964	0.031382263742955496	
13A	2	b	359.39916	362.036952	359.39916	2.6377919999999904	-0.03932667171114712	360.718056	1.3188959999999952	-0.05294148529457643	
13A	4	a	362.6964	387.755424	378.523152	25.059024000000022	0.1733758480337122	375.225912	12.529512000000011	2.3561803436975026	
13A	4	a	388.414872	403.582176	396.328248	15.167304000000001	0.06954774149979803	395.6688	7.583652000000001	0.7987878224154303	
13A	4	a	404.241624	406.879416	405.56052	2.6377919999999904	0.020614715137020845	405.56052	1.3188959999999952	0.04515208162819628	
13A	4	a	413.473896	418.090032	415.45224	4.616135999999983	0.033750108776367416	415.45224	2.3080679999999916	0.14226202774989272	
13A	4	a	418.74948	428.6412	420.068376	9.89172000000002	0.07820902889258852	423.365616	4.94586000000001	0.7320296896546443	
13A	4	a	429.300648	445.786848	434.576232	16.486199999999997	0.15008355008687602	437.214024	8.243099999999998	1.6884295879956681	
13A	4	a	446.446296	456.997464	451.062432	10.551167999999961	0.06019303352562577	451.72188	5.275583999999981	0.4052343508833294	
13A	4	a	457.656912	464.251392	461.6136	6.594480000000033	0.041376842150183	460.954152	3.2972400000000164	0.20407933128596767	
13A	4	a	464.91084	472.164768	467.548632	7.2539279999999735	0.06596274256029577	468.20808	3.6269639999999868	0.41478833621117084	
13A	4	a	472.824216	485.353728	480.078144	12.529512000000011	0.08202865903400403	478.759248	6.2647560000000055	0.8143041008900356	
13A	4	a	486.013176	509.093856	495.245448	23.08068000000003	0.1854366350493546	497.223792	11.540340000000015	3.7103015591832573	
13A	4	a	509.753304	514.36944	511.731648	4.61613600000004	0.041157593816096405	511.731648	2.30806800000002	0.17639912869147834	
13A	4	a	516.347784	519.645024	518.326128	3.297239999999988	0.047717356217039875	517.66668	1.648619999999994	0.09899948496927347	
13A	4	a	520.304472	523.601712	520.96392	3.297239999999988	0.03519429752819603	521.623368	1.648619999999994	0.10188256097178505	
13A	4	a	524.26116	526.239504	524.920608	1.9783439999999928	0.023178806432755827	524.920608	0.9891719999999964	0.03765567446751161	
13A	4	a	528.877296	530.85564	529.536744	1.9783439999999928	0.033981193423409994	529.536744	0.9891719999999964	0.04248688320852789	
13A	4	a	531.515088	534.15288	532.833984	2.6377919999999904	0.0591823643080831	532.833984	1.3188959999999952	0.1014003322224355	
13A	4	a	536.790672	541.406808	538.769016	4.616135999999983	0.050387583574736716	538.769016	2.3080679999999916	0.18862352563836748	
13A	4	a	542.066256	546.682392	543.385152	4.616136000000097	0.06044540704120571	544.0446	2.3080680000000484	0.21229787183568316	
13A	4	a	547.34184	549.320184	547.34184	1.9783439999999928	0.05142200197306135	548.001288	0.9891719999999964	0.04863603966055874	
13A	4	a	549.979632	571.741416	559.871352	21.76178399999992	0.5794023672204194	560.5308	10.88089199999996	8.569025698124427	
13A	2	b	572.400864	600.09768	598.119336	27.696816000000013	-0.5636935133517968	586.249272	13.848408000000006	-11.915039004080207	
14A	4	a	0.0	7.913376	1.978344	7.913376	0.10478060622840601	3.956688	3.956688	0.5919883346332089	
14A	4	a	8.572824	16.4862	12.529512	7.9133759999999995	0.07437220974659642	12.529512	3.9566879999999998	0.5785990824368554	
14A	4	a	17.145648	21.102336	19.78344	3.9566879999999998	0.04172632196511494	19.123992	1.9783439999999999	0.11749090186428535	
14A	4	a	21.761784	25.059024	23.740128	3.297240000000002	0.0325207570788022	23.08068	1.648620000000001	0.09154624890665153	
14A	4	a	25.718472	30.334608	26.37792	4.616136000000001	0.046149097793090066	27.696816	2.3080680000000005	0.17371521102412202	
14A	4	a	30.994056	32.9724	30.994056	1.9783439999999999	0.03878980396044018	31.653504	0.9891719999999999	0.0423822143038578	
14A	4	a	38.247984	59.35032	50.118048	21.102336	0.8192045643608465	48.799152	10.551168	12.013303271212926	
14A	4	a	60.009768	69.901488	65.285352	9.89172	0.2034943913313585	64.625904	4.94586	1.7635962194202688	
14A	4	a	70.560936	73.858176	73.198728	3.297240000000002	0.03210447415687456	71.879832	1.648620000000001	0.10288668235379594	
14A	2	b	76.495968	78.474312	77.814864	1.9783439999999928	-0.023757759583381777	77.155416	0.9891719999999964	-0.01835042434062384	
14A	2	b	88.366032	90.344376	88.366032	1.9783439999999928	-0.017861055509730273	89.02548	0.9891719999999964	-0.032911132898726714	
14A	4	a	91.003824	92.982168	91.663272	1.978344000000007	0.03295227102116227	91.663272	0.9891720000000035	0.04612917966245145	
14A	4	a	93.641616	98.9172	96.279408	5.275583999999995	0.04437521836868874	96.279408	2.6377919999999975	0.18331465555880022	
14A	4	a	99.576648	106.171128	100.236096	6.59447999999999	0.05826364746321033	102.873888	3.297239999999995	0.24870274318561603	
14A	4	a	106.830576	132.549048	121.99788	25.718472000000006	0.3234844671312549	119.360088	12.859236000000003	6.708241019269924	
14A	4	a	133.208496	168.15924	141.121872	34.950744000000014	0.16373177508947645	150.354144	17.475372000000007	5.176735585075516	
14A	4	a	170.797032	194.53716	186.623784	23.740128	0.16189505892184752	182.667096	11.870064	2.68572114784255	
14A	4	a	195.196608	213.001704	202.450536	17.805095999999992	0.09864793574496367	203.769432	8.902547999999996	1.2421028474243543	
14A	4	a	213.661152	216.958392	214.980048	3.2972400000000164	0.025926657601615943	214.980048	1.6486200000000082	0.07441687870583757	
14A	4	a	217.61784	257.18472	245.314656	39.566880000000026	0.18230434978981758	237.40128	19.783440000000013	4.373377950928581	
14A	2	b	260.48196	262.460304	260.48196	1.9783439999999928	-0.010362009185040932	261.141408	0.9891719999999964	-0.012828359817400381	
14A	4	a	263.119752	281.584296	273.67092	18.46454399999999	0.09584516544639077	272.352024	9.232271999999995	1.3233630866392043	
14A	4	a	282.243744	290.15712	282.243744	7.913376000000028	0.04637422628446686	286.200432	3.956688000000014	0.23153546223178223	
14A	4	a	292.135464	303.34608	298.070496	11.210615999999959	0.05032997460909572	297.411048	5.6053079999999795	0.38038496948890554	
14A	4	a	306.64332	329.064552	313.2378	22.421231999999975	0.1487055161178672	317.853936	11.210615999999987	2.4356248685790916	
14A	4	a	331.042896	338.296824	334.340136	7.25392800000003	0.0375665482954215	334.340136	3.626964000000015	0.12104871216257684	
14A	4	a	340.275168	344.231856	340.275168	3.9566879999999855	0.012092027408828754	342.253512	1.9783439999999928	0.02255315067969299	
14A	4	a	346.2102	348.188544	346.2102	1.9783439999999928	0.013407201934818147	346.869648	0.9891719999999964	0.018651644659184452	
14A	4	a	350.826336	352.80468	352.145232	1.9783439999999928	0.015356173304174714	351.485784	0.9891719999999964	0.014556779875434134	
14A	4	a	353.464128	356.761368	354.123576	3.297239999999988	0.014486620486162893	354.783024	1.648619999999994	0.032518692223932666	
14A	4	a	359.39916	370.609776	366.653088	11.210616000000016	0.04850796131644941	364.674744	5.605308000000008	0.3937423749153126	
14A	4	a	372.58812	388.414872	379.1826	15.826751999999999	0.10412311961341691	380.501496	7.9133759999999995	1.289326716090145	
14A	4	a	389.07432	400.944384	391.052664	11.870064000000013	0.06133511082488452	395.009352	5.935032000000007	0.6443612394192593	
14A	4	a	401.603832	403.582176	401.603832	1.9783439999999928	0.025779593897743647	402.26328	0.9891719999999964	0.03009623499660441	
14A	4	a	404.241624	409.517208	405.56052	5.275583999999981	0.03126813777508097	406.879416	2.6377919999999904	0.14573826230977982	
14A	4	a	410.176656	418.74948	414.792792	8.572824000000026	0.042145837080890036	414.133344	4.286412000000013	0.30278010454273574	
14A	4	a	419.408928	429.300648	424.025064	9.89172000000002	0.056990944752277395	424.025064	4.94586000000001	0.495361175515567	
14A	4	a	429.960096	443.808504	438.53292	13.848408000000006	0.12148848966951986	436.554576	6.924204000000003	0.9129830457078514	
14A	4	a	444.467952	454.359672	448.42464	9.891719999999964	0.05420442150283589	449.084088	4.945859999999982	0.3271176618908358	
14A	4	a	455.01912	458.31636	456.338016	3.297239999999988	0.02007910547767877	456.338016	1.648619999999994	0.033581624337276184	
14A	4	a	458.975808	461.6136	460.954152	2.637792000000047	0.02026354622587445	460.294704	1.3188960000000236	0.034075145072478885	
14A	4	a	464.251392	467.548632	466.889184	3.297239999999988	0.02940650107744025	465.570288	1.648619999999994	0.058746894649418624	
14A	4	a	469.526976	472.824216	470.186424	3.297239999999988	0.016748702814502137	470.845872	1.648619999999994	0.03675632038083798	
14A	4	a	473.483664	476.780904	474.143112	3.297240000000045	0.02371886431366943	474.80256	1.6486200000000224	0.05809084404868625	
14A	4	a	477.440352	484.034832	482.056488	6.594479999999976	0.044151090930892645	480.737592	3.297239999999988	0.2700117279654385	
14A	4	a	484.69428	486.672624	486.013176	1.9783439999999928	0.01734129506513149	485.353728	0.9891719999999964	0.022818947736364503	
14A	4	a	487.332072	507.115512	495.904896	19.78344000000004	0.18366715040116954	497.223792	9.89172000000002	2.192516287467013	
14A	4	a	507.77496	514.36944	510.412752	6.594480000000033	0.07840311941457312	511.0722	3.2972400000000164	0.4744418838697435	
14A	4	a	515.028888	532.174536	523.601712	17.145647999999937	0.06765867558671146	523.601712	8.572823999999969	0.6436635932281237	
14A	4	a	535.471776	550.63908	538.109568	15.167304000000058	0.05277201018577937	542.725704	7.583652000000029	0.6342572389699493	
14A	4	a	551.298528	584.930376	561.849696	33.63184799999999	0.3951455170208462	567.784728	16.815923999999995	9.408136442159025	
14A	2	b	585.589824	600.09768	600.09768	14.507855999999947	-0.25991176962704654	592.843752	7.2539279999999735	-2.672360628430324	
15A	2	b	0.0	4.616136	0.0	4.616136	-0.06747824340732644	1.978344	2.308068	-0.16885539550127437	
15A	4	a	5.275584	17.805096	9.232272	12.529511999999999	0.051285724602303295	11.210616	6.264755999999999	0.4672901441621927	
15A	4	a	18.464544	25.059024	23.08068	6.594480000000001	0.04983093924435078	21.761784	3.2972400000000004	0.2448300116373584	
15A	4	a	25.718472	28.356264	26.37792	2.637792000000001	0.03179737624740464	27.037368	1.3188960000000005	0.07173447674815803	
15A	4	a	30.334608	32.9724	31.653504	2.637792000000001	0.02371477215623896	31.653504	1.3188960000000005	0.04198841291931421	
15A	4	a	36.26964	38.247984	36.929088	1.9783439999999999	0.0287031673023721	36.929088	0.9891719999999999	0.04156718436842288	
15A	2	b	40.226328	45.501912	43.523568	5.275583999999995	-0.02597921119062252	42.86412	2.6377919999999975	-0.08537567923837086	
15A	4	a	46.16136	67.263696	55.393632	21.102335999999994	0.3646528280345258	56.712528	10.551167999999997	5.816257280788684	
15A	2	b	69.24204	71.220384	69.24204	1.9783439999999928	-0.024034490820859844	69.901488	0.9891719999999964	-0.021887934380366403	
15A	4	a	73.198728	84.409344	81.112104	11.210616000000002	0.054741964027689605	78.474312	5.605308000000001	0.49771683345868345	
15A	4	a	88.366032	93.641616	90.344376	5.275583999999995	0.05219972946322837	91.003824	2.6377919999999975	0.203273906601817	
15A	4	a	94.301064	100.895544	98.9172	6.594480000000004	0.035732255258619894	97.598304	3.297240000000002	0.19384421876207591	
15A	4	a	101.554992	104.852232	102.21444	3.297240000000002	0.038059070909696846	102.873888	1.648620000000001	0.08290507529258351	
15A	4	a	105.51168	133.208496	124.635672	27.696816	0.3236785318515718	119.360088	13.848408	6.2740979783503725	
15A	4	a	135.18684	137.824632	135.18684	2.637792000000019	0.021114838965744065	136.505736	1.3188960000000094	0.025641434439499955	
15A	2	b	139.802976	141.78132	139.802976	1.9783439999999928	-0.02958725192697753	140.462424	0.9891719999999964	-0.0286300547854359	
15A	4	a	142.440768	196.515504	187.94268	54.074736	0.2806125705266993	169.478136	27.037368	12.704204886060417	
15A	4	a	199.153296	204.42888	201.791088	5.275583999999981	0.040410854818007325	201.791088	2.6377919999999904	0.155464548135683	
15A	4	a	207.066672	258.503616	249.930792	51.43694400000001	0.3227754776962142	232.785144	25.718472000000006	13.267050983249744	
15A	4	a	259.163064	282.903192	273.67092	23.74012799999997	0.11370411364035937	271.033128	11.870063999999985	1.8515551567226982	
15A	4	a	283.56264	292.794912	286.200432	9.232272000000023	0.03527268441739562	288.178776	4.616136000000012	0.23912563325218494	
15A	4	a	295.432704	297.411048	296.092152	1.9783439999999928	0.038709233324099035	296.092152	0.9891719999999964	0.06488003991127733	
15A	4	a	298.070496	304.005528	301.367736	5.935032000000035	0.054877833822528865	300.708288	2.9675160000000176	0.2898252749636555	
15A	4	a	304.664976	315.216144	309.94056	10.551167999999961	0.0774422446757419	309.94056	5.275583999999981	0.6885298685353904	
15A	4	a	315.875592	321.151176	318.513384	5.275584000000038	0.021403805235352458	318.513384	2.637792000000019	0.10055290449274856	
15A	4	a	325.107864	338.296824	329.064552	13.188960000000009	0.05672494952307083	331.702344	6.594480000000004	0.5261058758332183	
15A	4	a	338.956272	346.2102	341.594064	7.2539279999999735	0.02789118216352482	342.253512	3.6269639999999868	0.16299691803113525	
15A	4	a	346.869648	358.739712	351.485784	11.870064000000013	0.04078798310067677	352.80468	5.935032000000007	0.4760687596624281	
15A	4	a	359.39916	362.036952	360.718056	2.6377919999999904	0.020566887415277124	360.718056	1.3188959999999952	0.039930587846291665	
15A	4	a	362.6964	365.99364	363.355848	3.297240000000045	0.03037919104148168	364.015296	1.6486200000000224	0.09493726300626582	
15A	4	a	366.653088	385.117632	381.160944	18.46454399999999	0.051236035223829246	375.88536	9.232271999999995	0.6471668695178114	
15A	4	a	385.77708	410.176656	396.328248	24.399575999999968	0.07543026667816766	397.647144	12.199787999999984	1.4053516248511522	
15A	4	a	410.836104	414.133344	410.836104	3.297240000000045	0.035949925031969476	412.155	1.6486200000000224	0.08583336993185497	
15A	4	a	416.771136	424.025064	418.74948	7.2539279999999735	0.038524389329128494	420.068376	3.6269639999999868	0.24336123397760767	
15A	4	a	424.684512	431.278992	427.981752	6.594480000000033	0.03578493498659685	427.981752	3.2972400000000164	0.15672556316059494	
15A	4	a	431.93844	437.214024	432.597888	5.275583999999981	0.02375385560435972	434.576232	2.6377919999999904	0.09996443838966174	
15A	4	a	437.873472	441.83016	439.851816	3.9566879999999855	0.03513719393444181	439.851816	1.9783439999999928	0.09858612063071981	
15A	4	a	442.489608	446.446296	444.467952	3.9566880000000424	0.034078354118678655	444.467952	1.9783440000000212	0.10671577558116829	
15A	4	a	448.42464	458.975808	451.72188	10.551167999999961	0.06115523000699574	453.700224	5.275583999999981	0.281847988194992	
15A	4	a	461.6136	466.229736	462.932496	4.616135999999983	0.026609551564852563	463.591944	2.3080679999999916	0.08301245759869058	
15A	4	a	472.164768	477.440352	475.462008	5.275584000000038	0.022570036602918897	474.80256	2.637792000000019	0.12417380017055579	
15A	4	a	478.0998	482.715936	482.056488	4.616135999999983	0.02141735201073436	480.078144	2.3080679999999916	0.09033543139682831	
15A	4	a	483.375384	488.650968	484.034832	5.275583999999981	0.04370696817281883	486.013176	2.6377919999999904	0.15350818594201543	
15A	4	a	489.310416	493.267104	489.310416	3.9566880000000424	0.015195930678680192	491.28876	1.9783440000000212	0.04169582424866847	
15A	4	a	493.926552	499.202136	496.564344	5.275583999999981	0.07200913688486987	496.564344	2.6377919999999904	0.327120910005565	
15A	4	a	501.18048	514.36944	505.796616	13.188960000000066	0.09336358202419537	507.77496	6.594480000000033	1.1042856824706473	
15A	4	a	515.028888	555.255216	548.660736	40.22632799999997	0.10536048633459938	534.812328	20.113163999999983	3.7903919102216053	
15A	4	a	555.914664	569.763072	562.509144	13.84840799999995	0.0765301706527346	562.509144	6.924203999999975	0.9916288122380748	
15A	4	a	570.42252	588.887064	573.71976	18.464544000000046	0.07151154273972216	579.654792	9.232272000000023	0.9049503978386313	
15A	4	a	589.546512	594.822096	590.20596	5.275583999999981	0.02735729544332499	592.184304	2.6377919999999904	0.0830345818216156	
15A	4	a	595.481544	598.119336	596.140992	2.6377919999999904	0.03678671990606941	596.80044	1.3188959999999952	0.04977743176973615	
15A	4	a	598.778784	600.09768	600.09768	1.3188959999999952	0.030194037558069375	599.438232	0.6594479999999976	0.016673805982492906	
16A	4	a	0.0	1.978344	0.659448	1.978344	0.020774078236486027	0.659448	0.989172	0.02446618705008341	
16A	4	a	3.956688	7.913376	4.616136	3.956688	0.027549149294504582	5.935032	1.978344	0.07173370508018917	
16A	4	a	8.572824	11.210616	9.232272	2.6377919999999992	0.02028631458597152	9.89172	1.3188959999999996	0.04293936212068805	
16A	4	a	11.870064	15.826752	15.167304	3.9566880000000015	0.028416807828022916	13.848408	1.9783440000000008	0.08426501163512845	
16A	4	a	19.123992	34.950744	23.08068	15.826751999999999	0.05748972568050248	27.037368	7.9133759999999995	0.7529178854514116	
16A	2	b	38.907432	51.436944	46.820808	12.529511999999997	-0.11954573448184025	44.842464	6.264755999999998	-1.4471286756836075	
16A	4	a	52.096392	67.263696	57.371976	15.167303999999994	0.28095223678585457	59.35032	7.583651999999997	3.372473286282053	
16A	4	a	67.923144	106.830576	70.560936	38.907432	0.11098213979719196	87.047136	19.453716	2.986553515049648	
16A	4	a	107.490024	119.360088	112.10616	11.870064	0.055509348395311076	113.425056	5.935032	0.5404507084690842	
16A	4	a	121.99788	147.056904	133.208496	25.059024000000008	0.17229643583129395	134.527392	12.529512000000004	3.6144705794258414	
16A	4	a	147.716352	150.354144	149.694696	2.6377919999999904	0.06397794191943929	149.035248	1.3188959999999952	0.11618731110699732	
16A	4	a	151.013592	162.883656	156.948624	11.870064000000013	0.05348628070902173	156.948624	5.935032000000007	0.6044309690649428	
16A	4	a	163.543104	166.840344	163.543104	3.297239999999988	0.04669038071826925	164.862	1.648619999999994	0.12365241067201671	
16A	2	b	167.499792	169.478136	168.15924	1.9783439999999928	-0.012838344966678239	168.15924	0.9891719999999964	-0.02222508458389938	
16A	2	b	170.137584	188.602128	178.710408	18.46454399999999	-0.07250336735710361	179.369856	9.232271999999995	-0.987461919902842	
16A	4	a	192.558816	201.791088	193.877712	9.232271999999995	0.061328457936351555	197.174952	4.616135999999997	0.5632711245476276	
16A	4	a	202.450536	207.72612	207.066672	5.275584000000009	0.041893049189613674	205.088328	2.6377920000000046	0.13176861647028315	
16A	4	a	208.385568	210.363912	209.704464	1.9783439999999928	0.05403315008798826	209.045016	0.9891719999999964	0.055869731520865384	
16A	4	a	211.02336	216.958392	213.001704	5.935032000000007	0.04696265022583779	213.661152	2.9675160000000034	0.20474045080244774	
16A	4	a	218.936736	240.69852	237.40128	21.761784000000006	0.0766094500774459	229.487904	10.880892000000003	1.146768668366662	
16A	4	a	241.357968	265.098096	253.88748	23.740128	0.24856782955226842	253.228032	11.870064	4.733980745291356	
16A	4	a	265.757544	271.033128	269.054784	5.275583999999981	0.09056630803245191	268.395336	2.6377919999999904	0.40960810293169736	
16A	2	b	271.692576	273.67092	271.692576	1.9783440000000496	-0.019067480520961855	272.352024	0.9891720000000248	-0.022848810280810095	
16A	4	a	274.330368	282.243744	280.2654	7.913375999999971	0.10122017026920638	278.287056	3.9566879999999855	0.6099190296256374	
16A	4	a	284.881536	321.151176	302.027184	36.26964000000004	0.28271443535673213	302.686632	18.13482000000002	11.036552935979808	
16A	4	a	321.810624	360.718056	331.042896	38.90743199999997	0.11225863810404535	340.934616	19.453715999999986	3.6225186767381414	
16A	4	a	361.377504	370.609776	364.674744	9.232272000000023	0.04597425104233821	365.99364	4.616136000000012	0.27848654926226946	
16A	4	a	371.269224	373.907016	373.247568	2.6377919999999904	0.05523424346555128	372.58812	1.3188959999999952	0.13351604814421547	
16A	4	a	374.566464	376.544808	375.225912	1.9783439999999928	0.022517971141980286	375.225912	0.9891719999999964	0.029808554903435036	
16A	4	a	377.204256	387.755424	385.77708	10.551168000000018	0.07105793601393762	382.47984	5.275584000000009	0.6946903822746295	
16A	4	a	388.414872	394.349904	391.712112	5.935031999999978	0.052435434362411826	391.052664	2.967515999999989	0.2314872993421081	
16A	4	a	396.987696	403.582176	402.922728	6.594479999999976	0.049077480466373835	400.284936	3.297239999999988	0.2355578663649187	
16A	4	a	404.241624	412.814448	408.85776	8.572824000000026	0.04565730006523028	408.198312	4.286412000000013	0.29518539311164815	
16A	4	a	413.473896	416.111688	414.133344	2.6377919999999904	0.041072735548970396	414.792792	1.3188959999999952	0.05100516620421791	
16A	4	a	416.771136	419.408928	416.771136	2.6377919999999904	0.03861594611665087	418.090032	1.3188959999999952	0.07894046034559032	
16A	4	a	422.04672	426.003408	423.365616	3.9566879999999855	0.04386292879842424	424.025064	1.9783439999999928	0.12430099920955251	
16A	4	a	428.6412	430.619544	429.300648	1.9783439999999928	0.02189118812153179	429.300648	0.9891719999999964	0.03281785679989513	
16A	4	a	433.257336	435.895128	434.576232	2.6377919999999904	0.038201849646053665	434.576232	1.3188959999999952	0.06874238772221719	
16A	4	a	436.554576	441.83016	440.511264	5.275583999999981	0.06415539112107793	439.192368	2.6377919999999904	0.27131706425273805	
16A	4	a	442.489608	444.467952	443.808504	1.9783440000000496	0.03481469363783152	443.149056	0.9891720000000248	0.047007608216664165	
16A	4	a	445.1274	464.251392	449.084088	19.123991999999987	0.06319795724038801	454.359672	9.561995999999994	0.7362400994661393	
16A	4	a	466.229736	469.526976	468.20808	3.297239999999988	0.02796510681886133	467.548632	1.648619999999994	0.04403704831714228	
16A	4	a	470.186424	488.650968	485.353728	18.46454399999999	0.08058208892155583	479.418696	9.232271999999995	0.9839281754470154	
16A	4	a	489.310416	502.499376	494.586	13.188960000000009	0.1790166394015864	495.904896	6.594480000000004	2.246123175553625	
16A	4	a	503.158824	509.093856	506.456064	5.935032000000035	0.15835376818370883	505.796616	2.9675160000000176	0.7445667836343948	
16A	2	b	509.753304	512.391096	509.753304	2.6377919999999335	-0.044179656720195304	511.0722	1.3188959999999668	-0.057036845983980844	
16A	4	a	513.050544	515.688336	513.709992	2.637792000000104	0.062406242299286596	514.36944	1.318896000000052	0.15582281416170674	
16A	4	a	517.66668	540.087912	524.920608	22.421231999999918	0.10856202742492949	528.877296	11.210615999999959	2.073057824145266	
16A	4	a	544.704048	547.34184	544.704048	2.637792000000104	0.04670529608349372	546.022944	1.318896000000052	0.043037780381781965	
16A	4	a	548.001288	549.979632	548.660736	1.9783439999999928	0.028563077456097652	548.660736	0.9891719999999964	0.046738026634534524	
16A	4	a	552.617424	558.552456	553.93632	5.935031999999978	0.027452708412874394	555.255216	2.967515999999989	0.14956563020244074	
16A	4	a	559.211904	573.060312	565.806384	13.84840799999995	0.07495523370871893	565.806384	6.924203999999975	1.0718712898157574	
16A	4	a	573.71976	600.09768	587.568168	26.377920000000017	0.131475544059791	586.90872	13.188960000000009	3.0979022780442325	
17A	4	a	1.318896	7.913376	3.956688	6.594480000000001	0.03331877518723281	4.616136	3.2972400000000004	0.21812737312984232	
17A	4	a	8.572824	15.167304	11.870064	6.594479999999999	0.036505064724892566	11.870064	3.2972399999999995	0.1838134180633687	
17A	4	a	15.826752	24.399576	19.78344	8.572823999999999	0.05100095117933967	19.78344	4.2864119999999994	0.2320022223135244	
17A	4	a	25.059024	32.312952	26.37792	7.253928000000002	0.03007714233102954	28.356264	3.626964000000001	0.13577420871354018	
17A	4	a	34.291296	36.929088	34.291296	2.6377919999999975	0.013701015956189888	35.610192	1.3188959999999987	0.02432992072043272	
17A	2	b	41.545224	46.820808	43.523568	5.275584000000002	-0.01970067582198065	44.183016	2.637792000000001	-0.05110752819660269	
17A	2	b	50.777496	58.690872	56.05308	7.9133759999999995	-0.045600967606149734	54.734184	3.9566879999999998	-0.24235444146488994	
17A	4	a	59.35032	81.112104	66.604248	21.761784	0.1278288093982627	69.901488	10.880892	2.4662420006373935	
17A	4	a	81.771552	84.409344	81.771552	2.6377920000000046	0.02603150288705458	83.090448	1.3188960000000023	0.0675525800691652	
17A	4	a	85.068792	92.982168	91.663272	7.9133759999999995	0.03265490125813053	89.02548	3.9566879999999998	0.17377790341559396	
17A	4	a	93.641616	101.554992	96.938856	7.9133759999999995	0.027611088846673848	97.598304	3.9566879999999998	0.1698386935531616	
17A	4	a	102.21444	106.171128	103.533336	3.9566879999999998	0.011390762275649502	104.192784	1.9783439999999999	0.030363952894167823	
17A	4	a	106.830576	108.80892	107.490024	1.978344000000007	0.017050016247530664	107.490024	0.9891720000000035	0.021001022156524773	
17A	4	a	109.468368	116.722296	111.446712	7.253928000000002	0.026349114183407796	112.765608	3.626964000000001	0.16266443904212058	
17A	4	a	117.381744	120.678984	120.019536	3.297240000000002	0.02455363946306388	118.70064	1.648620000000001	0.051353305113738146	
17A	4	a	122.657328	150.354144	133.867944	27.696815999999984	0.15736471135413121	136.505736	13.848407999999992	3.390927079113961	
17A	4	a	151.013592	154.97028	152.991936	3.956688000000014	0.015896882539973456	152.991936	1.978344000000007	0.05165068042441334	
17A	2	b	160.905312	166.180896	163.543104	5.275583999999981	-0.025246499516494048	163.543104	2.6377919999999904	-0.07254751063150389	
17A	2	b	168.15924	171.45648	170.137584	3.297239999999988	-0.017097868677500738	169.478136	1.648619999999994	-0.04812239492520454	
17A	2	b	172.115928	174.094272	172.775376	1.9783439999999928	-0.010098587938898396	172.775376	0.9891719999999964	-0.013476977213511931	
17A	2	b	176.072616	182.007648	180.029304	5.935031999999978	-0.01924600917201813	178.710408	2.967515999999989	-0.09749666932726064	
17A	4	a	182.667096	185.964336	183.985992	3.2972400000000164	0.007216283247379218	183.985992	1.6486200000000082	0.023564887592847694	
17A	4	a	186.623784	214.980048	203.109984	28.35626400000001	0.16805321725082534	200.472192	14.178132000000005	3.8343809031029634	
17A	4	a	218.936736	224.871768	222.233976	5.935032000000007	0.022862165668011247	221.574528	2.9675160000000034	0.11685197831910987	
17A	4	a	225.531216	230.147352	228.828456	4.616136000000012	0.024595015008603394	227.50956	2.308068000000006	0.08103897406939953	
17A	4	a	230.8068	234.763488	232.785144	3.9566879999999855	0.0260900374772548	232.785144	1.9783439999999928	0.08043184711279938	
17A	4	a	235.422936	240.69852	238.060728	5.275584000000009	0.033216874782638905	238.060728	2.6377920000000046	0.14511549199735752	
17A	2	b	243.336312	252.568584	249.271344	9.232271999999995	-0.06783894410892577	247.952448	4.616135999999997	-0.46117950465190094	
17A	4	a	253.228032	274.330368	262.460304	21.102336000000008	0.15024561144571313	263.7792	10.551168000000004	2.7560449729142507	
17A	4	a	274.989816	278.946504	276.308712	3.9566879999999855	0.044783114889408226	276.96816	1.9783439999999928	0.17545253459595012	
17A	4	a	279.605952	288.178776	282.903192	8.572824000000026	0.0857938679342769	283.56264	4.286412000000013	0.5630099723534284	
17A	4	a	288.838224	296.092152	290.816568	7.2539279999999735	0.058704701067756604	292.135464	3.6269639999999868	0.31248175469918393	
17A	2	b	296.7516	312.578352	305.983872	15.826751999999999	-0.048443077496020504	304.664976	7.9133759999999995	-0.5713194467507371	
17A	4	a	313.2378	336.977928	318.513384	23.740128000000027	0.10558785760702971	325.107864	11.870064000000013	2.2819559608576285	
17A	4	a	337.637376	347.529096	339.61572	9.891719999999964	0.02956080451827736	342.253512	4.945859999999982	0.17298765918679804	
17A	2	b	352.80468	380.501496	358.739712	27.696815999999956	-0.04416596898019254	366.653088	13.848407999999978	-0.8356748769562797	
17A	4	a	381.160944	400.284936	387.095976	19.123992000000044	0.08653444740871197	390.393216	9.561996000000022	1.4459934571766255	
17A	4	a	400.944384	418.090032	413.473896	17.145647999999994	0.03404729196149603	409.517208	8.572823999999997	0.4275650975354732	
17A	4	a	420.068376	422.706168	421.387272	2.6377919999999904	0.033205678015448825	421.387272	1.3188959999999952	0.056049280018060865	
17A	4	a	423.365616	430.619544	425.34396	7.25392800000003	0.03922249876171491	426.662856	3.626964000000015	0.22733179732914677	
17A	4	a	431.278992	441.170712	439.192368	9.891719999999964	0.028446667404066206	435.895128	4.945859999999982	0.24754716647224395	
17A	4	a	441.83016	456.338016	445.786848	14.507856000000004	0.06947255035539168	449.084088	7.253928000000002	0.8164939931866881	
17A	4	a	456.997464	458.975808	456.997464	1.9783439999999928	0.013956663623909904	457.656912	0.9891719999999964	0.012175874699759337	
17A	4	a	460.954152	462.932496	461.6136	1.9783439999999928	0.00691578824972594	461.6136	0.9891719999999964	0.007428268805953153	
17A	4	a	466.229736	478.0998	468.867528	11.870064000000013	0.028343023168827308	472.164768	5.935032000000007	0.2851329507195761	
17A	4	a	478.759248	487.332072	483.375384	8.572823999999969	0.030048695053819463	482.715936	4.286411999999984	0.24544803871061383	
17A	4	a	487.99152	524.920608	503.818272	36.929088000000036	0.17492423325277429	506.456064	18.464544000000018	4.162261816737479	
17A	2	b	529.536744	531.515088	530.196192	1.9783439999999928	-0.009293609050914586	530.196192	0.9891719999999964	-0.014772253465660468	
17A	2	b	534.15288	538.109568	537.45012	3.9566879999999855	-0.016236356142180997	536.131224	1.9783439999999928	-0.03311389093432027	
17A	4	a	541.406808	548.001288	543.385152	6.59448000000009	0.02151343145355722	544.704048	3.297240000000045	0.12043424873097341	
17A	4	a	548.660736	559.211904	549.979632	10.551167999999961	0.019393214820898175	553.93632	5.275583999999981	0.221167629105537	
17A	4	a	559.871352	582.292584	573.060312	22.421232000000032	0.0790448428878765	571.081968	11.210616000000016	0.9668480662335477	
17A	4	a	582.952032	600.09768	585.589824	17.145647999999937	0.034122930537604956	591.524856	8.572823999999969	0.3332129449390704	
18A	4	a	3.29724	8.572824	5.275584	5.275584	0.07254029556308761	5.935032	2.637792	0.34159448555655836	
18A	4	a	9.232272	15.826752	11.870064	6.594480000000001	0.05303420952651039	12.529512	3.2972400000000004	0.32433422898055875	
18A	4	a	17.805096	26.37792	23.740128	8.572824	0.02839684423433253	21.761784	4.286412	0.20577418899363098	
18A	4	a	27.037368	32.312952	30.994056	5.275584000000002	0.018482864285220835	29.67516	2.637792000000001	0.06740443320050582	
18A	4	a	32.9724	36.26964	32.9724	3.297240000000002	0.02099086716896781	34.291296	1.648620000000001	0.04460778298401891	
18A	4	a	36.929088	56.712528	48.139704	19.78344	0.03385479588176943	46.820808	9.89172	0.515888890346233	
18A	4	a	57.371976	98.9172	94.301064	41.545224	0.0449602319475404	77.814864	20.772612	1.3954413651452873	
18A	4	a	99.576648	113.425056	110.127816	13.848407999999992	0.048116594863626405	106.171128	6.924203999999996	0.459593336479569	
18A	4	a	114.084504	119.360088	117.381744	5.275584000000009	0.046149373572963226	116.722296	2.6377920000000046	0.20823640835978452	
18A	4	a	120.019536	126.614016	124.635672	6.594480000000004	0.05316406596015	123.316776	3.297240000000002	0.2551053858076171	
18A	4	a	127.273464	132.549048	131.8896	5.275583999999995	0.033800466905860915	129.911256	2.6377919999999975	0.11700637870002772	
18A	4	a	135.18684	149.035248	145.738008	13.848408000000006	0.038556655377711024	141.78132	6.924204000000003	0.5296454032052783	
18A	4	a	149.694696	159.586416	151.67304	9.89172000000002	0.03392799877320751	154.310832	4.94586000000001	0.3377541696667412	
18A	4	a	160.245864	170.137584	165.521448	9.891719999999992	0.03843819287415351	164.862	4.945859999999996	0.236490801473759	
18A	4	a	170.797032	176.072616	173.434824	5.275584000000009	0.04369470395663555	173.434824	2.6377920000000046	0.15368575220188097	
18A	4	a	176.732064	178.710408	176.732064	1.9783439999999928	0.005412162029067913	177.391512	0.9891719999999964	0.007246218576267283	
18A	4	a	179.369856	183.985992	181.3482	4.616136000000012	0.029300459237463272	181.3482	2.308068000000006	0.10308508780000847	
18A	4	a	187.94268	209.704464	195.196608	21.761784000000006	0.030888437804593716	198.493848	10.880892000000003	0.504263861139382	
18A	4	a	210.363912	216.958392	213.001704	6.594480000000004	0.014881710570793238	213.661152	3.297240000000002	0.0734240253643893	
18A	4	a	217.61784	222.893424	220.255632	5.275584000000009	0.028925944158953998	220.255632	2.6377920000000046	0.12586969593034625	
18A	4	a	223.552872	229.487904	228.169008	5.935031999999978	0.027495989871386906	226.190664	2.967515999999989	0.13841844559362249	
18A	4	a	230.147352	232.125696	230.147352	1.9783439999999928	0.01190451429403594	230.8068	0.9891719999999964	0.011527252093963547	
18A	4	a	232.785144	242.017416	236.741832	9.232271999999995	0.02975246320318492	237.40128	4.616135999999997	0.19825634968569605	
18A	4	a	242.676864	248.611896	246.633552	5.935032000000007	0.03232604068477207	245.314656	2.9675160000000034	0.1691686151236398	
18A	4	a	249.271344	261.141408	257.844168	11.870064000000013	0.04815837098764342	255.206376	5.935032000000007	0.47725654710134335	
18A	4	a	261.800856	268.395336	267.07644	6.594479999999976	0.03426411372703453	265.098096	3.297239999999988	0.1792883916042306	
18A	4	a	269.054784	277.627608	276.308712	8.572824000000026	0.03700810027862467	273.011472	4.286412000000013	0.24478520276565774	
18A	4	a	278.287056	285.540984	282.243744	7.2539279999999735	0.04661449038512866	281.584296	3.6269639999999868	0.3340238212770761	
18A	4	a	286.200432	304.005528	295.432704	17.80509600000005	0.04605960763896677	294.773256	8.902548000000024	0.5730578786837451	
18A	4	a	304.664976	336.977928	319.83228	32.312951999999996	0.05895389336885537	320.491728	16.156475999999998	1.5981925590717547	
18A	4	a	337.637376	341.594064	337.637376	3.9566879999999855	0.014242655840968066	339.61572	1.9783439999999928	0.047074717569463465	
18A	4	a	342.253512	345.550752	344.231856	3.297239999999988	0.01652910917915862	343.572408	1.648619999999994	0.031075893752892214	
18A	4	a	346.2102	354.783024	351.485784	8.572824000000026	0.028938901636348824	350.166888	4.286412000000013	0.2098816878963483	
18A	4	a	355.442472	360.718056	356.10192	5.275583999999981	0.013923218984544405	358.080264	2.6377919999999904	0.05629606031265122	
18A	4	a	361.377504	375.225912	372.58812	13.848408000000006	0.02803794269427673	367.971984	6.924204000000003	0.3344280125349345	
18A	4	a	375.88536	389.07432	379.1826	13.188960000000009	0.036922657263092074	382.47984	6.594480000000004	0.3787097655231093	
18A	4	a	389.733768	412.814448	410.176656	23.08068000000003	0.04691199332216578	400.944384	11.540340000000015	0.7272124477959053	
18A	4	a	413.473896	418.090032	416.771136	4.616135999999983	0.03374648645400047	415.45224	2.3080679999999916	0.13923221201837033	
18A	4	a	418.74948	427.322304	422.04672	8.572823999999969	0.03614273807821777	422.706168	4.286411999999984	0.23016967570585634	
18A	4	a	427.981752	436.554576	432.597888	8.572824000000026	0.04572961839953482	431.93844	4.286412000000013	0.33415011682434215	
18A	4	a	437.214024	447.765192	443.808504	10.551168000000018	0.04030413673868494	442.489608	5.275584000000009	0.3745988276757979	
18A	4	a	448.42464	465.570288	458.975808	17.145647999999994	0.04360178390016678	456.997464	8.572823999999997	0.6183858430589411	
18A	4	a	467.548632	470.845872	468.867528	3.297239999999988	0.022000035063424406	468.867528	1.648619999999994	0.06496306977047961	
18A	4	a	471.50532	491.28876	482.715936	19.78344000000004	0.03308759963416086	481.39704	9.89172000000002	0.47325644487463314	
18A	4	a	491.948208	499.202136	496.564344	7.2539279999999735	0.01783315833725374	495.245448	3.6269639999999868	0.0729381998276295	
18A	4	a	501.18048	505.137168	501.839928	3.9566879999999855	0.023657512623850963	503.158824	1.9783439999999928	0.09684552545196878	
18A	4	a	505.796616	516.347784	510.412752	10.551168000000075	0.01898521534750497	511.0722	5.275584000000038	0.20117011144884211	
18A	4	a	517.007232	518.985576	518.326128	1.9783439999999928	0.029994937684699297	517.66668	0.9891719999999964	0.03944862425555873	
18A	4	a	522.282816	577.017	526.239504	54.73418400000003	0.043805875412033846	549.320184	27.367092000000014	1.6906706732211108	
18A	4	a	577.676448	590.20596	582.952032	12.529511999999954	0.0246395969304114	583.61148	6.264755999999977	0.19360925637833482	
18A	4	a	590.865408	600.09768	592.184304	9.232271999999966	0.02829979237562763	595.481544	4.616135999999983	0.18225776397029503	
19A	4	a	0.0	6.59448	1.978344	6.59448	0.038243682283108926	3.29724	3.29724	0.19980007981000047	
19A	4	a	7.253928	10.551168	9.232272	3.2972400000000004	0.030201103987281375	8.572824	1.6486200000000002	0.10000186570534664	
19A	4	a	15.826752	31.653504	26.37792	15.826752	0.03782414796662992	23.740128	7.913376	0.45602525738665256	
19A	4	a	33.631848	40.226328	33.631848	6.594480000000004	0.034484814242005335	36.929088	3.297240000000002	0.18998846206581133	
19A	4	a	42.204672	53.415288	44.842464	11.210615999999995	0.032726953771585965	47.480256	5.605307999999997	0.25572789292547204	
19A	4	a	54.074736	58.031424	57.371976	3.9566879999999998	0.016026121170693575	56.05308	1.9783439999999999	0.03909949397593715	
19A	4	a	60.669216	66.604248	61.988112	5.935032	0.01917355497582074	63.307008	2.967516	0.08282462935814883	
19A	4	a	67.263696	73.858176	69.901488	6.594480000000004	0.015227102619073785	70.560936	3.297240000000002	0.08812531709402249	
19A	4	a	74.517624	81.112104	77.814864	6.594480000000004	0.02912002823111437	77.814864	3.297240000000002	0.17842350802554774	
19A	4	a	83.090448	87.047136	85.068792	3.9566879999999998	0.02711227537969041	85.068792	1.9783439999999999	0.09221196397600884	
19A	4	a	89.684928	93.641616	91.003824	3.9566879999999998	0.024740022633215508	91.663272	1.9783439999999999	0.07550660001587595	
19A	4	a	94.301064	116.062848	96.938856	21.761784000000006	0.04465036053767757	104.852232	10.880892000000003	0.6160477188125391	
19A	4	a	116.722296	124.635672	119.360088	7.9133759999999995	0.05195777063153395	120.678984	3.9566879999999998	0.40160094874221564	
19A	4	a	125.29512	131.230152	126.614016	5.935032000000007	0.048950576586725525	127.932912	2.9675160000000034	0.30124225702944485	
19A	4	a	131.8896	139.143528	134.527392	7.253928000000002	0.03823284465568677	135.18684	3.626964000000001	0.22812672369025433	
19A	4	a	139.802976	151.67304	147.716352	11.870063999999985	0.03526279625912765	145.738008	5.9350319999999925	0.28153401729020366	
19A	4	a	152.332488	156.289176	154.310832	3.9566879999999855	0.01756019619314908	154.310832	1.9783439999999928	0.05576212195185559	
19A	4	a	158.26752	164.862	161.56476	6.594480000000004	0.048791480234476436	161.56476	3.297240000000002	0.296826781092831	
19A	4	a	165.521448	172.115928	166.840344	6.594480000000004	0.05404157207840221	168.818688	3.297240000000002	0.30035874125581385	
19A	4	a	172.775376	180.688752	178.05096	7.9133759999999995	0.04901087209269539	176.732064	3.9566879999999998	0.3524731220193341	
19A	4	a	181.3482	188.602128	185.304888	7.253928000000002	0.06243270096432019	184.64544	3.626964000000001	0.4515447838356057	
19A	4	a	189.261576	199.153296	192.558816	9.89172000000002	0.0585564342186613	193.877712	4.94586000000001	0.4570519282333433	
19A	4	a	199.812744	206.407224	202.450536	6.594480000000004	0.04889883551527596	203.109984	3.297240000000002	0.3104919717317193	
19A	4	a	207.066672	212.342256	209.045016	5.275583999999981	0.06001318699887381	209.704464	2.6377919999999904	0.25701768748807796	
19A	4	a	213.001704	218.936736	216.298944	5.935032000000007	0.024956309775597596	215.639496	2.9675160000000034	0.09868610723379567	
19A	4	a	220.91508	226.850112	221.574528	5.935032000000007	0.06197331645706883	223.552872	2.9675160000000034	0.23835149352975615	
19A	4	a	227.50956	235.422936	230.8068	7.9133759999999995	0.052228917085030524	231.466248	3.9566879999999998	0.35141751805769494	
19A	4	a	236.082384	245.314656	238.720176	9.232272000000023	0.0412146854148876	240.69852	4.616136000000012	0.2964005248512114	
19A	4	a	245.974104	251.909136	246.633552	5.935031999999978	0.03971044072352381	248.611896	2.967515999999989	0.2182661760852973	
19A	4	a	252.568584	266.416992	262.460304	13.848408000000006	0.05422453093155588	259.163064	6.924204000000003	0.48375273591532486	
19A	4	a	267.07644	273.011472	272.352024	5.935032000000035	0.026903201372890706	269.714232	2.9675160000000176	0.14511638101288726	
19A	4	a	274.989816	290.15712	282.243744	15.167304000000001	0.04362386661327955	282.243744	7.583652000000001	0.4452652922711061	
19A	4	a	290.816568	305.983872	300.708288	15.167304000000001	0.06418821985467882	298.070496	7.583652000000001	0.7069860145088351	
19A	4	a	306.64332	310.600008	307.302768	3.9566879999999855	0.04372640922157833	308.621664	1.9783439999999928	0.15964392649062586	
19A	4	a	311.259456	326.42676	315.216144	15.167304000000001	0.02453683863705014	318.513384	7.583652000000001	0.3257724118096861	
19A	4	a	329.064552	339.61572	329.724	10.551168000000018	0.043926322651616445	334.340136	5.275584000000009	0.3411204515345613	
19A	4	a	340.275168	348.847992	346.869648	8.572823999999969	0.04039424734828878	344.231856	4.286411999999984	0.34993838986364223	
19A	4	a	349.50744	358.080264	351.485784	8.572824000000026	0.05257690870056919	353.464128	4.286412000000013	0.3362175421556911	
19A	4	a	360.058608	364.015296	360.718056	3.9566879999999855	0.017750881134673824	362.036952	1.9783439999999928	0.06258334327417958	
19A	4	a	364.674744	369.950328	366.653088	5.275584000000038	0.029946878872999516	367.312536	2.637792000000019	0.13982512539441905	
19A	4	a	370.609776	400.284936	395.009352	29.675160000000005	0.06812379095924159	385.117632	14.837580000000003	1.4893990324506912	
19A	4	a	400.944384	416.111688	403.582176	15.167304000000001	0.07278968908352934	408.198312	7.583652000000001	0.7814406728857575	
19A	4	a	416.771136	429.960096	426.003408	13.188960000000009	0.05119533739897686	423.365616	6.594480000000004	0.5172499857066327	
19A	4	a	430.619544	441.170712	435.895128	10.551167999999961	0.07707248499730124	435.895128	5.275583999999981	0.5038305650335857	
19A	4	a	445.1274	449.743536	446.446296	4.616135999999983	0.05388963016823434	447.105744	2.3080679999999916	0.23411188577315423	
19A	4	a	450.402984	461.6136	453.040776	11.210616000000016	0.0681288020654498	455.678568	5.605308000000008	0.4787569808327927	
19A	4	a	462.273048	475.462008	473.483664	13.188960000000009	0.05748359525760738	468.867528	6.594480000000004	0.613581986861069	
19A	4	a	476.121456	487.332072	481.39704	11.210615999999959	0.06366937404725714	481.39704	5.6053079999999795	0.4563569044615383	
19A	4	a	489.310416	491.948208	489.969864	2.637792000000047	0.04327432166570677	490.629312	1.3188960000000236	0.09239219342822125	
19A	4	a	492.607656	496.564344	493.926552	3.9566879999999855	0.03099721766796293	494.586	1.9783439999999928	0.08975284940492667	
19A	4	a	497.223792	503.158824	498.542688	5.935031999999978	0.03215753942831334	499.861584	2.967515999999989	0.17502101309426132	
19A	4	a	503.818272	509.753304	505.796616	5.935032000000035	0.03973133905337045	506.456064	2.9675160000000176	0.1927637318101807	
19A	4	a	510.412752	517.007232	511.731648	6.594480000000033	0.03218526577614478	513.709992	3.2972400000000164	0.15935812534098426	
19A	4	a	517.66668	526.239504	519.645024	8.572823999999969	0.05255452778033165	521.623368	4.286411999999984	0.3174418836492192	
19A	4	a	526.898952	531.515088	530.196192	4.616135999999983	0.0464130377564651	528.877296	2.3080679999999916	0.20531480554684334	
19A	4	a	533.493432	536.131224	534.15288	2.6377919999999904	0.018899863117795235	534.812328	1.3188959999999952	0.042123384068780356	
19A	4	a	536.790672	548.001288	541.406808	11.210616000000073	0.04894384552337705	542.066256	5.605308000000036	0.37699148747255373	
19A	4	a	549.979632	553.93632	551.957976	3.9566879999999855	0.022783946738082594	551.957976	1.9783439999999928	0.08294200942436891	
19A	4	a	555.914664	557.893008	555.914664	1.9783439999999928	0.028123365904375808	556.574112	0.9891719999999964	0.024296932475044275	
19A	4	a	558.552456	560.5308	558.552456	1.9783439999999928	0.009811393765490228	559.211904	0.9891719999999964	0.012267609291799486	
19A	4	a	561.190248	564.487488	563.168592	3.297239999999988	0.019633571659830817	562.509144	1.648619999999994	0.03258914394002166	
19A	4	a	566.465832	577.676448	567.12528	11.210616000000073	0.03058396343648373	571.741416	5.605308000000036	0.32073514666635206	
19A	4	a	578.335896	582.292584	579.654792	3.9566879999999855	0.01910302669542263	580.31424	1.9783439999999928	0.04916070827761054	
19A	4	a	582.952032	600.09768	600.09768	17.145647999999937	0.05054358344397025	591.524856	8.572823999999969	0.4507098357938426	
