										Kaede_Unfed#11_Anterograde_evts_formatted.txt
ROI	Quadrant	Direction	Start time (s)	End time (s)	Peak time (s)	Duration (s)	Amplitude	Midpoint (s)	Half Duration(s)	AUC
8A	2	b	0.0	8.572824	0.0	8.572824	-0.7174967357324054	3.956688	4.286412	-3.5371231976889232	
8A	4	a	10.551168	26.37792	15.826752	15.826751999999999	2.2471645955310775	18.464544	7.9133759999999995	15.690307941584997	
8A	4	a	28.356264	82.431	72.53928	54.074736	3.4848772188186636	55.393632	27.037368	133.66602740500397	
8A	4	a	83.090448	136.505736	121.99788	53.41528800000002	2.163275869324581	109.468368	26.70764400000001	102.05685746130007	
8A	4	a	137.165184	188.602128	178.05096	51.43694399999998	1.6537146775609015	162.883656	25.71847199999999	60.39655284758338	
8A	4	a	189.261576	235.422936	225.531216	46.16136	3.8864800994250936	212.342256	23.08068	112.26191172909324	
8A	4	a	238.060728	282.243744	269.714232	44.18301599999998	3.4160597845322123	259.822512	22.09150799999999	110.79572970466472	
8A	4	a	282.903192	338.296824	329.064552	55.393632000000025	3.33509307820289	310.600008	27.696816000000013	140.73861422101962	
8A	4	a	341.594064	386.436528	374.566464	44.84246400000001	2.8703782996595253	364.015296	22.421232000000003	95.42680590848296	
8A	2	b	387.095976	399.625488	395.6688	12.529512000000011	-0.1890032357182747	393.031008	6.2647560000000055	-1.756725637268075	
8A	4	a	400.284936	417.430584	406.879416	17.145647999999994	0.8370209707195393	408.85776	8.572823999999997	12.360129996715571	
8A	4	a	418.090032	440.511264	431.278992	22.421231999999975	2.200988113742283	429.300648	11.210615999999987	33.868686682247095	
8A	2	b	441.170712	445.786848	442.489608	4.61613600000004	-0.12271363357984999	443.149056	2.30806800000002	-0.4805663259824102	
8A	4	a	446.446296	478.759248	454.359672	32.312951999999996	1.1148317867055235	462.273048	16.156475999999998	31.99812440385447	
8A	4	a	479.418696	491.28876	484.69428	11.870064000000013	1.8442876258087697	485.353728	5.935032000000007	21.326452394099494	
8A	2	b	491.948208	497.88324	495.245448	5.935031999999978	-0.1649673178515556	494.586	2.967515999999989	-0.9818740703747288	
8A	4	a	498.542688	547.34184	540.74736	48.79915200000005	4.3400915283702854	522.942264	24.399576000000025	129.29630092547237	
8A	4	a	550.63908	577.017	564.487488	26.377920000000017	1.1331416835734753	563.82804	13.188960000000009	27.489160707190326	
8A	4	a	577.676448	600.09768	592.843752	22.421231999999918	2.2196443512738515	588.887064	11.210615999999959	28.908374259394357	
9A	4	a	0.0	7.253928	0.659448	7.253928	0.41389361169621175	3.29724	3.626964	2.4528330456505723	
9A	2	b	9.89172	15.826752	15.167304	5.935032000000001	-0.2564437969450726	12.529512	2.9675160000000007	-1.1548826774589287	
9A	4	a	16.4862	34.291296	24.399576	17.805096000000002	2.076478613912478	25.059024	8.902548000000001	32.360595543715235	
9A	2	b	34.950744	37.588536	36.26964	2.6377919999999975	-0.0794076154630119	36.26964	1.3188959999999987	-0.17593608291569574	
9A	4	a	38.247984	41.545224	38.907432	3.297239999999995	0.09966925872057342	39.56688	1.6486199999999975	0.21039142170372616	
9A	2	b	42.204672	73.198728	67.923144	30.994056	-0.6269967687449318	57.371976	15.497028	-17.811606851201322	
9A	4	a	73.858176	90.344376	77.155416	16.486199999999997	1.824143085407366	81.771552	8.243099999999998	25.89115343812695	
9A	2	b	91.003824	94.960512	92.32272	3.9566879999999998	-0.1481042605146916	92.982168	1.9783439999999999	-0.45892745309438343	
9A	4	a	95.61996	108.80892	98.257752	13.188959999999994	0.26120632480394246	102.21444	6.594479999999997	2.369918919925173	
9A	4	a	109.468368	120.678984	116.722296	11.210616000000002	0.12889085297035852	114.743952	5.605308000000001	1.1175933611116293	
9A	4	a	123.316776	141.78132	131.230152	18.46454399999999	1.1402511663089525	132.549048	9.232271999999995	17.36392159014075	
9A	4	a	142.440768	159.586416	151.013592	17.145648000000023	0.49473758008380386	151.013592	8.572824000000011	7.467337411273602	
9A	2	b	160.245864	180.029304	176.732064	19.783439999999985	-0.45986267682791837	170.137584	9.891719999999992	-7.803713231147264	
9A	4	a	180.688752	193.218264	187.283232	12.529512000000011	0.8616412482508933	186.623784	6.2647560000000055	10.380504018369148	
9A	4	a	193.877712	214.980048	203.769432	21.102336000000008	1.093670004972111	204.42888	10.551168000000004	17.38443453457288	
9A	2	b	216.958392	222.233976	218.936736	5.275584000000009	-0.09111548675082926	219.596184	2.6377920000000046	-0.276341087805855	
9A	4	a	222.893424	247.293	228.828456	24.399575999999996	2.376956552120334	234.763488	12.199787999999998	49.73892011185027	
9A	4	a	252.568584	265.757544	255.865824	13.188960000000009	0.29131940179993165	259.163064	6.594480000000004	3.5969754776567906	
9A	4	a	266.416992	307.302768	273.011472	40.88577600000002	2.200955399475701	286.85988	20.44288800000001	85.53912967105185	
9A	2	b	307.962216	323.12952	320.491728	15.167304000000001	-0.5013988607167139	315.216144	7.583652000000001	-5.693349146141114	
9A	4	a	323.788968	346.869648	340.275168	23.080679999999973	1.6195038222045355	334.999584	11.540339999999986	34.36754648671091	
9A	4	a	347.529096	352.145232	348.847992	4.61613600000004	0.11460456941791719	349.50744	2.30806800000002	0.37491148952208286	
9A	2	b	354.123576	377.204256	370.609776	23.080679999999973	-0.6373132819216414	365.334192	11.540339999999986	-13.33688238055323	
9A	4	a	377.863704	400.284936	389.07432	22.421232000000032	1.1026751095298257	389.07432	11.210616000000016	19.73264834171484	
9A	4	a	400.944384	418.74948	406.879416	17.805095999999992	0.6229223124582317	409.517208	8.902547999999996	9.47535451868029	
9A	4	a	419.408928	421.387272	420.727824	1.9783439999999928	0.03559860728997499	420.068376	0.9891719999999964	0.03859168004423186	
9A	2	b	423.365616	431.93844	429.960096	8.572824000000026	-0.22761228270835954	427.322304	4.286412000000013	-1.6210868749298375	
9A	4	a	432.597888	451.72188	441.83016	19.123991999999987	1.359976675670902	441.83016	9.561995999999994	24.480212881964682	
9A	4	a	452.381328	461.6136	456.997464	9.232272000000023	0.22379149574126345	456.997464	4.616136000000012	1.5550131318654175	
9A	2	b	463.591944	487.99152	477.440352	24.399575999999968	-0.3402120459328639	475.462008	12.199787999999984	-7.616736463255828	
9A	4	a	488.650968	503.818272	494.586	15.167304000000001	1.0345853264196299	495.904896	7.583652000000001	12.062219514715942	
9A	4	a	504.47772	517.007232	508.434408	12.529512000000068	0.26637258747498205	510.412752	6.264756000000034	2.758089622419409	
9A	2	b	520.96392	530.85564	527.5584	9.891719999999964	-0.1378753187402495	525.580056	4.945859999999982	-0.9383240408425477	
9A	4	a	531.515088	533.493432	531.515088	1.9783439999999928	0.06093072687901646	532.174536	0.9891719999999964	0.05527033271052639	
9A	4	a	536.790672	538.769016	537.45012	1.9783439999999928	0.055074795936346455	537.45012	0.9891719999999964	0.09030752620601223	
9A	4	a	540.74736	559.211904	548.001288	18.464544000000046	2.4230823473103227	549.979632	9.232272000000023	39.61681942817907	
9A	2	b	559.871352	562.509144	560.5308	2.6377919999999904	-0.11195266957390171	561.190248	1.3188959999999952	-0.2020354153188877	
9A	4	a	563.168592	600.09768	599.438232	36.92908799999998	1.891425283014641	581.633136	18.46454399999999	23.240574374102366	
10A	4	a	1.978344	16.4862	4.616136	14.507856	0.09337900941030775	9.232272	7.253928	0.9981808697721475	
10A	2	b	17.145648	21.102336	20.442888	3.9566879999999998	-0.12981355039188802	19.123992	1.9783439999999999	-0.5258338980013204	
10A	4	a	21.761784	44.183016	31.653504	22.421232000000003	2.0081276741557454	32.9724	11.210616000000002	31.628353481485398	
10A	2	b	44.842464	80.452656	73.198728	35.610192000000005	-1.0974214239507347	62.64756	17.805096000000002	-36.60618506934803	
10A	4	a	81.112104	100.236096	89.02548	19.123992	1.7490862258297684	90.344376	9.561996	29.42776037183352	
10A	4	a	100.895544	105.51168	102.21444	4.616135999999997	0.09477052666289776	102.873888	2.3080679999999987	0.39951652593824827	
10A	2	b	106.171128	132.549048	125.29512	26.377920000000003	-0.33409480077701836	119.360088	13.188960000000002	-6.964668900550377	
10A	4	a	133.208496	154.97028	142.440768	21.761784000000006	1.3012334602836777	143.759664	10.880892000000003	25.714323889541223	
10A	4	a	155.629728	180.688752	166.840344	25.059023999999994	0.28185075299214546	168.15924	12.529511999999997	5.587682149629776	
10A	4	a	181.3482	207.72612	193.218264	26.377920000000017	1.3538746636201249	194.53716	13.188960000000009	22.67542231060495	
10A	2	b	208.385568	228.828456	226.190664	20.442887999999982	-0.7447615053882348	218.277288	10.221443999999991	-14.557711656110117	
10A	4	a	229.487904	255.865824	242.676864	26.377920000000017	1.6676658149577168	242.676864	13.188960000000009	40.45471571391314	
10A	2	b	256.525272	274.989816	270.37368	18.464544000000046	-0.7155263423806506	265.757544	9.232272000000023	-10.898947417057093	
10A	4	a	275.649264	300.04884	285.540984	24.399575999999968	0.9993120836030593	287.519328	12.199787999999984	19.496923034841085	
10A	4	a	302.027184	304.664976	302.686632	2.637792000000047	0.16917998095867315	303.34608	1.3188960000000236	0.40755022526281826	
10A	2	b	305.324424	332.361792	323.788968	27.037367999999958	-0.7506430135642939	318.513384	13.518683999999979	-21.06240160363876	
10A	4	a	333.02124	356.10192	344.891304	23.08068000000003	1.3738726649027049	344.231856	11.540340000000015	25.392827750216718	
10A	4	a	356.761368	363.355848	360.058608	6.594479999999976	0.3151988870010083	360.058608	3.297239999999988	1.5400325352019921	
10A	2	b	364.015296	367.312536	364.015296	3.297240000000045	-0.1154297611237185	365.334192	1.6486200000000224	-0.3106959798757849	
10A	4	a	369.950328	375.225912	374.566464	5.275583999999981	0.12810158572219255	372.58812	2.6377919999999904	0.47106338514137924	
10A	4	a	375.88536	409.517208	398.306592	33.63184799999999	1.3916647293184283	392.37156	16.815923999999995	34.710569807633455	
10A	4	a	413.473896	427.322304	417.430584	13.84840799999995	0.17032812028466937	420.068376	6.924203999999975	1.8123433409257983	
10A	4	a	429.960096	431.93844	429.960096	1.9783439999999928	0.06279138039645726	430.619544	0.9891719999999964	0.06503978967826285	
10A	4	a	432.597888	439.192368	437.214024	6.594479999999976	0.09071663879373881	435.895128	3.297239999999988	0.48548296260674784	
10A	2	b	439.851816	442.489608	441.170712	2.6377919999999904	-0.05093467748415037	441.170712	1.3188959999999952	-0.10497171126293336	
10A	4	a	443.149056	460.954152	449.743536	17.80509600000005	1.1986198597739586	451.72188	8.902548000000024	11.326506360803485	
10A	4	a	461.6136	486.672624	476.121456	25.059023999999965	0.3384282541179666	474.143112	12.529511999999983	6.002448818944055	
10A	4	a	487.332072	511.731648	501.18048	24.399576000000025	1.3404290549926117	499.202136	12.199788000000012	17.947897066884273	
10A	2	b	513.709992	517.007232	515.028888	3.297239999999988	-0.0574541320117854	515.028888	1.648619999999994	-0.12442915289233647	
10A	4	a	517.66668	530.85564	520.96392	13.188959999999952	0.2538965010131724	524.26116	6.594479999999976	2.4900272947958695	
10A	2	b	533.493432	543.385152	541.406808	9.891719999999964	-0.16944642743087224	538.109568	4.945859999999982	-1.5096636777567973	
10A	4	a	544.0446	567.12528	555.914664	23.08068000000003	2.038531905784004	555.255216	11.540340000000015	32.31360410710417	
10A	4	a	567.784728	590.865408	576.357552	23.08068000000003	0.2970368568355717	578.995344	11.540340000000015	5.241845489042381	
10A	4	a	591.524856	593.5032	591.524856	1.9783439999999928	0.08555007158592698	592.184304	0.9891719999999964	0.14294490468858534	
10A	4	a	594.162648	600.09768	600.09768	5.935031999999978	1.004009308882769	596.80044	2.967515999999989	2.1837599172396884	
11A	4	a	0.0	1.978344	0.0	1.978344	0.08948367707378369	0.659448	0.989172	0.11652591417485314	
11A	4	a	2.637792	14.507856	11.210616	11.870064	0.09833220086129613	8.572824	5.935032	1.0963408169322322	
11A	4	a	15.167304	52.75584	34.950744	37.588536	1.1464791327164434	33.631848	18.794268	29.264814432684204	
11A	2	b	53.415288	85.068792	77.814864	31.653504000000005	-0.39252605943881047	69.24204	15.826752000000003	-12.839358655994511	
11A	4	a	85.72824	110.127816	91.663272	24.399575999999996	1.2525060693452081	97.598304	12.199787999999998	25.074341342537625	
11A	2	b	110.787264	146.397456	140.462424	35.61019200000001	-0.542651139735864	128.59236	17.805096000000006	-15.149765397402227	
11A	4	a	147.056904	164.862	154.97028	17.805095999999992	0.7263259004754792	155.629728	8.902547999999996	11.301336073294362	
11A	4	a	165.521448	168.818688	166.840344	3.2972400000000164	0.08673268687186297	166.840344	1.6486200000000082	0.2518809641134405	
11A	2	b	169.478136	197.8344	186.623784	28.35626399999998	-0.4453921684317752	183.326544	14.17813199999999	-10.926378504264026	
11A	4	a	198.493848	220.255632	211.02336	21.761783999999977	0.6188826516289199	209.045016	10.880891999999989	9.319675942555733	
11A	2	b	220.91508	236.082384	228.169008	15.167304000000001	-0.3100361884959373	228.169008	7.583652000000001	-4.586922180070555	
11A	4	a	236.741832	264.438648	251.909136	27.696816000000013	1.2821681719410831	250.59024	13.848408000000006	26.97819708714182	
11A	2	b	266.416992	284.222088	276.96816	17.805095999999992	-0.48065096577125743	274.989816	8.902547999999996	-8.652031872781382	
11A	4	a	284.881536	297.411048	290.816568	12.529512000000011	0.31278403381476494	290.816568	6.2647560000000055	3.0710614098399014	
11A	4	a	298.070496	312.578352	304.005528	14.507856000000004	0.5337048976546184	305.324424	7.253928000000002	5.912498804395073	
11A	4	a	313.2378	325.107864	315.216144	11.870064000000013	0.4259687484789927	319.172832	5.935032000000007	3.5126053855684685	
11A	2	b	325.767312	342.253512	334.999584	16.486199999999997	-0.268684110084882	333.680688	8.243099999999998	-3.2456705573583324	
11A	4	a	342.91296	359.39916	351.485784	16.486199999999997	1.1301677700999289	350.826336	8.243099999999998	17.551623328117046	
11A	4	a	360.058608	372.58812	364.015296	12.529512000000011	0.41932423657234086	365.99364	6.2647560000000055	4.599940250263295	
11A	2	b	373.247568	377.863704	375.225912	4.616135999999983	-0.1318163828025929	375.225912	2.3080679999999916	-0.5036895828107886	
11A	4	a	378.523152	395.6688	379.842048	17.145647999999994	0.3022300548302592	387.095976	8.572823999999997	3.6519127208237054	
11A	4	a	396.328248	412.155	401.603832	15.826751999999999	0.4557564175830322	404.241624	7.9133759999999995	6.607657969530498	
11A	4	a	412.814448	419.408928	416.771136	6.594479999999976	0.1363894443099447	416.111688	3.297239999999988	0.7911084981207637	
11A	2	b	421.387272	427.322304	423.365616	5.935031999999978	-0.09982363409663542	424.025064	2.967515999999989	-0.4323705605386259	
11A	2	b	431.93844	434.576232	431.93844	2.6377919999999904	-0.05356874216389507	433.257336	1.3188959999999952	-0.0823566637866362	
11A	4	a	441.170712	449.084088	445.786848	7.913376000000028	0.10769823574005688	445.1274	3.956688000000014	0.8873658620232576	
11A	4	a	449.743536	476.780904	455.678568	27.037368000000015	0.6411700333803498	462.932496	13.518684000000007	15.645769975595849	
11A	2	b	478.759248	501.18048	492.607656	22.421231999999975	-0.179534668336089	489.969864	11.210615999999987	-3.15238794372637	
11A	4	a	501.839928	528.877296	516.347784	27.037368000000015	0.7006942847773283	515.028888	13.518684000000007	14.521003740976385	
11A	2	b	534.15288	538.109568	537.45012	3.9566879999999855	-0.03139826663932954	536.131224	1.9783439999999928	-0.0915477246654568	
11A	4	a	538.769016	541.406808	539.428464	2.6377919999999904	0.022115297121067634	540.087912	1.3188959999999952	0.040774406152713105	
11A	4	a	542.066256	546.682392	545.363496	4.616136000000097	0.16108750336365407	544.0446	2.3080680000000484	0.5293083355732153	
11A	4	a	547.34184	549.979632	548.660736	2.6377919999999904	0.09615778188165613	548.660736	1.3188959999999952	0.14846928225670064	
11A	4	a	553.276872	573.71976	560.5308	20.442887999999925	1.0543205694098603	563.168592	10.221443999999963	18.223314913830375	
11A	2	b	576.357552	600.09768	600.09768	23.740127999999913	-0.9459867742486523	588.227616	11.870063999999957	-20.603836559821413	
12A	4	a	2.637792	8.572824	4.616136	5.9350320000000005	0.11535931704937319	5.275584	2.9675160000000003	0.5350698871761224	
12A	4	a	9.232272	31.653504	24.399576	22.421232000000003	0.17964144827573136	20.442888	11.210616000000002	3.6362098471317905	
12A	4	a	32.312952	42.86412	40.226328	10.551167999999997	0.3271127549920694	37.588536	5.2755839999999985	2.93709157955119	
12A	4	a	44.842464	63.966456	48.799152	19.123992	0.3258109888592928	54.074736	9.561996	4.302779386485016	
12A	4	a	64.625904	71.879832	67.923144	7.253927999999988	0.1087368388551413	67.923144	3.626963999999994	0.4631881886655176	
12A	4	a	72.53928	87.706584	77.155416	15.167304000000001	0.19034763407065647	79.793208	7.583652000000001	2.5586693987910905	
12A	4	a	91.003824	108.80892	97.598304	17.805096000000006	0.4985057225343992	99.576648	8.902548000000003	6.391523202882083	
12A	4	a	109.468368	118.041192	111.446712	8.572823999999997	0.173339141000576	113.425056	4.286411999999999	1.4072956013265725	
12A	4	a	118.70064	123.316776	121.99788	4.616135999999997	0.07500634793755179	120.678984	2.3080679999999987	0.3261005820243459	
12A	2	b	123.976224	149.035248	140.462424	25.059023999999994	-0.20661005203156435	136.505736	12.529511999999997	-4.797404267679429	
12A	4	a	149.694696	176.732064	153.651384	27.037368000000015	0.6565312572719781	162.883656	13.518684000000007	13.830008102647128	
12A	2	b	180.688752	182.667096	182.007648	1.9783439999999928	-0.025905776595280372	181.3482	0.9891719999999964	-0.020799515238295818	
12A	2	b	183.326544	197.174952	185.964336	13.848407999999978	-0.12254757461678167	189.921024	6.924203999999989	-1.347686058831162	
12A	4	a	197.8344	212.342256	208.385568	14.507856000000004	0.30176738338769393	205.088328	7.253928000000002	3.6985840839068924	
12A	4	a	213.001704	220.255632	215.639496	7.253928000000002	0.16684431060209537	216.298944	3.626964000000001	1.0343507714062699	
12A	4	a	220.91508	224.21232	222.233976	3.2972400000000164	0.03353158922104438	222.233976	1.6486200000000082	0.10280160250160808	
12A	2	b	228.828456	247.293	243.99576	18.464544000000018	-0.12897107084995962	238.060728	9.232272000000009	-1.9169195831014822	
12A	4	a	247.952448	269.054784	256.525272	21.10233599999998	1.4863888799013907	258.503616	10.55116799999999	20.44769095368373	
12A	4	a	271.033128	280.2654	274.989816	9.232272000000023	0.1776936861366636	275.649264	4.616136000000012	1.1986995020228401	
12A	2	b	282.243744	284.881536	284.222088	2.6377919999999904	-0.05446204482383088	283.56264	1.3188959999999952	-0.08360470557192112	
12A	2	b	285.540984	288.838224	286.85988	3.297240000000045	-0.05861114035500936	286.85988	1.6486200000000224	-0.11641085258158235	
12A	4	a	290.816568	323.788968	309.281112	32.97239999999999	0.7666077050529685	307.302768	16.486199999999997	16.89071644256848	
12A	2	b	324.448416	350.166888	339.61572	25.718471999999963	-0.4533732797186554	336.977928	12.859235999999981	-9.249126969426388	
12A	4	a	350.826336	370.609776	358.739712	19.783439999999985	1.1453428900882896	360.718056	9.891719999999992	17.088424590966188	
12A	4	a	371.269224	374.566464	371.269224	3.297239999999988	0.1225896442079355	372.58812	1.648619999999994	0.12127763746391595	
12A	2	b	375.225912	398.96604	383.139288	23.740128000000027	-0.34648645322899707	387.095976	11.870064000000013	-6.4574059269001065	
12A	4	a	399.625488	415.45224	408.198312	15.826751999999999	0.7142121523819052	407.538864	7.9133759999999995	8.173675999462597	
12A	4	a	416.111688	426.003408	424.025064	9.891719999999964	0.18292442698578704	420.727824	4.945859999999982	1.6401395455403374	
12A	2	b	426.662856	439.192368	431.93844	12.529512000000011	-0.12308441790739799	432.597888	6.2647560000000055	-1.3320925680782794	
12A	4	a	441.170712	447.105744	446.446296	5.935032000000035	0.05668192208009337	443.808504	2.9675160000000176	0.2459800157446348	
12A	4	a	447.765192	451.062432	450.402984	3.297239999999988	0.07888924787337004	449.084088	1.648619999999994	0.17255418934415845	
12A	4	a	451.72188	472.164768	466.229736	20.442887999999982	0.4373097321787336	461.6136	10.221443999999991	6.3457135753439164	
12A	4	a	472.824216	476.121456	475.462008	3.297240000000045	0.08515360189839605	474.143112	1.6486200000000224	0.1759162334051072	
12A	4	a	478.0998	480.737592	478.0998	2.6377919999999904	0.08126282290408948	479.418696	1.3188959999999952	0.13560230649875038	
12A	4	a	484.69428	495.245448	488.650968	10.551168000000018	0.07145864541432001	489.969864	5.275584000000009	0.46540216520471667	
12A	4	a	495.904896	502.499376	499.202136	6.594479999999976	0.08430840892105529	499.202136	3.297239999999988	0.46483248549211975	
12A	4	a	503.158824	541.406808	518.985576	38.247983999999974	0.7591342236506984	522.282816	19.123991999999987	20.211117782457755	
12A	4	a	542.066256	544.0446	542.066256	1.9783439999999928	0.056129521708390584	542.725704	0.9891719999999964	0.04788592981848794	
12A	2	b	544.704048	563.168592	558.552456	18.464544000000046	-0.3790228350828553	553.93632	9.232272000000023	-5.337876065149166	
12A	4	a	563.82804	580.973688	569.103624	17.14564800000005	0.7356143275210458	572.400864	8.572824000000026	11.52786689964785	
12A	4	a	581.633136	600.09768	583.61148	18.464543999999933	0.27066262667012797	590.865408	9.232271999999966	3.2014662754025776	
13A	4	a	0.0	3.29724	0.659448	3.29724	0.1066734575666537	1.318896	1.64862	0.26645195203871586	
13A	4	a	3.956688	6.59448	3.956688	2.6377919999999997	0.053592149722612614	5.275584	1.3188959999999998	0.10488591427923133	
13A	4	a	7.253928	23.740128	17.805096	16.486199999999997	0.06990864803074448	15.167304	8.243099999999998	0.8249623344860677	
13A	4	a	24.399576	33.631848	27.696816	9.232271999999998	0.08594950143684876	29.015712	4.616135999999999	0.5622492969543573	
13A	4	a	34.291296	63.966456	48.139704	29.675159999999998	0.8262415325169306	48.799152	14.837579999999999	20.740660757970574	
13A	4	a	64.625904	66.604248	65.9448	1.9783439999999928	0.04529147531569855	65.285352	0.9891719999999964	0.04221187053909037	
13A	2	b	69.24204	73.198728	69.901488	3.9566879999999998	-0.06465431141123368	71.220384	1.9783439999999999	-0.23888054345664833	
13A	4	a	73.858176	83.090448	79.13376	9.232271999999995	0.09791951015065647	78.474312	4.616135999999997	0.9047112682769705	
13A	4	a	83.749896	85.72824	84.409344	1.9783439999999928	0.04258591632039055	84.409344	0.9891719999999964	0.05074193617109812	
13A	2	b	86.387688	94.301064	91.663272	7.9133759999999995	-0.13130929769359767	90.344376	3.9566879999999998	-0.9949159543135735	
13A	4	a	94.960512	122.657328	110.127816	27.696816000000013	0.9154046948955248	108.80892	13.848408000000006	21.32520060661643	
13A	2	b	125.954568	153.651384	147.056904	27.696816000000013	-0.28385226950301234	139.802976	13.848408000000006	-6.938204328959048	
13A	4	a	154.310832	182.667096	162.224208	28.35626399999998	0.7944589419733878	168.15924	14.17813199999999	18.297405757494214	
13A	2	b	183.326544	207.72612	191.899368	24.399575999999996	-0.2305321679236374	195.196608	12.199787999999998	-4.5742492403123425	
13A	4	a	208.385568	226.850112	211.682808	18.46454399999999	0.6859517204696948	217.61784	9.232271999999995	11.899312875233768	
13A	2	b	228.828456	253.88748	249.930792	25.059024000000022	-0.22098278613062483	241.357968	12.529512000000011	-5.134766489586868	
13A	4	a	254.546928	280.924848	270.37368	26.37791999999999	0.6320502707386257	267.735888	13.188959999999994	15.346504579956584	
13A	2	b	282.903192	304.664976	294.113808	21.761784000000034	-0.18022170094074763	293.45436	10.880892000000017	-2.52720055229825	
13A	4	a	305.324424	330.383448	315.216144	25.059023999999965	0.6926249962184379	317.853936	12.529511999999983	13.606783978695965	
13A	4	a	331.042896	340.934616	334.999584	9.89172000000002	0.21763177013610946	335.659032	4.94586000000001	1.6972023798791014	
13A	2	b	344.231856	347.529096	344.891304	3.297239999999988	-0.04190429069140489	345.550752	1.648619999999994	-0.10512810610722045	
13A	4	a	350.166888	376.544808	360.058608	26.377920000000017	1.3130816133989418	363.355848	13.188960000000009	25.882251909949495	
13A	4	a	378.523152	398.96604	379.842048	20.44288800000004	0.48905936824191176	388.414872	10.22144400000002	10.196111568539337	
13A	4	a	399.625488	402.26328	400.944384	2.6377919999999904	0.10025936764020216	400.944384	1.3188959999999952	0.18649895925181248	
13A	2	b	402.922728	410.176656	409.517208	7.2539279999999735	-0.10680789873323882	406.219968	3.6269639999999868	-0.8625153177875746	
13A	4	a	410.836104	429.960096	417.430584	19.123992000000044	0.9852824947619059	420.068376	9.561996000000022	17.560811906371807	
13A	2	b	430.619544	461.6136	449.743536	30.994056	-0.5813878198755078	445.786848	15.497028	-19.217130583200753	
13A	4	a	462.273048	485.353728	473.483664	23.080679999999973	0.7346834477987478	473.483664	11.540339999999986	15.214757965384027	
13A	4	a	486.013176	489.310416	486.013176	3.297239999999988	0.02411796744698247	487.332072	1.648619999999994	0.06684651064309177	
13A	2	b	489.969864	504.47772	500.521032	14.507856000000004	-0.13126389627906576	497.223792	7.253928000000002	-1.6053434143163567	
13A	4	a	505.137168	540.74736	520.96392	35.610191999999984	0.677284389154222	522.942264	17.805095999999992	17.08574671817709	
13A	2	b	544.704048	561.190248	554.595768	16.486200000000053	-0.14786002131853815	552.617424	8.243100000000027	-1.3491748825960945	
13A	4	a	561.849696	588.887064	576.357552	27.037368000000015	1.0698241729386204	575.038656	13.518684000000007	23.670037380513	
13A	2	b	590.865408	600.09768	600.09768	9.232271999999966	-0.19423298298563818	595.481544	4.616135999999983	-1.7469673989916725	
14A	4	a	4.616136	11.870064	7.913376	7.253927999999999	0.0369041112962627	7.913376	3.6269639999999996	0.24194652952818552	
14A	4	a	12.529512	17.805096	13.848408	5.2755839999999985	0.05511837715714929	15.167304	2.6377919999999992	0.23584524124047324	
14A	4	a	18.464544	20.442888	19.78344	1.9783439999999999	0.030605920126931974	19.123992	0.9891719999999999	0.054161930879324416	
14A	4	a	21.102336	23.740128	21.102336	2.6377919999999975	0.03987191116245903	22.421232	1.3188959999999987	0.05868001578789306	
14A	4	a	27.037368	30.994056	30.334608	3.9566879999999998	0.016197597720597923	29.015712	1.9783439999999999	0.057470166676557355	
14A	4	a	36.26964	38.907432	37.588536	2.6377919999999975	0.02804388984502859	37.588536	1.3188959999999987	0.06553070261513683	
14A	4	a	39.56688	62.64756	47.480256	23.08068	0.45730252219464207	50.777496	11.54034	9.421706132970844	
14A	4	a	63.307008	97.598304	93.641616	34.291295999999996	0.10231083339927283	80.452656	17.145647999999998	3.4120624424817296	
14A	4	a	98.257752	126.614016	116.062848	28.35626400000001	0.6814625406227282	112.10616	14.178132000000005	14.423460449385301	
14A	2	b	129.251808	160.905312	153.651384	31.653503999999998	-0.3076826987465875	145.07856	15.826751999999999	-7.7640875928985125	
14A	4	a	162.883656	180.029304	167.499792	17.145647999999994	0.3389406519155722	171.45648	8.572823999999997	4.490937408310399	
14A	4	a	180.688752	183.326544	180.688752	2.637792000000019	0.058076348733056005	182.007648	1.3188960000000094	0.15081955275674752	
14A	2	b	183.985992	193.218264	186.623784	9.232271999999995	-0.09983164336622119	188.602128	4.616135999999997	-0.9874664038016452	
14A	4	a	193.877712	205.747776	195.856056	11.870063999999985	0.15745476204656006	199.812744	5.9350319999999925	1.4129462249644467	
14A	4	a	208.385568	231.466248	217.61784	23.08068	0.751419678083868	219.596184	11.54034	12.78439667031428	
14A	4	a	232.125696	234.10404	232.785144	1.9783439999999928	0.044194867189563336	232.785144	0.9891719999999964	0.05585385611705118	
14A	2	b	234.763488	261.800856	257.18472	27.037368000000015	-0.421414468539719	247.952448	13.518684000000007	-10.114334785652886	
14A	4	a	262.460304	281.584296	271.692576	19.123991999999987	0.8544888483911217	271.692576	9.561995999999994	10.650516618115663	
14A	2	b	283.56264	313.897248	308.621664	30.334608000000003	-0.3627681761743813	298.729944	15.167304000000001	-11.621245472069083	
14A	4	a	314.556696	344.231856	332.361792	29.675160000000005	0.30078734445498867	329.064552	14.837580000000003	6.2426549143754855	
14A	2	b	346.2102	360.058608	354.783024	13.848408000000006	-0.17225280378229924	352.80468	6.924204000000003	-2.196866890778412	
14A	4	a	360.718056	391.712112	375.88536	30.994056	0.6060514167684383	375.88536	15.497028	16.018380948049995	
14A	4	a	392.37156	400.284936	397.647144	7.913376000000028	0.07725761597597902	396.328248	3.956688000000014	0.4099393667139992	
14A	4	a	400.944384	418.74948	414.792792	17.805095999999992	0.27708315018835084	409.517208	8.902547999999996	3.711852169756703	
14A	4	a	419.408928	426.662856	423.365616	7.2539279999999735	0.3281904443791728	422.706168	3.6269639999999868	2.2524945788766155	
14A	4	a	427.322304	433.916784	430.619544	6.594480000000033	0.11900132781658801	430.619544	3.2972400000000164	0.4335576516975783	
14A	2	b	435.895128	453.700224	444.467952	17.805095999999992	-0.11884239049140088	444.467952	8.902547999999996	-1.694617385102488	
14A	2	b	454.359672	456.338016	455.01912	1.9783439999999928	-0.011806923559366744	455.01912	0.9891719999999964	-0.01886297857513264	
14A	4	a	456.997464	464.251392	460.954152	7.25392800000003	0.12189350028369272	460.294704	3.626964000000015	0.7112150991370272	
14A	4	a	464.91084	472.164768	467.548632	7.2539279999999735	0.12134144010362391	468.20808	3.6269639999999868	0.6504834874041128	
14A	4	a	472.824216	491.948208	477.440352	19.123992000000044	0.5644137968850567	482.056488	9.561996000000022	7.759452672765893	
14A	4	a	492.607656	495.904896	494.586	3.297239999999988	0.029300435187456397	493.926552	1.648619999999994	0.0822618634990997	
14A	2	b	501.18048	505.137168	503.158824	3.9566879999999855	-0.056163950631246795	503.158824	1.9783439999999928	-0.1815866194745921	
14A	2	b	507.115512	514.36944	512.391096	7.25392800000003	-0.05570701001611589	510.412752	3.626964000000015	-0.32843509912241164	
14A	4	a	515.028888	522.282816	518.326128	7.2539279999999735	0.15407971751489757	518.326128	3.6269639999999868	0.848261421264463	
14A	4	a	522.942264	542.066256	528.877296	19.12399199999993	0.22464843905570708	532.174536	9.561995999999965	2.89227543805597	
14A	4	a	542.725704	547.34184	544.704048	4.616136000000097	0.045538594731815873	544.704048	2.3080680000000484	0.1037008146587921	
14A	4	a	548.001288	554.595768	552.617424	6.594479999999976	0.059693628102639895	551.298528	3.297239999999988	0.33389697827516795	
14A	4	a	555.255216	559.211904	558.552456	3.9566879999999855	0.04694806183105005	557.23356	1.9783439999999928	0.16329591314012393	
14A	4	a	561.190248	595.481544	580.973688	34.29129599999999	0.6853816814566271	578.335896	17.145647999999994	13.611228630718633	
14A	2	b	596.140992	598.778784	596.140992	2.6377919999999904	-0.007110625965343065	597.459888	1.3188959999999952	-0.016414316058415812	
15A	4	a	2.637792	11.210616	8.572824	8.572824	0.08269928723891207	6.59448	4.286412	0.5843060178895862	
15A	4	a	11.870064	42.204672	36.929088	30.334608000000003	0.25825753117534367	27.037368	15.167304000000001	6.4084643936995525	
15A	4	a	42.86412	81.112104	53.415288	38.247984	0.3571451446159384	61.988112	19.123992	10.959402304351064	
15A	4	a	81.771552	101.554992	91.003824	19.78344	0.27735835471480597	91.663272	9.89172	3.8751367556830854	
15A	4	a	103.533336	116.722296	112.10616	13.188959999999994	0.3012849568856737	110.127816	6.594479999999997	4.126924528359383	
15A	4	a	117.381744	141.78132	122.657328	24.399575999999996	0.0984941928064269	129.251808	12.199787999999998	1.8645494967594964	
15A	4	a	142.440768	158.926968	153.651384	16.486199999999997	0.15861928912363332	150.354144	8.243099999999998	1.943398973481701	
15A	4	a	159.586416	211.682808	199.153296	52.09639199999998	0.26973687945582014	185.304888	26.04819599999999	10.906186028304987	
15A	4	a	212.342256	222.233976	220.255632	9.89172000000002	0.1157317081415914	216.958392	4.94586000000001	1.1256204976061532	
15A	4	a	224.21232	258.503616	231.466248	34.29129600000002	0.4438401996168553	241.357968	17.14564800000001	13.680937614258909	
15A	4	a	259.163064	273.011472	267.07644	13.848408000000006	0.31182246990946716	265.757544	6.924204000000003	3.024348531900949	
15A	4	a	273.67092	278.287056	274.989816	4.616135999999983	0.09602019238567827	275.649264	2.3080679999999916	0.3654772531505168	
15A	4	a	278.946504	312.578352	284.881536	33.63184799999999	0.38433953324745707	295.432704	16.815923999999995	12.21316087480401	
15A	4	a	313.2378	334.340136	326.42676	21.10233599999998	0.2906388843591774	323.788968	10.55116799999999	6.088053516100723	
15A	4	a	334.999584	359.39916	343.572408	24.399575999999968	0.2082849330694252	346.869648	12.199787999999984	4.3820154989355755	
15A	4	a	361.377504	389.733768	375.88536	28.35626400000001	0.8959437991274379	375.225912	14.178132000000005	17.340615154471923	
15A	4	a	390.393216	395.6688	390.393216	5.275583999999981	0.08878634406715724	393.031008	2.6377919999999904	0.43989362088613193	
15A	4	a	397.647144	400.944384	397.647144	3.297239999999988	0.033021839433465594	398.96604	1.648619999999994	0.06637456669982877	
15A	4	a	401.603832	407.538864	402.922728	5.935031999999978	0.10005144678675526	404.241624	2.967515999999989	0.41465417976230934	
15A	4	a	408.198312	440.511264	426.662856	32.312951999999996	0.6360722594721104	424.025064	16.156475999999998	13.910957306070976	
15A	4	a	441.170712	443.149056	441.170712	1.9783439999999928	0.07420143014454839	441.83016	0.9891719999999964	0.12898013883408654	
15A	4	a	443.808504	462.932496	455.678568	19.123991999999987	0.08452194997957996	453.040776	9.561995999999994	1.2192106879689926	
15A	2	b	463.591944	468.20808	465.570288	4.616135999999983	-0.2254867909707663	465.570288	2.3080679999999916	-0.971797199108948	
15A	4	a	468.867528	486.672624	475.462008	17.805095999999992	0.34470261400960167	477.440352	8.902547999999996	4.955707379960276	
15A	2	b	489.310416	497.88324	493.267104	8.572824000000026	-0.1381344477876203	493.267104	4.286412000000013	-0.8951460203355424	
15A	4	a	498.542688	515.688336	513.709992	17.14564800000005	0.11347714619423366	507.115512	8.572824000000026	1.6294557395695841	
15A	4	a	516.347784	528.877296	520.96392	12.529511999999954	0.2525492223874992	522.282816	6.264755999999977	2.313642149921767	
15A	4	a	529.536744	533.493432	532.174536	3.9566879999999855	0.053865295142980774	531.515088	1.9783439999999928	0.2033532386281478	
15A	2	b	534.15288	536.790672	534.812328	2.6377919999999904	-0.10220178080797382	535.471776	1.3188959999999952	-0.2044768043737486	
15A	4	a	537.45012	554.595768	542.066256	17.14564800000005	0.18739351627346768	546.022944	8.572824000000026	2.75831673624333	
15A	4	a	555.255216	561.190248	555.255216	5.935031999999978	0.04697514085715859	557.893008	2.967515999999989	0.24124918664487205	
15A	4	a	561.849696	569.103624	563.82804	7.2539279999999735	0.09534279615082841	565.146936	3.6269639999999868	0.5811791016862768	
15A	4	a	569.763072	600.09768	590.20596	30.334608000000003	0.4858580590149808	584.930376	15.167304000000001	9.726337429171823	
16A	4	a	0.0	1.978344	1.318896	1.978344	0.01651262435490386	0.659448	0.989172	0.029368756220697012	
16A	4	a	2.637792	6.59448	3.956688	3.9566879999999998	0.038339261797510904	4.616136	1.9783439999999999	0.16265345136498688	
16A	4	a	7.253928	42.204672	22.421232	34.950744	0.06934674017372844	24.399576	17.475372	1.8650449013740928	
16A	4	a	42.86412	81.112104	61.988112	38.247984	0.3284508446491259	61.988112	19.123992	6.404562608068462	
16A	4	a	81.771552	94.960512	91.003824	13.188959999999994	0.07934820721337665	88.366032	6.594479999999997	0.6933472114910011	
16A	4	a	95.61996	100.895544	97.598304	5.275583999999995	0.058258886953690414	98.257752	2.6377919999999975	0.20642844172007324	
16A	4	a	104.192784	121.99788	109.468368	17.805095999999992	0.10045218333150929	112.765608	8.902547999999996	1.6875742178941213	
16A	4	a	122.657328	130.570704	128.59236	7.9133759999999995	0.04444427818621266	126.614016	3.9566879999999998	0.296841308766026	
16A	4	a	132.549048	152.332488	146.397456	19.783440000000013	0.06046121980034069	142.440768	9.891720000000007	0.7276510054531642	
16A	4	a	152.991936	164.862	160.905312	11.870063999999985	0.05771980302193125	158.926968	5.9350319999999925	0.4620806082876403	
16A	4	a	165.521448	174.75372	168.15924	9.232271999999995	0.06337877830107796	170.137584	4.616135999999997	0.37400654412027245	
16A	4	a	176.732064	195.196608	183.985992	18.46454399999999	0.1636954515041329	185.964336	9.232271999999995	1.9357765237709867	
16A	4	a	195.856056	200.472192	197.174952	4.616136000000012	0.033977022563723924	197.8344	2.308068000000006	0.11723829737722147	
16A	4	a	201.13164	205.747776	205.088328	4.616135999999983	0.04427057235316889	203.109984	2.3080679999999916	0.15242805985423447	
16A	4	a	206.407224	214.3206	211.02336	7.9133759999999995	0.08074622822110245	210.363912	3.9566879999999998	0.5693521766436287	
16A	4	a	214.980048	226.850112	223.552872	11.870063999999985	0.1128955391136146	220.91508	5.9350319999999925	1.2824507672135257	
16A	4	a	227.50956	246.633552	232.785144	19.123992000000015	0.14592019047039928	236.741832	9.561996000000008	1.8143103105830918	
16A	4	a	247.293	256.525272	248.611896	9.232271999999966	0.046950936829104783	251.909136	4.616135999999983	0.23171127711107253	
16A	4	a	257.18472	262.460304	257.844168	5.275583999999981	0.040506176762046486	259.822512	2.6377919999999904	0.17901110111638174	
16A	4	a	263.119752	284.222088	273.011472	21.10233599999998	0.14170654093806068	273.67092	10.55116799999999	2.2828504536100143	
16A	4	a	284.881536	307.302768	294.113808	22.421232000000032	0.08022328127501543	296.092152	11.210616000000016	1.4229481459904696	
16A	4	a	307.962216	313.897248	313.2378	5.935031999999978	0.037346831417093274	310.600008	2.967515999999989	0.15165261628648374	
16A	4	a	314.556696	334.340136	327.086208	19.783439999999985	0.1255236124658201	324.448416	9.891719999999992	1.9214362707584998	
16A	4	a	334.999584	337.637376	336.31848	2.6377919999999904	0.027144018648190382	336.31848	1.3188959999999952	0.03392951170535907	
16A	4	a	338.296824	341.594064	338.296824	3.297239999999988	0.009688855217321546	339.61572	1.648619999999994	0.02647361413026683	
16A	4	a	342.253512	352.80468	344.231856	10.551168000000018	0.05536588859602576	347.529096	5.275584000000009	0.4512771782123839	
16A	4	a	355.442472	357.420816	355.442472	1.9783439999999928	0.03363216704825778	356.10192	0.9891719999999964	0.05815408601850525	
16A	4	a	358.080264	394.349904	373.907016	36.26963999999998	0.621183919213645	375.88536	18.13481999999999	14.002741955156663	
16A	4	a	395.009352	399.625488	397.647144	4.61613600000004	0.047161110614728496	396.987696	2.30806800000002	0.10764590125627649	
16A	2	b	403.582176	408.198312	403.582176	4.616135999999983	-0.03283591348058801	405.56052	2.3080679999999916	-0.07257587637808993	
16A	4	a	412.155	448.42464	422.04672	36.26964000000004	0.5348802346894446	429.960096	18.13482000000002	14.145319622146259	
16A	4	a	450.402984	455.01912	453.040776	4.616135999999983	0.03864996185439873	452.381328	2.3080679999999916	0.15463319692419852	
16A	4	a	460.294704	462.932496	462.273048	2.6377919999999904	0.03320284843331356	461.6136	1.3188959999999952	0.05763268189726123	
16A	4	a	468.867528	485.353728	481.39704	16.486199999999997	0.13583610790512202	476.780904	8.243099999999998	2.1573028679184443	
16A	4	a	486.013176	498.542688	491.28876	12.529512000000011	0.07595323182703995	491.948208	6.2647560000000055	0.8805472480664194	
16A	4	a	499.202136	502.499376	499.202136	3.297239999999988	0.04428440420768931	500.521032	1.648619999999994	0.08725879854193952	
16A	4	a	503.158824	506.456064	505.796616	3.297240000000045	0.04464264456293954	504.47772	1.6486200000000224	0.07781313547361002	
16A	4	a	507.115512	510.412752	509.753304	3.297239999999988	0.04446075995265453	508.434408	1.648619999999994	0.09396687544036997	
16A	4	a	511.0722	515.688336	513.709992	4.61613600000004	0.04634589705295289	513.050544	2.30806800000002	0.14216389468604618	
16A	4	a	516.347784	521.623368	518.985576	5.275583999999981	0.07902066561998122	518.985576	2.6377919999999904	0.395269673286442	
16A	4	a	522.282816	529.536744	524.26116	7.2539279999999735	0.07134375455438269	525.580056	3.6269639999999868	0.3964056771523503	
16A	4	a	530.196192	543.385152	535.471776	13.188959999999952	0.10974400188858269	536.790672	6.594479999999976	0.9698279036933573	
16A	4	a	544.0446	551.298528	544.0446	7.253928000000087	0.047604904566350026	547.34184	3.6269640000000436	0.2857946453852309	
16A	4	a	553.93632	555.914664	555.255216	1.9783439999999928	0.0357524266031195	554.595768	0.9891719999999964	0.022312442874904193	
16A	2	b	557.893008	578.335896	572.400864	20.44288800000004	-0.13030480838056757	567.784728	10.22144400000002	-1.8087112825336922	
16A	4	a	578.995344	600.09768	586.90872	21.102335999999923	0.4839498460912104	589.546512	10.551167999999961	8.212044543385247	
17A	4	a	1.978344	21.761784	8.572824	19.78344	0.12541620146237187	11.870064	9.89172	1.650754512893827	
17A	4	a	24.399576	26.37792	25.059024	1.9783439999999999	0.025186911806312162	25.059024	0.9891719999999999	0.03377462205027837	
17A	4	a	27.037368	30.334608	27.696816	3.2972399999999986	0.019320354226701753	28.356264	1.6486199999999993	0.0613700477722795	
17A	4	a	30.994056	32.9724	30.994056	1.9783439999999999	0.01764131897252863	31.653504	0.9891719999999999	0.01841669276534197	
17A	4	a	33.631848	35.610192	33.631848	1.9783439999999999	0.025586699368268073	34.291296	0.9891719999999999	0.020032390167352032	
17A	4	a	38.247984	40.226328	38.907432	1.9783439999999999	0.025132374178117978	38.907432	0.9891719999999999	0.033541263020944734	
17A	4	a	40.885776	45.501912	41.545224	4.616135999999997	0.03530843939794637	42.86412	2.3080679999999987	0.13495595010537464	
17A	4	a	47.480256	52.75584	50.118048	5.275584000000002	0.050465996134621216	50.118048	2.637792000000001	0.20943838737285358	
17A	4	a	53.415288	61.988112	59.35032	8.572824000000004	0.09196869155422482	57.371976	4.286412000000002	0.7162724160908834	
17A	4	a	62.64756	68.582592	65.9448	5.935032000000007	0.0522759261890644	65.285352	2.9675160000000034	0.25075229016649314	
17A	4	a	71.879832	101.554992	90.344376	29.675160000000005	0.07915554335309616	86.387688	14.837580000000003	1.9267707088480748	
17A	4	a	102.21444	110.787264	104.852232	8.572823999999997	0.02720297695262297	106.171128	4.286411999999999	0.1653849862429977	
17A	4	a	111.446712	121.338432	118.041192	9.891719999999992	0.08212000966922117	116.062848	4.945859999999996	0.7365012082377479	
17A	4	a	121.99788	128.59236	125.29512	6.5944800000000185	0.11670327573635864	125.29512	3.2972400000000093	0.5917719148144526	
17A	4	a	129.251808	150.354144	136.505736	21.10233599999998	0.11181088904129477	139.802976	10.55116799999999	1.8588142263042657	
17A	4	a	151.013592	154.310832	153.651384	3.2972400000000164	0.01834032812229114	152.332488	1.6486200000000082	0.03556736063832033	
17A	4	a	154.97028	176.732064	171.45648	21.761784000000006	0.08243357240970872	165.521448	10.880892000000003	1.583787605379281	
17A	4	a	178.710408	196.515504	184.64544	17.805095999999992	0.09939933304539705	187.283232	8.902547999999996	1.464003201487967	
17A	4	a	197.174952	214.980048	199.812744	17.80509600000002	0.05347938044478018	205.747776	8.90254800000001	0.6844580710867866	
17A	4	a	216.958392	218.936736	218.277288	1.9783439999999928	0.012443969588856962	217.61784	0.9891719999999964	0.013094590561444797	
17A	4	a	219.596184	240.039072	232.785144	20.44288800000001	0.11007981599879257	229.487904	10.221444000000005	1.5287652104057488	
17A	4	a	240.69852	242.676864	242.017416	1.9783439999999928	0.016224774399921316	241.357968	0.9891719999999964	0.012999134751759844	
17A	4	a	243.336312	249.930792	245.314656	6.594480000000004	0.038774404568629794	246.633552	3.297240000000002	0.19139604611061178	
17A	4	a	250.59024	253.228032	251.249688	2.637792000000019	0.02310172438192848	251.909136	1.3188960000000094	0.04132962891202585	
17A	4	a	257.844168	261.141408	259.163064	3.297239999999988	0.013792166463876931	259.163064	1.648619999999994	0.03063219894137381	
17A	4	a	265.098096	284.222088	278.287056	19.123991999999987	0.10619388066156565	274.330368	9.561995999999994	1.0700448938458553	
17A	4	a	286.200432	300.04884	292.135464	13.848408000000006	0.09246889039376449	292.794912	6.924204000000003	0.9816795148329336	
17A	4	a	300.708288	305.983872	302.686632	5.275584000000038	0.049165660727930494	303.34608	2.637792000000019	0.20202620899898038	
17A	4	a	307.962216	310.600008	308.621664	2.6377919999999904	0.019573565775867552	309.281112	1.3188959999999952	0.045501235622882774	
17A	4	a	311.259456	316.53504	315.216144	5.275583999999981	0.034406770648967244	313.897248	2.6377919999999904	0.10681296747689528	
17A	4	a	317.194488	337.637376	329.724	20.44288800000004	0.06309366148217577	327.086208	10.22144400000002	0.7746080423430417	
17A	4	a	338.296824	342.91296	340.934616	4.616135999999983	0.04121434427948634	340.275168	2.3080679999999916	0.167650562825293	
17A	4	a	343.572408	357.420816	346.869648	13.848408000000006	0.09789676784691514	350.166888	6.924204000000003	1.2032758801973689	
17A	4	a	358.080264	362.036952	360.058608	3.9566879999999855	0.12030162590029714	360.058608	1.9783439999999928	0.3959287407137988	
17A	4	a	364.015296	368.631432	367.312536	4.61613600000004	0.06415011783231095	365.99364	2.30806800000002	0.2683049383295435	
17A	2	b	369.29088	371.269224	369.950328	1.9783439999999928	-0.031435518427107345	369.950328	0.9891719999999964	-0.046333146563944605	
17A	4	a	371.928672	375.225912	373.247568	3.297239999999988	0.11000398154270985	373.247568	1.648619999999994	0.33793397565949346	
17A	4	a	375.88536	380.501496	378.523152	4.616135999999983	0.08987771717451665	377.863704	2.3080679999999916	0.2632988260798039	
17A	4	a	382.47984	396.987696	385.77708	14.507856000000004	0.15780948360292424	389.733768	7.253928000000002	1.9335120998579494	
17A	4	a	397.647144	407.538864	405.56052	9.891719999999964	0.03394604930778611	402.26328	4.945859999999982	0.2188387442049401	
17A	2	b	410.836104	412.814448	410.836104	1.9783440000000496	-0.007244749874644851	411.495552	0.9891720000000248	-0.007903444494539835	
17A	4	a	418.74948	440.511264	424.025064	21.761783999999977	0.25561896953794294	429.300648	10.880891999999989	5.442342736108879	
17A	4	a	441.170712	458.31636	443.808504	17.145647999999994	0.0960031622010642	449.743536	8.572823999999997	1.29848479672119	
17A	4	a	458.975808	470.186424	464.91084	11.210616000000016	0.04906710994394747	464.251392	5.605308000000008	0.5020751522559456	
17A	4	a	470.845872	510.412752	500.521032	39.566880000000026	0.11621814183304435	490.629312	19.783440000000013	3.9904717029308117	
17A	4	a	511.0722	520.304472	517.66668	9.232272000000023	0.059590446853857504	515.688336	4.616136000000012	0.3972233696521601	
17A	4	a	520.96392	534.15288	528.217848	13.188959999999952	0.07100188827392317	527.5584	6.594479999999976	0.6859402223140294	
17A	4	a	534.812328	544.704048	538.109568	9.891719999999964	0.09630377255412048	539.428464	4.945859999999982	0.9877495321506721	
17A	4	a	546.682392	551.298528	547.34184	4.616135999999983	0.057499728650727944	548.660736	2.3080679999999916	0.28135821379846504	
17A	4	a	551.957976	575.698104	564.487488	23.740127999999913	0.09764530780430936	563.82804	11.870063999999957	1.7002946115092317	
17A	4	a	576.357552	593.5032	582.292584	17.145647999999937	0.46210646102751674	584.930376	8.572823999999969	3.7607459194021127	
17A	4	a	594.162648	600.09768	597.459888	5.935031999999978	0.219810392873667	596.80044	2.967515999999989	1.2014253311220773	
18A	4	a	0.0	3.29724	0.659448	3.29724	0.18706372365121515	1.318896	1.64862	0.4521241171318833	
18A	4	a	5.275584	14.507856	9.89172	9.232272	0.040585111937920804	9.89172	4.616136	0.25248161790252444	
18A	4	a	15.167304	17.145648	16.4862	1.9783440000000017	0.019475617794014966	15.826752	0.9891720000000008	0.030491765135470583	
18A	4	a	17.805096	29.67516	29.015712	11.870064000000003	0.06469223268406221	23.740128	5.935032000000001	0.5509856334163967	
18A	4	a	30.334608	36.26964	32.9724	5.935032000000003	0.051306099366301705	32.9724	2.9675160000000016	0.29447740841421544	
18A	4	a	36.929088	43.523568	42.204672	6.594479999999997	0.03250637505136034	40.226328	3.2972399999999986	0.1898066931641793	
18A	4	a	46.16136	50.118048	48.139704	3.9566879999999998	0.03597708168794478	48.139704	1.9783439999999999	0.12906427529555575	
18A	4	a	50.777496	83.749896	64.625904	32.97240000000001	0.21778306777836365	67.263696	16.486200000000004	5.4661863967215085	
18A	4	a	84.409344	96.938856	90.344376	12.529511999999997	0.0956377409000253	90.344376	6.264755999999998	0.9904488634401529	
18A	4	a	97.598304	104.852232	98.9172	7.253928000000002	0.05155830709545528	100.895544	3.626964000000001	0.19205714652268435	
18A	4	a	105.51168	121.338432	114.743952	15.826751999999999	0.11107345654203238	113.425056	7.9133759999999995	1.586759319317166	
18A	4	a	121.99788	139.802976	127.273464	17.805096000000006	0.3027513890949223	130.570704	8.902548000000003	2.991588518259816	
18A	4	a	140.462424	146.397456	142.440768	5.935032000000007	0.08868545126472993	143.100216	2.9675160000000034	0.3641439327382032	
18A	4	a	147.056904	152.332488	149.694696	5.275584000000009	0.05456062586170818	149.694696	2.6377920000000046	0.1577898641416271	
18A	4	a	155.629728	164.862	157.608072	9.232271999999995	0.07781215747761472	160.245864	4.616135999999997	0.6771838578028919	
18A	4	a	165.521448	180.029304	174.094272	14.507856000000004	0.18522449553177678	172.775376	7.253928000000002	2.5504467689771997	
18A	4	a	180.688752	185.964336	183.985992	5.275584000000009	0.07443127673935646	183.326544	2.6377920000000046	0.28474968117168453	
18A	2	b	186.623784	188.602128	186.623784	1.9783439999999928	-0.05907816328780591	187.283232	0.9891719999999964	-0.07535855698744509	
18A	4	a	189.261576	191.23992	189.261576	1.9783440000000212	0.04380910178285502	189.921024	0.9891720000000106	0.031499785375037836	
18A	2	b	191.899368	194.53716	192.558816	2.6377919999999904	-0.06210387054378308	193.218264	1.3188959999999952	-0.12971263643540187	
18A	4	a	195.196608	201.13164	196.515504	5.935032000000007	0.1812472944680532	197.8344	2.9675160000000034	0.9636377681351666	
18A	4	a	201.791088	207.066672	203.109984	5.275584000000009	0.10253546003617786	204.42888	2.6377920000000046	0.4719465362335854	
18A	4	a	207.72612	236.082384	211.02336	28.35626399999998	0.1990343622799351	221.574528	14.17813199999999	3.9734312413703337	
18A	4	a	236.741832	243.336312	238.720176	6.594480000000004	0.10294584645557059	240.039072	3.297240000000002	0.6169823652206008	
18A	4	a	245.974104	255.865824	251.249688	9.891719999999992	0.05459235077770552	250.59024	4.945859999999996	0.4571703005434282	
18A	4	a	256.525272	259.822512	258.503616	3.297240000000045	0.03587649175535912	257.844168	1.6486200000000224	0.11118486410930695	
18A	4	a	260.48196	263.119752	261.141408	2.6377919999999904	0.03476491913383706	261.800856	1.3188959999999952	0.0852415268065927	
18A	4	a	263.7792	294.113808	288.178776	30.334608000000003	0.17937801536304931	278.946504	15.167304000000001	4.130311013206914	
18A	4	a	294.773256	311.259456	306.64332	16.486199999999997	0.08577497973003645	302.686632	8.243099999999998	1.0179259783149812	
18A	4	a	311.918904	362.6964	344.891304	50.777495999999985	0.31537121251153133	336.977928	25.388747999999993	13.827557216538006	
18A	4	a	363.355848	372.58812	366.653088	9.232272000000023	0.21766284942034986	367.971984	4.616136000000012	1.2838318763649825	
18A	4	a	373.247568	391.712112	377.863704	18.46454399999999	0.30395612285718654	382.47984	9.232271999999995	3.818497682959414	
18A	4	a	392.37156	400.944384	397.647144	8.572824000000026	0.16984775625351212	396.328248	4.286412000000013	1.2200180283890822	
18A	4	a	401.603832	411.495552	405.56052	9.891719999999964	0.07427895598421674	406.219968	4.945859999999982	0.48403102392972064	
18A	2	b	412.155	423.365616	421.387272	11.210616000000016	-0.07825622654890463	417.430584	5.605308000000008	-0.5735924151878113	
18A	4	a	424.025064	443.808504	433.916784	19.78344000000004	0.1856502669174085	433.916784	9.89172000000002	3.9311666128225706	
18A	4	a	444.467952	451.062432	446.446296	6.594479999999976	0.037540052767218945	447.765192	3.297239999999988	0.2213290558380958	
18A	4	a	451.72188	459.635256	456.338016	7.913376000000028	0.05405642644153508	455.678568	3.956688000000014	0.29085101897653987	
18A	4	a	460.294704	462.932496	460.954152	2.6377919999999904	0.05536883311448593	461.6136	1.3188959999999952	0.09471531098899622	
18A	4	a	463.591944	467.548632	466.229736	3.9566879999999855	0.057631215506396494	465.570288	1.9783439999999928	0.18389230545368673	
18A	4	a	468.20808	471.50532	469.526976	3.297239999999988	0.04253969260631019	469.526976	1.648619999999994	0.1065556247838555	
18A	4	a	472.164768	511.0722	486.672624	38.90743200000003	0.20440215521162441	491.28876	19.453716000000014	7.484018755716332	
18A	4	a	511.731648	522.942264	514.36944	11.210616000000016	0.049561409556455605	517.007232	5.605308000000008	0.38328845317853344	
18A	4	a	523.601712	526.239504	523.601712	2.6377919999999904	0.029579976556512566	524.920608	1.3188959999999952	0.0497704235387042	
18A	4	a	526.898952	551.957976	537.45012	25.059024000000022	0.21877068539583444	539.428464	12.529512000000011	4.31340280145026	
18A	4	a	552.617424	578.335896	573.060312	25.71847200000002	0.2626913464563927	565.146936	12.85923600000001	6.300157201291904	
18A	4	a	578.995344	582.952032	580.31424	3.9566879999999855	0.08227112297745887	580.973688	1.9783439999999928	0.17867527862842114	
18A	4	a	585.589824	590.865408	587.568168	5.275583999999981	0.3005964951757578	588.227616	2.6377919999999904	1.1619984013902038	
18A	4	a	591.524856	600.09768	592.843752	8.572823999999969	0.16253799020855308	595.481544	4.286411999999984	0.8742389226284656	
19A	4	a	2.637792	5.935032	3.956688	3.2972399999999995	0.2407480725236737	3.956688	1.6486199999999998	0.7415799807235346	
19A	4	a	6.59448	20.442888	16.4862	13.848408	0.17523579428632363	13.18896	6.924204	1.7819698368202403	
19A	4	a	23.08068	29.67516	25.059024	6.594480000000001	0.11670780801883351	26.37792	3.2972400000000004	0.756960543495117	
19A	4	a	30.334608	44.842464	41.545224	14.507856	0.15538469270158606	37.588536	7.253928	1.8005123564762622	
19A	4	a	45.501912	51.436944	48.799152	5.935032	0.08861033612126112	48.139704	2.967516	0.3536088775231916	
19A	4	a	52.096392	61.988112	56.05308	9.89172	0.21302888421240151	56.712528	4.94586	1.8274206491113134	
19A	4	a	62.64756	71.220384	67.923144	8.572823999999997	0.23384790158104396	66.604248	4.286411999999999	1.7302661135434485	
19A	4	a	71.879832	88.366032	85.068792	16.48620000000001	0.22510600498367506	79.793208	8.243100000000005	3.2351529054574897	
19A	4	a	90.344376	98.9172	95.61996	8.572823999999997	0.14001197613916316	94.301064	4.286411999999999	0.8990683882072772	
19A	4	a	99.576648	125.954568	121.99788	26.37791999999999	0.38173447420676343	112.765608	13.188959999999994	7.50037180514756	
19A	4	a	126.614016	135.18684	130.570704	8.572823999999983	0.22828213118694807	130.570704	4.2864119999999915	1.8032677987622765	
19A	4	a	135.846288	141.78132	139.143528	5.935032000000007	0.11732923505413284	138.48408	2.9675160000000034	0.6117239051399816	
19A	4	a	142.440768	148.3758	145.738008	5.935032000000007	0.1038623397115388	145.07856	2.9675160000000034	0.6102728491655847	
19A	4	a	149.035248	156.948624	152.991936	7.9133759999999995	0.18889371407742583	152.991936	3.9566879999999998	1.2564317981980992	
19A	4	a	157.608072	167.499792	165.521448	9.89172000000002	0.23988057583139488	162.224208	4.94586000000001	1.9239058895385024	
19A	4	a	169.478136	191.899368	180.688752	22.421232000000003	0.4490742024650829	180.688752	11.210616000000002	9.311160156388883	
19A	4	a	192.558816	204.42888	196.515504	11.870063999999985	0.24449309971079947	198.493848	5.9350319999999925	2.430228361407483	
19A	4	a	206.407224	210.363912	208.385568	3.9566879999999855	0.22100666728335439	208.385568	1.9783439999999928	0.7771703974737334	
19A	4	a	211.02336	217.61784	214.3206	6.594480000000004	0.21553916850808452	214.3206	3.297240000000002	1.357008471047824	
19A	4	a	218.277288	223.552872	221.574528	5.275584000000009	0.1499316797954915	220.91508	2.6377920000000046	0.6316177880851042	
19A	4	a	225.531216	230.8068	227.50956	5.275584000000009	0.0897970428017918	228.169008	2.6377920000000046	0.38921640831213655	
19A	4	a	232.785144	238.060728	236.082384	5.275584000000009	0.2120533534554614	235.422936	2.6377920000000046	0.9144712637706618	
19A	4	a	238.720176	247.293	243.336312	8.572823999999997	0.24343661412951567	242.676864	4.286411999999999	2.07858134672776	
19A	4	a	247.952448	255.865824	250.59024	7.9133759999999995	0.15727926557929317	251.909136	3.9566879999999998	1.1080632963691643	
19A	4	a	256.525272	265.757544	259.163064	9.232272000000023	0.08755422437569127	261.141408	4.616136000000012	0.6760444817482283	
19A	4	a	266.416992	271.692576	268.395336	5.275583999999981	0.06774982277891439	269.054784	2.6377919999999904	0.3280702346897477	
19A	4	a	272.352024	274.989816	273.011472	2.637792000000047	0.07524280450099541	273.67092	1.3188960000000236	0.12439262660978256	
19A	4	a	275.649264	287.519328	285.540984	11.870063999999957	0.2616970109346881	281.584296	5.935031999999978	2.7939206834498203	
19A	4	a	288.178776	297.411048	292.794912	9.232271999999966	0.17640960906582714	292.794912	4.616135999999983	1.3393799464173732	
19A	4	a	298.070496	315.875592	309.281112	17.805095999999992	0.17317641050187627	306.64332	8.902547999999996	2.7458723448179008	
19A	4	a	316.53504	329.064552	323.12952	12.529512000000011	0.16779702761354987	322.470072	6.2647560000000055	2.081180694464626	
19A	4	a	329.724	343.572408	339.61572	13.848408000000006	0.2507527768352382	336.31848	6.924204000000003	3.4364021965855276	
19A	4	a	344.231856	372.58812	368.631432	28.35626400000001	0.2563838413053996	358.080264	14.178132000000005	6.6599231226893005	
19A	4	a	373.247568	379.1826	375.225912	5.935031999999978	0.1842242001986718	375.88536	2.967515999999989	0.9602479390074912	
19A	4	a	379.842048	385.117632	381.820392	5.275584000000038	0.22110939578089095	382.47984	2.637792000000019	1.1618341075052567	
19A	4	a	387.095976	391.052664	389.07432	3.9566879999999855	0.1545365695897929	389.07432	1.9783439999999928	0.6155252879416613	
19A	4	a	391.712112	396.987696	394.349904	5.275584000000038	0.20892242187402132	394.349904	2.637792000000019	1.060836603174347	
19A	4	a	397.647144	403.582176	401.603832	5.935031999999978	0.21664904063842005	400.284936	2.967515999999989	1.2136797586738435	
19A	4	a	404.241624	412.155	407.538864	7.913375999999971	0.17523814999759368	408.198312	3.9566879999999855	1.1058695663157234	
19A	4	a	412.814448	423.365616	415.45224	10.551167999999961	0.09184391771151423	418.090032	5.275583999999981	0.8240264227385203	
19A	4	a	424.025064	429.300648	427.322304	5.275584000000038	0.12011626412107645	426.662856	2.637792000000019	0.5405750138728083	
19A	4	a	431.278992	445.786848	437.873472	14.507856000000004	0.2537325753148689	438.53292	7.253928000000002	2.507851817596457	
19A	4	a	448.42464	456.997464	453.700224	8.572823999999969	0.0844944664679872	452.381328	4.286411999999984	0.6299760406174717	
19A	4	a	458.975808	462.932496	460.294704	3.9566880000000424	0.044301754258256665	460.954152	1.9783440000000212	0.13812087216462787	
19A	4	a	463.591944	491.28876	487.99152	27.696816000000013	0.20749257741672622	477.440352	13.848408000000006	3.294291924930469	
19A	4	a	493.926552	500.521032	496.564344	6.594479999999976	0.1796686805588803	497.223792	3.297239999999988	1.1614778958792984	
19A	4	a	503.818272	505.796616	503.818272	1.9783439999999928	0.08684615345691915	504.47772	0.9891719999999964	0.11905033902747131	
19A	4	a	506.456064	517.007232	512.391096	10.551168000000018	0.12410621718089354	511.731648	5.275584000000009	1.0853604035776678	
19A	4	a	518.985576	523.601712	521.623368	4.616135999999983	0.1263886712396971	520.96392	2.3080679999999916	0.5027427968518106	
19A	4	a	526.239504	536.790672	533.493432	10.551167999999961	0.33276826705403906	531.515088	5.275583999999981	2.5636837778811064	
19A	2	b	537.45012	539.428464	538.769016	1.9783439999999928	-0.01466692932427005	538.109568	0.9891719999999964	-0.022248723724547226	
19A	4	a	540.087912	547.34184	544.0446	7.253928000000087	0.3136721734027468	543.385152	3.6269640000000436	2.008853863953135	
19A	4	a	548.001288	555.914664	551.298528	7.913375999999971	0.12887283528697546	551.957976	3.9566879999999855	0.7511225970915614	
19A	4	a	556.574112	563.82804	561.190248	7.2539279999999735	0.2055589889185505	559.871352	3.6269639999999868	1.2795729518943468	
19A	4	a	564.487488	600.09768	584.930376	35.610191999999984	0.39834636669431944	582.292584	17.805095999999992	12.397208835443932	
