										Kaede_Unfed#9_Anterograde_evts_formatted.txt
ROI	Quadrant	Direction	Start time (s)	End time (s)	Peak time (s)	Duration (s)	Amplitude	Midpoint (s)	Half Duration(s)	AUC
8A	4	a	1.318896	3.29724	2.637792	1.9783439999999999	0.07320284443566472	1.978344	0.9891719999999999	0.07338616578875268	
8A	4	a	3.956688	25.059024	18.464544	21.102336	1.1785232288679683	14.507856	10.551168	13.739313294593396	
8A	4	a	25.718472	71.220384	63.307008	45.501912	1.2791355688543504	48.139704	22.750956	36.08950083767669	
8A	4	a	71.879832	95.61996	80.452656	23.740128000000013	0.2784785145897679	83.749896	11.870064000000006	5.590672018547863	
8A	4	a	96.279408	101.554992	99.576648	5.275583999999995	0.08446065762224464	98.9172	2.6377919999999975	0.2362667683599673	
8A	4	a	107.490024	110.127816	108.149472	2.6377919999999904	0.049735603726619004	108.80892	1.3188959999999952	0.08100478845233372	
8A	4	a	112.10616	129.911256	114.743952	17.805096000000006	1.7958619870561243	120.678984	8.902548000000003	35.31966574489359	
8A	4	a	132.549048	145.07856	140.462424	12.529512000000011	0.29175066070290434	138.48408	6.2647560000000055	2.4617810743708564	
8A	4	a	145.738008	155.629728	148.3758	9.891719999999992	0.2652092685501515	150.354144	4.945859999999996	1.829605436027264	
8A	4	a	156.289176	172.115928	163.543104	15.826751999999999	0.17011372288631676	164.202552	7.9133759999999995	1.9033402051650796	
8A	4	a	172.775376	185.964336	178.710408	13.188960000000009	0.7979599620892248	179.369856	6.594480000000004	8.83934905201162	
8A	4	a	186.623784	194.53716	190.580472	7.9133759999999995	0.29649070165087466	190.580472	3.9566879999999998	2.0918912183179814	
8A	4	a	195.196608	230.8068	224.21232	35.61019200000001	1.0295067492163774	213.001704	17.805096000000006	20.139273709736166	
8A	2	b	232.785144	236.082384	233.444592	3.297239999999988	-0.12724799694599653	234.10404	1.648619999999994	-0.40853233457722427	
8A	4	a	236.741832	247.952448	242.017416	11.210616000000016	0.3554510676806091	242.017416	5.605308000000008	3.565980972872197	
8A	4	a	248.611896	262.460304	257.18472	13.848408000000006	0.25324975453778364	255.206376	6.924204000000003	3.5266925389716697	
8A	4	a	263.119752	280.924848	269.714232	17.805095999999992	1.4792376462169798	271.692576	8.902547999999996	17.35753038311957	
8A	4	a	281.584296	330.383448	317.853936	48.79915199999999	1.7893421774261498	305.983872	24.399575999999996	55.34352951457055	
8A	4	a	332.361792	358.739712	340.934616	26.377920000000017	0.5736945117951944	345.550752	13.188960000000009	14.169044620871157	
8A	4	a	359.39916	375.225912	364.674744	15.826751999999999	0.26076929263531845	367.312536	7.9133759999999995	4.264345297910115	
8A	4	a	375.88536	396.328248	391.712112	20.442887999999982	1.0277222500788366	385.77708	10.221443999999991	10.142768581324454	
8A	4	a	396.987696	423.365616	411.495552	26.37791999999996	0.38691246498925924	410.176656	13.18895999999998	6.525906397213207	
8A	4	a	424.025064	445.786848	440.511264	21.761784000000034	0.28126403183710114	434.576232	10.880892000000017	4.103178784321903	
8A	4	a	446.446296	462.273048	458.975808	15.826751999999999	0.7812457302432803	454.359672	7.9133759999999995	6.4493481460561135	
8A	4	a	462.932496	471.50532	466.889184	8.572823999999969	0.3392471222065634	466.889184	4.286411999999984	2.676995734535847	
8A	4	a	472.164768	474.80256	472.824216	2.637792000000047	0.09332120376717601	473.483664	1.3188960000000236	0.16125474201189638	
8A	4	a	475.462008	482.715936	478.0998	7.2539279999999735	0.2511507533208768	478.759248	3.6269639999999868	1.8243027318479261	
8A	4	a	483.375384	508.434408	495.245448	25.059024000000022	0.31652644625922566	495.904896	12.529512000000011	6.987986263997273	
8A	4	a	509.093856	524.920608	515.028888	15.826751999999999	1.0940537088788176	517.007232	7.9133759999999995	13.734018891854342	
8A	4	a	526.898952	547.34184	532.174536	20.44288800000004	0.515483124459589	536.790672	10.22144400000002	10.0691550392496	
8A	4	a	548.001288	551.957976	550.63908	3.9566879999999855	0.07429713581332731	549.979632	1.9783439999999928	0.23681024400782036	
8A	4	a	552.617424	563.82804	556.574112	11.210615999999959	0.12583712630311883	557.893008	5.6053079999999795	1.302882102136568	
8A	4	a	564.487488	582.292584	574.379208	17.80509600000005	1.0361934532970816	573.060312	8.902548000000024	11.06405575944892	
8A	4	a	582.952032	600.09768	599.438232	17.145647999999937	1.192404874308279	591.524856	8.572823999999969	18.9450740686679	
9A	2	b	0.0	5.935032	1.978344	5.935032	-0.08059669499531452	2.637792	2.967516	-0.4095605140670555	
9A	4	a	6.59448	15.167304	9.232272	8.572824	0.10234356954467749	10.551168	4.286412	0.7768339507030904	
9A	4	a	17.145648	34.291296	21.102336	17.145648	0.7856236000233103	25.718472	8.572824	9.54173784370287	
9A	4	a	34.950744	39.56688	35.610192	4.616135999999997	0.11390107739915223	36.929088	2.3080679999999987	0.44052583270967727	
9A	2	b	40.226328	60.009768	54.074736	19.78344	-0.4431433975350343	50.118048	9.89172	-7.621794424758777	
9A	4	a	60.669216	77.155416	66.604248	16.486200000000004	1.40048978279893	68.582592	8.243100000000002	16.25934997669555	
9A	4	a	77.814864	81.771552	79.13376	3.9566879999999998	0.09126371989734494	79.793208	1.9783439999999999	0.2886295233682006	
9A	2	b	82.431	112.765608	108.80892	30.334608000000003	-0.6940127231475754	97.598304	15.167304000000001	-17.34364894342891	
9A	4	a	113.425056	133.867944	125.29512	20.442887999999996	2.03892622933596	123.316776	10.221443999999998	33.96397101677403	
9A	4	a	134.527392	138.48408	136.505736	3.956688000000014	0.10229077241207385	136.505736	1.978344000000007	0.38850573002660926	
9A	2	b	139.143528	144.419112	139.802976	5.275584000000009	-0.1142356668001181	141.78132	2.6377920000000046	-0.5970025340713159	
9A	4	a	145.07856	161.56476	147.056904	16.486199999999997	0.5906602538044101	152.991936	8.243099999999998	7.458992867675379	
9A	4	a	162.224208	185.964336	180.688752	23.740128	1.5718771715879756	174.094272	11.870064	19.77400740445202	
9A	4	a	186.623784	206.407224	195.196608	19.783440000000013	0.7023360172898307	196.515504	9.891720000000007	11.721028294100986	
9A	2	b	207.066672	219.596184	217.61784	12.529511999999983	-0.4927415599374019	213.001704	6.264755999999991	-3.724270777397327	
9A	4	a	220.255632	232.785144	226.190664	12.529512000000011	1.5670587688219086	226.190664	6.2647560000000055	20.284053237706637	
9A	4	a	233.444592	243.99576	238.720176	10.55116799999999	0.5099228133834224	238.720176	5.275583999999995	5.14673508757662	
9A	4	a	244.655208	260.48196	248.611896	15.826752000000027	0.19089694359962017	252.568584	7.913376000000014	2.100872647869548	
9A	2	b	263.119752	270.37368	267.735888	7.2539279999999735	-0.15158786425455695	266.416992	3.6269639999999868	-0.8248229256664725	
9A	4	a	271.033128	281.584296	276.96816	10.551168000000018	0.7548948865060705	276.308712	5.275584000000009	7.049580771806084	
9A	4	a	282.243744	315.216144	299.389392	32.97239999999999	0.5839430294664325	298.729944	16.486199999999997	17.780043509299343	
9A	2	b	315.875592	318.513384	317.194488	2.6377919999999904	-0.09098976447673746	317.194488	1.3188959999999952	-0.18344154972513182	
9A	4	a	319.172832	344.231856	331.702344	25.059023999999965	1.9404900450781302	331.702344	12.529511999999983	43.22557237777208	
9A	2	b	346.2102	393.031008	369.29088	46.820808	-1.1069987741052083	369.29088	23.410404	-52.156536571795435	
9A	4	a	393.690456	406.219968	395.6688	12.529512000000011	0.8499900737775308	399.625488	6.2647560000000055	10.19738124254513	
9A	4	a	406.879416	411.495552	409.517208	4.616135999999983	0.09649660808282778	408.85776	2.3080679999999916	0.3845710680080443	
9A	2	b	412.155	449.743536	423.365616	37.58853600000003	-0.38684418118672603	430.619544	18.794268000000017	-11.189905331580748	
9A	4	a	453.700224	457.656912	455.01912	3.9566879999999855	0.09026289622757311	455.678568	1.9783439999999928	0.3105700604726076	
9A	4	a	459.635256	478.0998	463.591944	18.46454399999999	1.1375685255252614	468.867528	9.232271999999995	15.59061037391194	
9A	4	a	478.759248	480.737592	479.418696	1.9783439999999928	0.037355318423266226	479.418696	0.9891719999999964	0.04839793538670456	
9A	2	b	481.39704	493.926552	485.353728	12.529512000000011	-0.09861018367162	487.332072	6.2647560000000055	-0.8603837376939008	
9A	4	a	494.586	503.158824	501.18048	8.572823999999969	0.13957146960900868	498.542688	4.286411999999984	0.5866683916414197	
9A	4	a	503.818272	508.434408	504.47772	4.61613600000004	0.08519890826607579	505.796616	2.30806800000002	0.31011782976377456	
9A	4	a	511.0722	534.812328	520.304472	23.74012799999997	0.7618850238203319	522.942264	11.870063999999985	15.137967743519408	
9A	4	a	535.471776	546.682392	538.109568	11.210616000000073	0.18505551551065125	540.74736	5.605308000000036	1.756240134115787	
9A	4	a	547.34184	562.509144	555.914664	15.167303999999945	0.15348188707099641	554.595768	7.583651999999972	2.099677361647029	
9A	4	a	563.168592	587.568168	577.676448	24.399576000000025	1.4846614576429706	575.038656	12.199788000000012	17.928728287556016	
9A	4	a	588.227616	600.09768	599.438232	11.870063999999957	0.5697725785030574	594.162648	5.935031999999978	7.051144280651976	
10A	4	a	1.318896	20.442888	11.870064	19.123992	0.17280008586106277	10.551168	9.561996	2.4690476025580486	
10A	4	a	21.102336	52.096392	26.37792	30.994056	0.8692827580566282	36.26964	15.497028	16.440736780149187	
10A	2	b	52.75584	67.923144	63.307008	15.167303999999994	-0.6355892650350432	60.009768	7.583651999999997	-9.435497541479322	
10A	4	a	68.582592	85.72824	73.858176	17.145647999999994	1.8229726348134276	77.155416	8.572823999999997	24.762105956733773	
10A	4	a	88.366032	90.344376	88.366032	1.9783439999999928	0.02142447937039549	89.02548	0.9891719999999964	0.019790226355540508	
10A	2	b	91.003824	119.360088	114.084504	28.35626400000001	-1.475658433782404	104.852232	14.178132000000005	-37.11153281010398	
10A	4	a	120.019536	139.143528	129.251808	19.123992	2.926491969590952	129.251808	9.561996	42.55809557644889	
10A	4	a	139.802976	170.797032	144.419112	30.994056	1.1320539537883336	154.97028	15.497028	29.424181128097448	
10A	4	a	171.45648	208.385568	183.326544	36.92908800000001	2.062589045875387	189.921024	18.464544000000004	46.479685591217375	
10A	2	b	209.045016	223.552872	219.596184	14.507856000000004	-1.1947573128293572	216.298944	7.253928000000002	-13.226774452015427	
10A	4	a	224.21232	238.720176	230.8068	14.507856000000004	2.0221037003657436	231.466248	7.253928000000002	18.511238618252186	
10A	4	a	239.379624	272.352024	245.974104	32.972399999999965	1.0688607075904768	255.865824	16.486199999999982	30.132749915803466	
10A	4	a	273.011472	292.794912	280.924848	19.783439999999985	1.1691600324056273	282.903192	9.891719999999992	13.31187314571135	
10A	4	a	293.45436	305.983872	297.411048	12.529512000000011	0.6233226578773463	299.389392	6.2647560000000055	5.674749032517894	
10A	2	b	307.962216	324.448416	317.853936	16.486199999999997	-0.30162098721176367	315.875592	8.243099999999998	-3.987873231467508	
10A	4	a	325.107864	342.91296	331.042896	17.805095999999992	0.6726573635715889	333.680688	8.902547999999996	6.696584092116911	
10A	4	a	343.572408	350.166888	346.869648	6.594479999999976	0.24284239802518215	346.869648	3.297239999999988	1.184005009898009	
10A	4	a	350.826336	354.123576	352.145232	3.297239999999988	0.07631220557702978	352.145232	1.648619999999994	0.177614387294033	
10A	4	a	354.783024	364.015296	358.739712	9.232271999999966	0.13084100165045953	359.39916	4.616135999999983	1.1172581473809857	
10A	4	a	364.674744	371.269224	364.674744	6.594480000000033	0.12173223189079696	367.971984	3.2972400000000164	0.46541355764685655	
10A	4	a	371.928672	373.907016	372.58812	1.9783439999999928	0.06761751963869678	372.58812	0.9891719999999964	0.07383017840340811	
10A	2	b	374.566464	376.544808	374.566464	1.9783439999999928	-0.15407053484143685	375.225912	0.9891719999999964	-0.10776373299758957	
10A	4	a	378.523152	380.501496	379.842048	1.9783439999999928	0.10727224494320176	379.1826	0.9891719999999964	0.1115478976988471	
10A	4	a	381.160944	385.117632	383.798736	3.9566880000000424	0.11518109121848408	383.139288	1.9783440000000212	0.35570823175959143	
10A	4	a	385.77708	389.733768	389.07432	3.9566879999999855	0.1574062608917135	387.755424	1.9783439999999928	0.542273890287646	
10A	4	a	390.393216	420.068376	412.155	29.675160000000005	0.40513641609920015	404.901072	14.837580000000003	9.12640416880907	
10A	4	a	420.727824	425.34396	423.365616	4.616135999999983	0.08969669515840817	422.706168	2.3080679999999916	0.33873991406960524	
10A	2	b	427.322304	433.916784	430.619544	6.594480000000033	-0.07909170788697306	430.619544	3.2972400000000164	-0.3922188875978372	
10A	4	a	434.576232	440.511264	436.554576	5.935031999999978	0.07315270554222675	437.214024	2.967515999999989	0.3703377398320109	
10A	4	a	441.170712	443.149056	441.83016	1.9783439999999928	0.04775428357028133	441.83016	0.9891719999999964	0.07946766697437946	
10A	4	a	445.1274	447.765192	445.786848	2.6377919999999904	0.04004882392014242	446.446296	1.3188959999999952	0.055241263321074374	
10A	4	a	451.72188	464.91084	458.31636	13.188960000000009	0.14474168491010886	458.31636	6.594480000000004	1.5577342628173416	
10A	4	a	465.570288	488.650968	474.143112	23.080679999999973	0.5684662476114086	476.780904	11.540339999999986	9.103851063635569	
10A	4	a	489.310416	492.607656	491.948208	3.297240000000045	0.0602454607499876	490.629312	1.6486200000000224	0.1889651498799636	
10A	4	a	493.267104	496.564344	495.245448	3.297239999999988	0.08071835218777235	494.586	1.648619999999994	0.17928510752851068	
10A	4	a	502.499376	505.137168	502.499376	2.6377919999999904	0.03350884283893141	503.818272	1.3188959999999952	0.05382630862876736	
10A	4	a	507.77496	509.753304	508.434408	1.9783439999999928	0.07936480081942499	508.434408	0.9891719999999964	0.11677283115780179	
10A	4	a	510.412752	513.050544	510.412752	2.6377919999999335	0.0364498801908848	511.731648	1.3188959999999668	0.03862826980060996	
10A	4	a	513.709992	517.66668	516.347784	3.9566879999999855	0.08376061655785438	515.688336	1.9783439999999928	0.21069020158139473	
10A	4	a	523.601712	540.74736	530.85564	17.145647999999937	0.526049956902428	532.174536	8.572823999999969	7.415858263843477	
10A	4	a	541.406808	562.509144	544.704048	21.102336000000037	0.20016672347887976	551.957976	10.551168000000018	2.9613209413392996	
10A	4	a	563.168592	570.42252	566.465832	7.2539279999999735	0.1384748352762193	566.465832	3.6269639999999868	0.7571593956780083	
10A	4	a	571.081968	600.09768	590.20596	29.015712000000008	0.6118461323815358	585.589824	14.507856000000004	11.7287667490217	
11A	4	a	0.0	15.826752	3.956688	15.826752	0.26732618109143047	7.913376	7.913376	4.294130311121739	
11A	4	a	17.805096	21.102336	18.464544	3.297240000000002	0.12271289587509937	19.123992	1.648620000000001	0.3121096231991558	
11A	4	a	27.037368	44.842464	30.334608	17.805096	0.660850022016831	35.610192	8.902548	9.44283642257997	
11A	2	b	45.501912	75.177072	67.923144	29.675159999999998	-0.8036155698270138	60.009768	14.837579999999999	-20.52211069720731	
11A	4	a	75.83652	91.663272	77.814864	15.826752000000013	0.49152467848685877	83.749896	7.913376000000007	5.761991181635579	
11A	4	a	92.32272	101.554992	98.257752	9.232271999999995	0.1788656094440766	96.938856	4.616135999999997	1.0087227734306405	
11A	2	b	103.533336	114.084504	110.127816	10.55116799999999	-0.14849003915492265	108.80892	5.275583999999995	-1.1803219163780296	
11A	4	a	116.722296	121.338432	118.70064	4.616135999999997	0.0732429210228771	118.70064	2.3080679999999987	0.23383118361630784	
11A	2	b	121.99788	126.614016	124.635672	4.616136000000012	-0.40239762654691535	123.976224	2.308068000000006	-1.5353194359627884	
11A	4	a	127.273464	138.48408	133.867944	11.210616000000002	2.28340350875506	132.549048	5.605308000000001	25.292411790271075	
11A	4	a	139.143528	146.397456	143.100216	7.253928000000002	0.7622071818632854	142.440768	3.626964000000001	3.919013683963235	
11A	4	a	147.056904	166.840344	156.948624	19.783439999999985	0.478188578346745	156.948624	9.891719999999992	8.860651368140273	
11A	4	a	168.818688	170.797032	168.818688	1.9783439999999928	0.04178077991169182	169.478136	0.9891719999999964	0.05140550021148682	
11A	2	b	171.45648	178.710408	174.094272	7.253928000000002	-0.1562951223986353	174.75372	3.626964000000001	-1.1085183677629002	
11A	4	a	180.688752	195.196608	187.94268	14.507856000000004	2.0434970050132737	187.94268	7.253928000000002	21.961853972832667	
11A	4	a	197.174952	214.980048	201.13164	17.80509600000002	0.9682577496114879	205.747776	8.90254800000001	11.454178572501286	
11A	2	b	215.639496	230.147352	222.893424	14.507856000000004	-0.23672979540596284	222.893424	7.253928000000002	-3.0928437928059767	
11A	4	a	230.8068	245.974104	233.444592	15.167304000000001	1.4734685163661947	238.060728	7.583652000000001	16.41605905943964	
11A	4	a	246.633552	267.07644	257.844168	20.442887999999982	0.373764267449455	256.525272	10.221443999999991	6.60504358772757	
11A	4	a	269.054784	273.67092	269.714232	4.61613600000004	0.12034986107435675	271.033128	2.30806800000002	0.4966288386563491	
11A	4	a	274.330368	293.45436	284.881536	19.123991999999987	0.9029508989210759	283.56264	9.561995999999994	13.570332683216856	
11A	4	a	295.432704	304.664976	300.04884	9.232272000000023	0.4032306839572053	300.04884	4.616136000000012	3.135518774569398	
11A	4	a	305.324424	307.302768	305.324424	1.9783439999999928	0.017521644872171116	305.983872	0.9891719999999964	0.029410845637074523	
11A	4	a	307.962216	310.600008	307.962216	2.6377919999999904	0.06576315010032019	309.281112	1.3188959999999952	0.15974257673137515	
11A	4	a	311.259456	318.513384	312.578352	7.2539279999999735	0.145618691339501	314.556696	3.6269639999999868	0.8190536516639395	
11A	4	a	319.172832	343.572408	333.680688	24.399575999999968	0.33869407249123107	331.042896	12.199787999999984	5.744131243929119	
11A	4	a	344.231856	350.826336	345.550752	6.594480000000033	0.24038069668146633	347.529096	3.2972400000000164	1.0403535905247732	
11A	4	a	351.485784	363.355848	355.442472	11.870063999999957	0.2235244996283292	357.420816	5.935031999999978	1.8575303178491533	
11A	4	a	364.015296	373.907016	364.674744	9.89172000000002	0.0933336932510258	368.631432	4.94586000000001	0.8696007626330999	
11A	4	a	374.566464	380.501496	377.863704	5.935031999999978	0.10372794248860284	377.204256	2.967515999999989	0.4485762086700702	
11A	4	a	381.160944	402.26328	391.712112	21.102336000000037	0.1453422932936661	391.712112	10.551168000000018	2.5896272031379794	
11A	4	a	404.241624	431.93844	415.45224	27.696816000000013	0.6126861173902904	418.090032	13.848408000000006	14.891434453381654	
11A	4	a	432.597888	443.808504	433.257336	11.210616000000016	0.14233309436764774	437.873472	5.605308000000008	1.0576704590268666	
11A	4	a	444.467952	455.678568	450.402984	11.210615999999959	0.13390348595979518	449.743536	5.6053079999999795	0.9300107252807464	
11A	4	a	456.338016	460.954152	456.997464	4.61613600000004	0.12876949129709825	458.31636	2.30806800000002	0.48852164094444195	
11A	4	a	463.591944	473.483664	466.889184	9.891719999999964	0.21824604794525726	468.20808	4.945859999999982	1.8657725436432395	
11A	4	a	474.143112	495.904896	487.332072	21.761784000000034	0.6051969435172806	484.69428	10.880892000000017	12.097566512465638	
11A	4	a	496.564344	522.942264	513.050544	26.377920000000017	0.18632458033796784	509.753304	13.188960000000009	3.0812127266081846	
11A	4	a	523.601712	530.85564	528.217848	7.2539279999999735	0.24942419134988114	526.898952	3.6269639999999868	1.8175016167488067	
11A	4	a	531.515088	541.406808	534.15288	9.891719999999964	0.4693404569177577	536.131224	4.945859999999982	3.464429392012066	
11A	4	a	542.066256	558.552456	544.704048	16.486200000000053	0.2846700993571467	549.979632	8.243100000000027	3.2698075929347152	
11A	4	a	559.211904	590.865408	581.633136	31.653503999999998	0.4827574338742169	575.038656	15.826751999999999	10.7897486037095	
11A	4	a	591.524856	600.09768	596.140992	8.572823999999969	0.6707502834722376	595.481544	4.286411999999984	4.0569171361464935	
12A	4	a	0.0	15.167304	1.318896	15.167304	0.5628162204788225	7.253928	7.583652	8.069385535335996	
12A	2	b	15.826752	18.464544	16.4862	2.6377919999999992	-0.037415835725656876	17.145648	1.3188959999999996	-0.08400515840919365	
12A	2	b	19.123992	25.059024	20.442888	5.935032	-0.12067843389261057	21.761784	2.967516	-0.6436442105620666	
12A	2	b	27.037368	29.015712	28.356264	1.9783439999999999	-0.04502748589961847	27.696816	0.9891719999999999	-0.04814882441788715	
12A	4	a	29.67516	34.291296	30.994056	4.616136000000001	0.10907775796126451	31.653504	2.3080680000000005	0.4484398999004915	
12A	4	a	34.950744	38.247984	36.26964	3.297240000000002	0.11742987062272814	36.26964	1.648620000000001	0.3209833286874728	
12A	4	a	38.907432	48.799152	46.16136	9.89172	0.27103942082972843	43.523568	4.94586	2.600332973541709	
12A	4	a	50.777496	54.734184	53.415288	3.9566879999999998	0.13880478757478087	52.75584	1.9783439999999999	0.5022358109945047	
12A	2	b	55.393632	87.047136	75.177072	31.653503999999998	-0.3102603092389957	71.220384	15.826751999999999	-7.490699291274238	
12A	4	a	87.706584	104.852232	91.663272	17.145647999999994	0.33076392969059754	96.279408	8.572823999999997	4.5138262793479536	
12A	2	b	105.51168	134.527392	123.976224	29.015711999999994	-0.6895537684552906	120.019536	14.507855999999997	-18.468300034298146	
12A	4	a	135.18684	149.035248	137.824632	13.848408000000006	1.7000425065643299	141.78132	6.924204000000003	19.690318866813683	
12A	4	a	149.694696	200.472192	191.23992	50.77749600000001	1.2731195754366542	174.75372	25.388748000000007	47.46221874227348	
12A	4	a	201.13164	246.633552	230.8068	45.501912000000004	1.2571362340258556	223.552872	22.750956000000002	66.55436635298418	
12A	4	a	249.271344	276.308712	258.503616	27.037368000000015	1.0403973075222819	262.460304	13.518684000000007	22.32565996030784	
12A	4	a	276.96816	293.45436	290.816568	16.486199999999997	0.6092056997326791	284.881536	8.243099999999998	8.56952099094639	
12A	4	a	294.113808	300.04884	298.070496	5.935031999999978	0.5848445454210722	296.7516	2.967515999999989	2.8781979014691466	
12A	4	a	300.708288	318.513384	304.664976	17.805095999999992	0.6843706117036694	309.281112	8.902547999999996	9.379698301751697	
12A	4	a	319.172832	325.107864	320.491728	5.935031999999978	0.0732023892972844	321.810624	2.967515999999989	0.38510440567109816	
12A	4	a	325.767312	332.361792	329.064552	6.594479999999976	0.11461892592458511	329.064552	3.297239999999988	0.7464652921224757	
12A	4	a	334.340136	338.956272	335.659032	4.61613600000004	0.1253150293092391	336.31848	2.30806800000002	0.48693428706397324	
12A	4	a	339.61572	367.312536	353.464128	27.696816000000013	0.4088601576395581	353.464128	13.848408000000006	9.216152178283885	
12A	2	b	371.269224	379.1826	373.907016	7.913375999999971	-0.0792145772477797	375.225912	3.9566879999999855	-0.3976644010439401	
12A	4	a	379.842048	383.139288	381.160944	3.297240000000045	0.08586215906887773	381.160944	1.6486200000000224	0.21104888565881552	
12A	2	b	383.798736	392.37156	387.755424	8.572823999999969	-0.12396142625745554	387.755424	4.286411999999984	-0.7351363442189491	
12A	4	a	396.328248	414.792792	408.85776	18.464544000000046	0.38866520897662493	405.56052	9.232272000000023	4.327011825827471	
12A	4	a	415.45224	431.93844	424.684512	16.486199999999997	0.31502365180427283	423.365616	8.243099999999998	4.543215269920021	
12A	4	a	432.597888	454.359672	450.402984	21.761783999999977	0.15141404192519126	443.149056	10.880891999999989	1.984670145739508	
12A	4	a	455.01912	457.656912	456.997464	2.6377919999999904	0.06492115596527981	456.338016	1.3188959999999952	0.1397205199940763	
12A	4	a	459.635256	461.6136	460.294704	1.9783439999999928	0.025377086346455968	460.294704	0.9891719999999964	0.03593603285968783	
12A	4	a	472.164768	498.542688	485.353728	26.377920000000017	0.4651226227799583	485.353728	13.188960000000009	8.089682785855313	
12A	4	a	499.202136	501.839928	499.861584	2.6377919999999904	0.06616078205690723	500.521032	1.3188959999999952	0.12717516286464203	
12A	2	b	502.499376	529.536744	522.942264	27.037368000000015	-0.40425723450232365	515.688336	13.518684000000007	-8.082585760663118	
12A	4	a	530.196192	554.595768	538.769016	24.399576000000025	1.0205790263382566	542.066256	12.199788000000012	19.0409821389273	
12A	2	b	557.23356	567.12528	565.146936	9.891719999999964	-0.11352683138013031	561.849696	4.945859999999982	-0.9946155619321897	
12A	2	b	567.784728	571.081968	567.784728	3.297239999999988	-0.04500273075636496	569.103624	1.648619999999994	-0.10417114324361831	
12A	4	a	573.060312	582.952032	576.357552	9.891720000000078	0.22977261865267273	577.676448	4.945860000000039	1.8116394440946393	
12A	4	a	583.61148	588.887064	586.249272	5.275583999999981	0.15980994116359426	586.249272	2.6377919999999904	0.5788928310133366	
12A	4	a	589.546512	600.09768	594.162648	10.551167999999961	0.644556179011933	594.822096	5.275583999999981	5.633087406660417	
13A	4	a	0.0	15.167304	1.318896	15.167304	0.5035015516118442	7.253928	7.583652	5.934305376881552	
13A	4	a	15.826752	23.740128	15.826752	7.913375999999998	0.07421583419792821	19.78344	3.956687999999999	0.2763914446888234	
13A	4	a	25.718472	35.610192	29.67516	9.89172	0.1128015313862667	30.334608	4.94586	0.5488367868567501	
13A	2	b	37.588536	40.226328	39.56688	2.6377920000000046	-0.08352791320398545	38.907432	1.3188960000000023	-0.19079877359680442	
13A	4	a	43.523568	79.793208	49.4586	36.26964000000001	0.6955729210688695	61.328664	18.134820000000005	15.072703707046223	
13A	4	a	80.452656	83.090448	80.452656	2.6377919999999904	0.08242773821838956	81.771552	1.3188959999999952	0.1347508473717265	
13A	2	b	83.749896	87.706584	86.387688	3.9566879999999998	-0.10379714372441473	85.72824	1.9783439999999999	-0.30382780290336076	
13A	4	a	90.344376	103.533336	92.982168	13.188960000000009	0.6149983058842832	96.938856	6.594480000000004	5.240261825964918	
13A	4	a	104.192784	112.765608	108.149472	8.572823999999997	0.2669877353231511	108.149472	4.286411999999999	1.9065336169153855	
13A	4	a	113.425056	119.360088	118.70064	5.935032000000007	0.060419746627383475	116.062848	2.9675160000000034	0.13522413332198235	
13A	4	a	121.338432	128.59236	123.316776	7.253928000000016	0.10762005889766346	124.635672	3.626964000000008	0.5150446279999592	
13A	2	b	129.251808	138.48408	134.527392	9.232271999999995	-0.3112438693989654	133.867944	4.616135999999997	-2.1436644934198292	
13A	4	a	139.143528	151.013592	143.100216	11.870063999999985	0.6163694439785221	145.07856	5.9350319999999925	6.594491255937891	
13A	4	a	151.67304	162.883656	154.97028	11.210616000000016	0.36105160725751784	156.948624	5.605308000000008	3.209999294627699	
13A	4	a	163.543104	173.434824	167.499792	9.891719999999992	0.3017858745087185	168.15924	4.945859999999996	2.348047268951104	
13A	2	b	175.413168	177.391512	176.072616	1.9783439999999928	-0.04555532986971311	176.072616	0.9891719999999964	-0.06526317576826424	
13A	2	b	179.369856	192.558816	185.964336	13.188960000000009	-0.1960308856432098	185.964336	6.594480000000004	-1.8766766759669928	
13A	4	a	193.218264	201.13164	194.53716	7.9133759999999995	0.4062396233686725	197.174952	3.9566879999999998	3.0606513334849748	
13A	4	a	201.791088	213.001704	209.045016	11.210615999999987	0.3740835640556215	207.066672	5.605307999999994	3.39102367746005	
13A	4	a	213.661152	216.298944	213.661152	2.637792000000019	0.16251444543907745	214.980048	1.3188960000000094	0.22364047690970867	
13A	4	a	216.958392	219.596184	218.936736	2.6377919999999904	0.11713514037199158	218.277288	1.3188959999999952	0.21706024082392794	
13A	4	a	220.255632	232.125696	224.21232	11.870064000000013	0.2434062879469039	226.190664	5.935032000000007	1.8011525962185564	
13A	4	a	232.785144	242.676864	239.379624	9.891719999999992	0.16314909682052736	237.40128	4.945859999999996	1.2537914744281462	
13A	4	a	243.336312	254.546928	245.974104	11.210616000000016	0.6566595511052924	248.611896	5.605308000000008	5.4475364026037605	
13A	4	a	257.18472	259.163064	257.18472	1.9783439999999928	0.08178715985447305	257.844168	0.9891719999999964	0.07820448270327152	
13A	4	a	259.822512	264.438648	262.460304	4.616135999999983	0.21913152178889383	261.800856	2.3080679999999916	0.9379200164970896	
13A	4	a	265.098096	284.222088	279.605952	19.123991999999987	0.29224254338174926	274.330368	9.561995999999994	5.281621535685868	
13A	4	a	288.178776	290.15712	288.838224	1.9783439999999928	0.0346963957765718	288.838224	0.9891719999999964	0.05104457433412524	
13A	4	a	290.816568	305.983872	299.389392	15.167304000000001	0.7234535898131096	298.070496	7.583652000000001	6.677323099970163	
13A	4	a	306.64332	318.513384	312.578352	11.870063999999957	0.27264983637888296	312.578352	5.935031999999978	3.1880277508613575	
13A	4	a	319.172832	323.788968	319.172832	4.616135999999983	0.10054112283479633	321.151176	2.3080679999999916	0.21690849845490945	
13A	2	b	324.448416	335.659032	333.02124	11.210616000000016	-0.15567544549161916	329.724	5.605308000000008	-1.372415736086349	
13A	4	a	336.31848	352.80468	350.166888	16.486199999999997	0.3900897814303228	344.231856	8.243099999999998	3.7818650896329524	
13A	4	a	353.464128	371.269224	357.420816	17.805095999999992	0.4461637161710277	362.036952	8.902547999999996	6.866400788346741	
13A	4	a	375.88536	389.733768	381.160944	13.848408000000006	0.15102979914629255	382.47984	6.924204000000003	1.5429480497808643	
13A	4	a	390.393216	402.26328	397.647144	11.870064000000013	0.12621143891713515	396.328248	5.935032000000007	1.3907430565843018	
13A	4	a	402.922728	431.93844	420.727824	29.015712000000008	0.5102245207124732	417.430584	14.507856000000004	12.220235138338719	
13A	4	a	432.597888	451.062432	439.851816	18.46454399999999	0.19075789056251935	441.83016	9.232271999999995	3.010472789687184	
13A	4	a	451.72188	476.121456	464.251392	24.399576000000025	0.1677036451665712	463.591944	12.199788000000012	2.798603381100775	
13A	4	a	476.780904	502.499376	489.969864	25.718471999999963	0.8772673782387388	489.310416	12.859235999999981	19.4425206192443	
13A	4	a	503.158824	543.385152	538.109568	40.22632799999997	0.775515987823403	522.942264	20.113163999999983	12.560102128935506	
13A	4	a	544.0446	564.487488	550.63908	20.44288800000004	0.5732722893423441	553.93632	10.22144400000002	11.34654182745568	
13A	4	a	565.146936	583.61148	575.038656	18.464544000000046	0.3638860002397939	574.379208	9.232272000000023	4.529774680280959	
13A	4	a	584.270928	598.119336	595.481544	13.84840799999995	0.7045550615921652	590.865408	6.924203999999975	7.904403335565311	
13A	4	a	598.778784	600.09768	600.09768	1.3188959999999952	0.3307842364073039	599.438232	0.6594479999999976	0.11624243494387532	
14A	4	a	0.0	7.913376	1.318896	7.913376	0.13696618041880182	3.956688	3.956688	0.988426292316265	
14A	4	a	8.572824	19.123992	12.529512	10.551168	0.2734837633698053	13.848408	5.275584	2.1363489809071914	
14A	4	a	19.78344	34.950744	30.334608	15.167304000000001	0.16378044004678216	27.037368	7.583652000000001	1.598067926169009	
14A	4	a	35.610192	38.247984	36.26964	2.6377920000000046	0.09590745143180879	36.929088	1.3188960000000023	0.17636318380921567	
14A	2	b	38.907432	46.16136	42.204672	7.253928000000002	-0.18507928815133923	42.204672	3.626964000000001	-0.9913664287654216	
14A	4	a	46.820808	67.923144	52.75584	21.102335999999994	0.5624847414941945	57.371976	10.551167999999997	9.059085567578194	
14A	4	a	68.582592	92.982168	87.706584	24.399575999999996	0.3101625022613881	80.452656	12.199787999999998	4.750744582827817	
14A	4	a	93.641616	96.938856	96.279408	3.297240000000002	0.13762488569911646	94.960512	1.648620000000001	0.4743458825841702	
14A	4	a	97.598304	118.041192	102.873888	20.442887999999996	0.6210481925948885	107.490024	10.221443999999998	7.655404048987654	
14A	4	a	118.70064	120.678984	120.019536	1.9783439999999928	0.038546657744446655	119.360088	0.9891719999999964	0.022750179174441776	
14A	2	b	126.614016	129.251808	127.273464	2.6377920000000046	-0.05193820492239176	127.932912	1.3188960000000023	-0.1094882576612024	
14A	2	b	129.911256	133.208496	131.230152	3.297239999999988	-0.06266426973186068	131.230152	1.648619999999994	-0.15757279083219666	
14A	4	a	133.867944	137.165184	135.846288	3.2972400000000164	0.052744148319512796	135.18684	1.6486200000000082	0.14346263559022576	
14A	4	a	142.440768	162.224208	147.056904	19.783440000000013	0.7306751254870418	152.332488	9.891720000000007	11.873720751867623	
14A	4	a	164.202552	166.180896	164.862	1.9783439999999928	0.08456164035327252	164.862	0.9891719999999964	0.11877561455143404	
14A	2	b	168.15924	189.921024	182.667096	21.761783999999977	-0.1681077118336285	178.710408	10.880891999999989	-2.929698055025688	
14A	4	a	191.899368	212.342256	199.153296	20.442887999999982	0.4407872101699697	201.791088	10.221443999999991	7.839547097609032	
14A	4	a	220.255632	227.50956	222.893424	7.253928000000002	0.12081592651049355	223.552872	3.626964000000001	0.5124981776341291	
14A	4	a	233.444592	257.844168	246.633552	24.399576000000025	0.501962779705404	245.314656	12.199788000000012	7.211135465978105	
14A	4	a	258.503616	274.989816	262.460304	16.486199999999997	0.3759457129681527	266.416992	8.243099999999998	4.403613710004727	
14A	4	a	275.649264	284.881536	278.287056	9.232271999999966	0.10359905907493072	280.2654	4.616135999999983	0.6287151724878846	
14A	4	a	286.85988	307.302768	294.113808	20.44288800000004	0.3430828081575106	296.7516	10.22144400000002	5.567164159832801	
14A	4	a	307.962216	325.767312	311.918904	17.805095999999992	0.3519803792942522	316.53504	8.902547999999996	3.89063847354078	
14A	2	b	327.745656	332.361792	331.702344	4.616135999999983	-0.044745762788473975	329.724	2.3080679999999916	-0.09692518861943178	
14A	4	a	334.340136	356.10192	349.50744	21.761784000000034	0.45034373495675784	344.891304	10.880892000000017	5.719879552573538	
14A	4	a	356.761368	375.88536	364.674744	19.123991999999987	0.41431126762365	365.99364	9.561995999999994	6.479313765081638	
14A	4	a	376.544808	383.139288	382.47984	6.594480000000033	0.1270859953653689	379.842048	3.2972400000000164	0.6105159089156995	
14A	4	a	383.798736	388.414872	385.77708	4.616135999999983	0.08169625870946895	385.77708	2.3080679999999916	0.19630120411469676	
14A	4	a	389.07432	395.009352	391.052664	5.935031999999978	0.07755425078227773	391.712112	2.967515999999989	0.35576794814223556	
14A	4	a	396.987696	398.96604	396.987696	1.9783439999999928	0.07327106898341196	397.647144	0.9891719999999964	0.07019970113869745	
14A	4	a	399.625488	407.538864	406.219968	7.913375999999971	0.1491004924225976	403.582176	3.9566879999999855	1.029825156967994	
14A	4	a	408.198312	421.387272	414.133344	13.188960000000009	0.6933406478962718	414.792792	6.594480000000004	7.205712737762441	
14A	4	a	422.04672	428.6412	424.025064	6.594480000000033	0.31576427379003125	425.34396	3.2972400000000164	1.8058542437410332	
14A	4	a	429.300648	431.278992	430.619544	1.9783439999999928	0.12515389707527635	429.960096	0.9891719999999964	0.192749150566363	
14A	4	a	431.93844	451.062432	438.53292	19.123991999999987	0.2133503235842822	441.170712	9.561995999999994	2.555606427061963	
14A	4	a	451.72188	453.700224	452.381328	1.9783439999999928	0.08422238371615265	452.381328	0.9891719999999964	0.11668179741972606	
14A	4	a	456.997464	486.672624	479.418696	29.675160000000005	0.5259701773495333	471.50532	14.837580000000003	8.64894938670952	
14A	4	a	487.332072	508.434408	495.245448	21.102336000000037	0.38123582667083955	497.88324	10.551168000000018	7.395718135969849	
14A	4	a	509.093856	512.391096	511.0722	3.297239999999931	0.1419619875338496	510.412752	1.6486199999999656	0.3494620419030232	
14A	4	a	513.050544	544.0446	538.109568	30.994056	1.3561684647907777	528.217848	15.497028	36.81694981792112	
14A	4	a	544.704048	600.09768	556.574112	55.393632000000025	1.9801430646951221	572.400864	27.696816000000013	108.08270491688086	
15A	4	a	0.0	7.253928	0.0	7.253928	0.5444569166296676	3.29724	3.626964	2.842345843507912	
15A	4	a	7.913376	19.78344	13.18896	11.870064	0.29929070367221033	13.848408	5.935032	3.1040802681184467	
15A	4	a	20.442888	25.718472	25.059024	5.2755839999999985	0.0777565985519475	23.08068	2.6377919999999992	0.2853625663370938	
15A	4	a	27.696816	48.139704	46.16136	20.442888000000004	0.26664537122206955	37.588536	10.221444000000002	3.411560983035989	
15A	4	a	48.799152	53.415288	50.777496	4.616135999999997	0.23166613838301853	50.777496	2.3080679999999987	0.8389147694997496	
15A	4	a	54.074736	56.712528	55.393632	2.6377919999999975	0.13976251088711855	55.393632	1.3188959999999987	0.30531947924890446	
15A	4	a	58.690872	78.474312	60.669216	19.78344	0.2714903461999887	68.582592	9.89172	4.276555584277116	
15A	4	a	79.13376	85.72824	79.13376	6.594480000000004	0.07788663768549409	82.431	3.297240000000002	0.32769592554557647	
15A	4	a	86.387688	91.663272	87.706584	5.275584000000009	0.11568122493656574	89.02548	2.6377920000000046	0.4699094453305164	
15A	2	b	92.32272	94.301064	92.982168	1.9783439999999928	-0.03972151562598203	92.982168	0.9891719999999964	-0.055975894680397875	
15A	4	a	94.960512	102.873888	99.576648	7.9133759999999995	0.3828525989709677	98.9172	3.9566879999999998	2.2804797603795723	
15A	4	a	103.533336	105.51168	103.533336	1.9783439999999928	0.030849587948437396	104.192784	0.9891719999999964	0.0213384775947425	
15A	4	a	106.171128	113.425056	108.149472	7.253928000000002	0.18355072441309161	109.468368	3.626964000000001	1.1738129278884357	
15A	4	a	116.062848	118.70064	116.722296	2.6377920000000046	0.04308921766389773	117.381744	1.3188960000000023	0.09693785138735755	
15A	4	a	119.360088	121.338432	119.360088	1.9783439999999928	0.08720817399729963	120.019536	0.9891719999999964	0.12519185900514396	
15A	4	a	121.99788	125.954568	123.976224	3.9566879999999998	0.08587228460882557	123.976224	1.9783439999999999	0.2434668144488943	
15A	4	a	126.614016	131.230152	128.59236	4.616135999999997	0.08246009866868942	128.59236	2.3080679999999987	0.30031837458336064	
15A	4	a	135.846288	161.56476	148.3758	25.71847200000002	0.4971811954665535	148.3758	12.85923600000001	6.551822315135477	
15A	4	a	162.224208	168.15924	163.543104	5.935032000000007	0.25153690497021675	164.862	2.9675160000000034	1.2788640668951508	
15A	4	a	168.818688	172.115928	170.137584	3.297239999999988	0.11752139556930796	170.137584	1.648619999999994	0.2576156166194852	
15A	2	b	177.391512	191.899368	187.94268	14.507856000000004	-0.16888330849823596	184.64544	7.253928000000002	-1.9609715616423489	
15A	4	a	192.558816	213.001704	206.407224	20.442887999999982	0.5396143985680562	202.450536	10.221443999999991	10.888269348902853	
15A	4	a	213.661152	236.741832	222.893424	23.08068	0.37140589417436143	224.871768	11.54034	7.593651297237026	
15A	4	a	237.40128	242.676864	240.039072	5.275583999999981	0.03589164891664698	240.039072	2.6377919999999904	0.13619808981660908	
15A	4	a	243.336312	269.714232	255.865824	26.37791999999999	0.37252860740931215	256.525272	13.188959999999994	7.769218449339124	
15A	4	a	271.692576	282.243744	273.011472	10.551168000000018	0.14004679089571326	276.96816	5.275584000000009	1.0571979764882893	
15A	4	a	288.838224	298.729944	295.432704	9.891719999999964	0.32864333203007323	293.45436	4.945859999999982	2.5112254218276613	
15A	4	a	299.389392	310.600008	305.983872	11.210616000000016	0.29902777215289866	304.664976	5.605308000000008	2.9859177181238987	
15A	4	a	311.259456	331.042896	321.151176	19.783439999999985	0.24455350559985867	321.151176	9.891719999999992	4.233714152919387	
15A	4	a	333.680688	341.594064	336.31848	7.913376000000028	0.10438089315042731	337.637376	3.956688000000014	0.7719360664252348	
15A	4	a	342.253512	367.971984	351.485784	25.71847200000002	0.3603158121800014	354.783024	12.85923600000001	6.2907098618401625	
15A	4	a	368.631432	426.003408	416.111688	57.37197599999996	0.9244688550205495	396.987696	28.68598799999998	30.82311300104309	
15A	2	b	426.662856	429.300648	427.981752	2.637792000000047	-0.08184898791434847	427.981752	1.3188960000000236	-0.12306391553672946	
15A	4	a	429.960096	470.186424	437.214024	40.22632799999997	0.37036216674072	449.743536	20.113163999999983	12.647385369099847	
15A	4	a	470.845872	491.948208	484.034832	21.102336000000037	0.4200228877024186	481.39704	10.551168000000018	6.714777739144462	
15A	4	a	492.607656	517.007232	501.18048	24.399576000000025	0.3192875557342649	504.47772	12.199788000000012	6.225767584013237	
15A	4	a	517.66668	538.109568	530.196192	20.442887999999925	0.20070064975359525	527.5584	10.221443999999963	3.8421423331575553	
15A	4	a	538.769016	550.63908	546.682392	11.87006400000007	0.8508293850647934	544.704048	5.935032000000035	9.146738357295092	
15A	4	a	551.298528	575.038656	569.763072	23.740127999999913	0.49923837795169757	563.168592	11.870063999999957	10.262975465056567	
15A	4	a	575.698104	600.09768	600.09768	24.399576000000025	1.2223186783613516	587.568168	12.199788000000012	9.360963187596425	
16A	2	b	0.0	3.29724	0.0	3.29724	-0.20644232840904975	1.318896	1.64862	-0.41610737364550143	
16A	4	a	3.956688	27.037368	15.826752	23.08068	0.3889696460767982	15.167304	11.54034	7.106763687125417	
16A	4	a	29.67516	32.312952	30.334608	2.637792000000001	0.15635459872218416	30.994056	1.3188960000000005	0.35022776504649333	
16A	4	a	34.950744	46.16136	36.929088	11.210616000000002	0.14795637355270186	40.226328	5.605308000000001	1.4483454473848996	
16A	4	a	46.820808	72.53928	59.35032	25.718472000000006	0.4214687065730027	59.35032	12.859236000000003	9.008536858772475	
16A	2	b	73.198728	101.554992	93.641616	28.356263999999996	-0.11305173939232827	87.047136	14.178131999999998	-2.484272580008205	
16A	4	a	102.21444	110.787264	104.852232	8.572823999999997	0.17149181008880854	106.171128	4.286411999999999	1.4038568837022491	
16A	4	a	111.446712	121.338432	113.425056	9.891719999999992	0.08170008862790556	116.062848	4.945859999999996	0.5530908025860612	
16A	4	a	121.99788	130.570704	123.976224	8.572824000000011	0.07038822844948767	125.954568	4.286412000000006	0.5406990610521374	
16A	2	b	133.867944	136.505736	135.846288	2.637792000000019	-0.009217140245935784	135.18684	1.3188960000000094	-0.01457631477497312	
16A	2	b	137.165184	143.100216	141.121872	5.935031999999978	-0.050832297864152665	139.802976	2.967515999999989	-0.26497487108442463	
16A	4	a	145.738008	172.775376	163.543104	27.037367999999987	0.48989451607726986	158.926968	13.518683999999993	11.100395959238387	
16A	4	a	173.434824	179.369856	177.391512	5.935032000000007	0.13571199020929026	176.072616	2.9675160000000034	0.5118911080368931	
16A	4	a	180.029304	183.985992	181.3482	3.956688000000014	0.06097315216173893	182.007648	1.978344000000007	0.17675299481102247	
16A	4	a	184.64544	189.261576	184.64544	4.616135999999983	0.05920077666861667	186.623784	2.3080679999999916	0.16101416371302646	
16A	4	a	189.921024	195.196608	191.899368	5.275584000000009	0.1575322089629161	192.558816	2.6377920000000046	0.6893154458583031	
16A	4	a	195.856056	232.125696	211.682808	36.26964000000001	0.6329788309790385	213.661152	18.134820000000005	16.26711342437961	
16A	4	a	232.785144	234.763488	233.444592	1.9783439999999928	0.03797554235699385	233.444592	0.9891719999999964	0.04395704139983447	
16A	2	b	235.422936	248.611896	240.039072	13.188960000000009	-0.11485947398987673	242.017416	6.594480000000004	-1.2069987530986719	
16A	2	b	249.271344	254.546928	251.249688	5.275584000000009	-0.0794324696676334	251.909136	2.6377920000000046	-0.24076715817189753	
16A	4	a	255.206376	278.946504	263.119752	23.740128	0.2869446668734028	267.07644	11.870064	5.231516922010508	
16A	4	a	279.605952	282.243744	279.605952	2.6377919999999904	0.05950847900678857	280.924848	1.3188959999999952	0.12233469673608832	
16A	2	b	282.903192	285.540984	284.222088	2.6377919999999904	-0.019374471195455545	284.222088	1.3188959999999952	-0.046090281620637	
16A	4	a	288.178776	298.729944	294.773256	10.551167999999961	0.117287327204465	293.45436	5.275583999999981	0.7256901042197819	
16A	4	a	299.389392	334.999584	314.556696	35.61019200000004	0.199254513752809	317.194488	17.80509600000002	5.186476187247334	
16A	4	a	335.659032	340.934616	337.637376	5.275583999999981	0.06902336535409415	338.296824	2.6377919999999904	0.28042675065168554	
16A	4	a	341.594064	343.572408	342.91296	1.9783439999999928	0.010165893176059093	342.253512	0.9891719999999964	0.009434652163812896	
16A	4	a	345.550752	347.529096	345.550752	1.9783439999999928	0.04869910784533671	346.2102	0.9891719999999964	0.06697863337612109	
16A	4	a	351.485784	385.117632	369.29088	33.63184799999999	0.3262750440926365	367.971984	16.815923999999995	4.833818942194318	
16A	4	a	385.77708	408.198312	392.37156	22.421231999999975	0.12177543137231739	396.987696	11.210615999999987	2.018436838436652	
16A	4	a	408.85776	435.895128	429.960096	27.037368000000015	0.28232873043596785	422.04672	13.518684000000007	5.522409316640062	
16A	4	a	436.554576	443.149056	437.214024	6.594479999999976	0.12986005721139815	439.851816	3.297239999999988	0.7665355131207741	
16A	4	a	445.1274	447.105744	446.446296	1.9783439999999928	0.034761302661022064	445.786848	0.9891719999999964	0.045814067213786336	
16A	4	a	447.765192	451.062432	449.084088	3.297239999999988	0.03518045787351376	449.084088	1.648619999999994	0.06996257834646769	
16A	4	a	451.72188	455.01912	454.359672	3.297239999999988	0.040534481869008765	453.040776	1.648619999999994	0.052461680994431825	
16A	4	a	455.678568	460.954152	456.997464	5.275584000000038	0.06747214911363342	458.31636	2.637792000000019	0.23851535514222477	
16A	4	a	461.6136	465.570288	463.591944	3.9566879999999855	0.07517392870557416	463.591944	1.9783439999999928	0.1625609679513651	
16A	4	a	466.229736	470.186424	466.229736	3.9566879999999855	0.06113329735578654	468.20808	1.9783439999999928	0.16834302743489937	
16A	4	a	470.845872	476.780904	472.824216	5.935032000000035	0.084091531084177	473.483664	2.9675160000000176	0.38913082629357554	
16A	4	a	477.440352	511.731648	495.245448	34.29129599999999	0.316606338890403	494.586	17.145647999999994	6.890659839966338	
16A	2	b	514.36944	542.725704	534.812328	28.356263999999896	-0.1476380885536246	528.217848	14.178131999999948	-2.877665975795651	
16A	4	a	543.385152	556.574112	550.63908	13.188960000000066	0.27231569038608106	549.979632	6.594480000000033	2.469986087841654	
16A	4	a	557.23356	561.849696	559.211904	4.616135999999983	0.24850484281459861	559.211904	2.3080679999999916	0.9201872955286339	
16A	4	a	562.509144	577.676448	563.82804	15.167304000000058	0.2377478204955228	569.763072	7.583652000000029	2.558739142676412	
16A	4	a	578.335896	600.09768	600.09768	21.76178399999992	0.8528894372181877	588.887064	10.88089199999996	9.836460422025173	
17A	4	a	1.978344	3.956688	2.637792	1.978344	0.04304489063764105	2.637792	0.989172	0.06794387703600213	
17A	4	a	5.935032	24.399576	17.805096	18.464544	0.5180839234422439	15.167304	9.232272	8.557182413195642	
17A	4	a	25.059024	58.690872	33.631848	33.631848	0.33730811651059955	41.545224	16.815924	7.254643507936427	
17A	4	a	59.35032	79.13376	65.285352	19.78343999999999	0.11007414099371937	69.24204	9.891719999999996	1.1690552798723772	
17A	4	a	79.793208	82.431	81.112104	2.6377919999999904	0.07083961319153786	81.112104	1.3188959999999952	0.1376898032730578	
17A	4	a	83.090448	86.387688	85.068792	3.297240000000002	0.0504272915447852	84.409344	1.648620000000001	0.14487652230694414	
17A	4	a	87.047136	93.641616	89.02548	6.594480000000004	0.0641854817084444	90.344376	3.297240000000002	0.3082830716336171	
17A	4	a	94.301064	96.279408	94.301064	1.978344000000007	0.06914727574296187	94.960512	0.9891720000000035	0.08905727598874158	
17A	4	a	98.257752	102.21444	101.554992	3.9566879999999998	0.04916541589186352	100.236096	1.9783439999999999	0.2094020158822667	
17A	4	a	102.873888	108.80892	108.149472	5.935032000000007	0.06496795042805248	105.51168	2.9675160000000034	0.19858020955709965	
17A	4	a	110.787264	119.360088	117.381744	8.572824000000011	0.08136216041389055	114.743952	4.286412000000006	0.649781052254609	
17A	4	a	121.99788	135.18684	130.570704	13.188959999999994	0.06737578308003656	128.59236	6.594479999999997	0.7417110837260024	
17A	4	a	135.846288	141.121872	135.846288	5.275584000000009	0.06227510554725235	138.48408	2.6377920000000046	0.22395153208262975	
17A	4	a	141.78132	144.419112	143.759664	2.637792000000019	0.048740071271628604	143.100216	1.3188960000000094	0.07196977066580934	
17A	4	a	145.07856	166.840344	163.543104	21.761783999999977	0.21199458468487364	155.629728	10.880891999999989	3.2079505969052837	
17A	4	a	167.499792	173.434824	170.797032	5.935031999999978	0.24613282599496156	170.137584	2.967515999999989	1.2317998179058733	
17A	4	a	174.094272	191.23992	182.007648	17.145648000000023	0.24626977509038195	182.667096	8.572824000000011	3.6680224737272993	
17A	4	a	191.899368	197.174952	194.53716	5.275583999999981	0.40033642369913247	194.53716	2.6377919999999904	1.6386140151182398	
17A	4	a	197.8344	208.385568	201.791088	10.551168000000018	0.20261502253001495	203.109984	5.275584000000009	1.4829998037270213	
17A	4	a	209.045016	226.190664	218.936736	17.145647999999994	0.45098286675421173	217.61784	8.572823999999997	6.156160782886962	
17A	4	a	226.850112	235.422936	230.147352	8.572823999999997	0.14477532485421163	230.8068	4.286411999999999	0.9334532499773658	
17A	4	a	244.655208	247.293	244.655208	2.637792000000019	0.028990419785883237	245.974104	1.3188960000000094	0.050697836834519894	
17A	2	b	247.952448	251.249688	247.952448	3.297239999999988	-0.04799931455017736	249.271344	1.648619999999994	-0.13288740700568402	
17A	4	a	251.909136	255.206376	253.88748	3.2972400000000164	0.08093033199812893	253.228032	1.6486200000000082	0.181215603241917	
17A	4	a	255.865824	261.141408	257.18472	5.275584000000009	0.0815203893237384	258.503616	2.6377920000000046	0.30381884651061775	
17A	4	a	261.800856	267.07644	263.7792	5.275583999999981	0.10540401916146758	264.438648	2.6377919999999904	0.4748079031058554	
17A	4	a	267.735888	270.37368	269.054784	2.6377919999999904	0.0751722281010756	269.054784	1.3188959999999952	0.18201764184584746	
17A	4	a	271.033128	294.113808	289.497672	23.08068000000003	0.09369032753963946	282.243744	11.540340000000015	1.4134556687499351	
17A	4	a	294.773256	303.34608	295.432704	8.572823999999969	0.06521533341223318	298.729944	4.286411999999984	0.41002278603908415	
17A	4	a	304.005528	315.216144	311.259456	11.210615999999959	0.060371515018690314	309.281112	5.6053079999999795	0.40224831272643513	
17A	4	a	317.194488	320.491728	319.83228	3.297240000000045	0.04535294903469067	318.513384	1.6486200000000224	0.05407904792205165	
17A	4	a	321.151176	329.724	323.12952	8.572823999999969	0.06045748195885503	325.107864	4.286411999999984	0.28570536497691545	
17A	4	a	330.383448	332.361792	331.702344	1.9783439999999928	0.03623603914755247	331.042896	0.9891719999999964	0.02599564844578328	
17A	4	a	334.340136	336.977928	334.999584	2.637792000000047	0.03000039201123572	335.659032	1.3188960000000236	0.04132771248927081	
17A	4	a	337.637376	340.934616	338.956272	3.297239999999988	0.03902189935395706	338.956272	1.648619999999994	0.0667529922067085	
17A	2	b	344.891304	346.869648	344.891304	1.9783439999999928	-0.04043232494997495	345.550752	0.9891719999999964	-0.034602501005183584	
17A	2	b	348.847992	350.826336	350.166888	1.9783440000000496	-0.019617478827730572	349.50744	0.9891720000000248	-0.03196191881354493	
17A	4	a	351.485784	375.88536	368.631432	24.399575999999968	0.283891270211571	363.355848	12.199787999999984	3.730504527097496	
17A	4	a	376.544808	390.393216	383.139288	13.848408000000006	0.17320741238767612	383.139288	6.924204000000003	2.330386753644872	
17A	4	a	391.052664	398.306592	396.328248	7.25392800000003	0.10538458210462442	394.349904	3.626964000000015	0.6579385434402849	
17A	4	a	398.96604	400.944384	400.284936	1.9783439999999928	0.03437701316333408	399.625488	0.9891719999999964	0.0218268072475567	
17A	4	a	401.603832	404.241624	402.26328	2.6377919999999904	0.03458022297165053	402.922728	1.3188959999999952	0.069538524147154	
17A	4	a	404.901072	406.879416	404.901072	1.9783439999999928	0.029147663766611043	405.56052	0.9891719999999964	0.026994081935969083	
17A	4	a	407.538864	431.93844	422.04672	24.399576000000025	0.16637351776069442	419.408928	12.199788000000012	3.3647268642368857	
17A	4	a	432.597888	453.700224	434.576232	21.10233599999998	0.16534861646295562	443.149056	10.55116799999999	2.6891138888937043	
17A	4	a	454.359672	489.969864	486.672624	35.610191999999984	0.10974084904114312	472.164768	17.805095999999992	2.849660405359561	
17A	4	a	490.629312	492.607656	491.28876	1.9783439999999928	0.06224318505899884	491.28876	0.9891719999999964	0.08439018869401527	
17A	4	a	493.267104	495.904896	495.245448	2.6377919999999904	0.09649364852847775	494.586	1.3188959999999952	0.1402065663444665	
17A	4	a	496.564344	516.347784	501.18048	19.78344000000004	0.1595993587096256	506.456064	9.89172000000002	2.6852342777713076	
17A	4	a	518.326128	522.282816	520.304472	3.9566879999999855	0.07630749719867991	520.304472	1.9783439999999928	0.18064826217391494	
17A	4	a	522.942264	528.877296	524.920608	5.935031999999978	0.07603706578161562	525.580056	2.967515999999989	0.3438315818655986	
17A	4	a	529.536744	534.812328	532.833984	5.275583999999981	0.11471641961586743	532.174536	2.6377919999999904	0.45197627613591496	
17A	4	a	535.471776	554.595768	549.979632	19.123992000000044	0.13099237032674083	544.704048	9.561996000000022	1.4370804767212784	
17A	4	a	555.255216	569.763072	567.12528	14.507855999999947	0.3320828796891844	562.509144	7.2539279999999735	4.006351279392002	
17A	4	a	570.42252	575.698104	573.060312	5.275583999999981	0.2647423773591142	573.060312	2.6377919999999904	1.1498733629426892	
17A	4	a	576.357552	581.633136	578.995344	5.275583999999981	0.3610295390732694	578.995344	2.6377919999999904	1.859209043326765	
17A	4	a	583.61148	594.822096	591.524856	11.210615999999959	0.33439786599569254	588.887064	5.6053079999999795	3.6959972822822076	
17A	4	a	595.481544	600.09768	597.459888	4.616135999999983	0.08688756275025566	597.459888	2.3080679999999916	0.309771370233084	
18A	4	a	3.956688	8.572824	6.59448	4.616136000000001	0.07458797040767662	5.935032	2.3080680000000005	0.15806348807331494	
18A	4	a	13.848408	27.696816	17.805096	13.848408	0.48831845885675884	20.442888	6.924204	4.629814572613466	
18A	4	a	28.356264	32.312952	30.334608	3.9566880000000033	0.32149517431374486	30.334608	1.9783440000000017	1.1154697727709408	
18A	4	a	32.9724	50.777496	34.291296	17.805096	0.26544893086364896	41.545224	8.902548	3.1703562909985425	
18A	4	a	52.75584	74.517624	65.285352	21.761784	0.17041237653736996	63.307008	10.880892	3.4159688706796887	
18A	4	a	75.177072	85.72824	81.771552	10.551168000000004	0.08521000246820032	80.452656	5.275584000000002	0.6660053407522759	
18A	4	a	86.387688	92.32272	88.366032	5.935032000000007	0.052328760580293565	89.02548	2.9675160000000034	0.3191394559264795	
18A	4	a	92.982168	104.192784	100.236096	11.210616000000002	0.11241151369856572	98.257752	5.605308000000001	0.8918037376802617	
18A	4	a	104.852232	110.787264	108.149472	5.9350319999999925	0.03586824853264625	107.490024	2.9675159999999963	0.20806195014302586	
18A	4	a	111.446712	115.4034	113.425056	3.9566879999999998	0.037012718814879886	113.425056	1.9783439999999999	0.10979500018651667	
18A	4	a	116.062848	120.019536	118.70064	3.9566879999999998	0.08541608461074413	118.041192	1.9783439999999999	0.2906395104376016	
18A	4	a	120.678984	127.273464	123.976224	6.594480000000004	0.09501550441466167	123.976224	3.297240000000002	0.5221731821026219	
18A	4	a	127.932912	139.802976	132.549048	11.870064	0.14406760720366396	133.867944	5.935032	1.317865796478918	
18A	4	a	140.462424	146.397456	143.759664	5.935032000000007	0.0679033522634378	143.100216	2.9675160000000034	0.292796631617974	
18A	4	a	147.056904	160.245864	149.694696	13.188960000000009	0.09217632187476266	153.651384	6.594480000000004	1.153393103019222	
18A	4	a	160.905312	185.304888	168.818688	24.399575999999996	0.24845711987146402	172.775376	12.199787999999998	5.484446099296343	
18A	4	a	185.964336	205.088328	193.218264	19.123991999999987	0.22344033101350824	195.196608	9.561995999999994	3.377075249921984	
18A	4	a	205.747776	210.363912	207.066672	4.616136000000012	0.14090015554013968	207.72612	2.308068000000006	0.6099165661326305	
18A	4	a	211.02336	226.190664	224.21232	15.167304000000001	0.33976626982109703	218.277288	7.583652000000001	4.921926835396414	
18A	4	a	226.850112	234.10404	230.147352	7.253928000000002	0.2208418820912601	230.147352	3.626964000000001	1.311486444038738	
18A	4	a	234.763488	247.952448	237.40128	13.188960000000009	0.14364009274255762	241.357968	6.594480000000004	1.7737213805899381	
18A	4	a	249.930792	253.88748	250.59024	3.956688000000014	0.09556363405473078	251.909136	1.978344000000007	0.36867439748281483	
18A	4	a	254.546928	256.525272	255.865824	1.9783439999999644	0.00996303956909772	255.206376	0.9891719999999822	0.007188879711989449	
18A	4	a	260.48196	267.735888	263.119752	7.2539279999999735	0.15665609570617045	263.7792	3.6269639999999868	1.0304966721886342	
18A	4	a	268.395336	273.67092	269.714232	5.275584000000038	0.09615987405710102	271.033128	2.637792000000019	0.41687009816765275	
18A	4	a	274.330368	294.773256	287.519328	20.442887999999982	0.13109347750638234	284.222088	10.221443999999991	2.020741760877339	
18A	4	a	295.432704	298.729944	296.7516	3.297239999999988	0.13747046338445346	296.7516	1.648619999999994	0.3930855692140178	
18A	4	a	302.027184	305.324424	302.027184	3.297240000000045	0.08901928053924335	303.34608	1.6486200000000224	0.181266532170677	
18A	4	a	307.962216	329.724	321.151176	21.761783999999977	0.23183401460232256	318.513384	10.880891999999989	3.717320484785822	
18A	4	a	330.383448	347.529096	333.680688	17.145647999999994	0.13476241649791643	338.956272	8.572823999999997	2.2757091193498775	
18A	4	a	348.188544	362.6964	349.50744	14.507856000000004	0.10874729480624312	355.442472	7.253928000000002	1.0697598122263918	
18A	4	a	363.355848	367.312536	364.674744	3.9566880000000424	0.051381268630793286	365.334192	1.9783440000000212	0.12000076482798883	
18A	4	a	367.971984	373.247568	370.609776	5.275583999999981	0.11042033439975851	370.609776	2.6377919999999904	0.5360562117438383	
18A	4	a	373.907016	380.501496	377.863704	6.594479999999976	0.14944005444794461	377.204256	3.297239999999988	0.9902353810715812	
18A	4	a	382.47984	402.922728	395.009352	20.442887999999982	0.2788604311648246	392.37156	10.221443999999991	3.586089107092458	
18A	4	a	403.582176	407.538864	405.56052	3.9566879999999855	0.06266484706701592	405.56052	1.9783439999999928	0.17571413523301693	
18A	2	b	414.133344	416.111688	415.45224	1.9783439999999928	-0.01613984500208021	414.792792	0.9891719999999964	-0.01177257527455322	
18A	4	a	416.771136	432.597888	424.684512	15.826751999999999	0.08530482112372395	424.684512	7.9133759999999995	1.0290979879215008	
18A	4	a	433.257336	436.554576	434.576232	3.297239999999988	0.060167195623522574	434.576232	1.648619999999994	0.1515647691392028	
18A	4	a	437.214024	449.084088	443.808504	11.870064000000013	0.0906340339279863	443.149056	5.935032000000007	0.9873488035404996	
18A	4	a	451.062432	453.700224	451.062432	2.6377919999999904	0.046176045712662095	452.381328	1.3188959999999952	0.047418292172101806	
18A	4	a	455.678568	458.31636	456.997464	2.6377919999999904	0.062447374579922776	456.997464	1.3188959999999952	0.09316389324118313	
18A	4	a	458.975808	462.273048	460.294704	3.297240000000045	0.08834253333513153	460.294704	1.6486200000000224	0.22259564996204806	
18A	4	a	464.91084	471.50532	468.20808	6.594479999999976	0.12621667878331166	468.20808	3.297239999999988	0.5551831967700875	
18A	4	a	472.164768	482.715936	480.737592	10.551168000000018	0.09921945536952093	477.440352	5.275584000000009	0.52073800923303	
18A	4	a	483.375384	500.521032	493.926552	17.145647999999994	0.16128524234075137	491.948208	8.572823999999997	2.2737068257512436	
18A	4	a	501.18048	517.66668	505.137168	16.486200000000053	0.09223781012176424	509.093856	8.243100000000027	1.5079795009561745	
18A	4	a	519.645024	528.877296	524.920608	9.232271999999966	0.15255129414452373	524.26116	4.616135999999983	0.9486852244155854	
18A	4	a	529.536744	536.790672	533.493432	7.2539279999999735	0.1254050881112896	532.833984	3.6269639999999868	0.6329621265700796	
18A	4	a	537.45012	567.784728	563.168592	30.334608000000003	0.13410340917757635	552.617424	15.167304000000001	3.873750545045728	
18A	4	a	568.444176	580.973688	571.741416	12.529512000000068	0.27847613322347664	574.379208	6.264756000000034	3.199563595240458	
18A	4	a	581.633136	590.865408	588.227616	9.232271999999966	0.16739062139143668	586.249272	4.616135999999983	1.3030699002567119	
18A	4	a	591.524856	600.09768	598.119336	8.572823999999969	0.19015794750608617	595.481544	4.286411999999984	1.609023448334684	
19A	4	a	1.318896	5.275584	3.29724	3.956688	0.038763780631397626	3.29724	1.978344	0.13572179986614863	
19A	4	a	7.913376	15.826752	9.232272	7.913376	0.05634956412263481	11.870064	3.956688	0.38567794898201146	
19A	4	a	16.4862	41.545224	28.356264	25.059023999999997	0.5761195654914024	29.015712	12.529511999999999	12.804615622920647	
19A	4	a	42.204672	48.139704	43.523568	5.935032	0.0803980781241127	44.842464	2.967516	0.3713981766942336	
19A	2	b	52.75584	72.53928	58.690872	19.783440000000006	-0.08638876943895735	62.64756	9.891720000000003	-1.5860598342246044	
19A	4	a	75.83652	77.814864	77.155416	1.978344000000007	0.007486723811383378	76.495968	0.9891720000000035	0.008929925239596459	
19A	4	a	78.474312	83.090448	80.452656	4.616135999999997	0.03459649167688461	80.452656	2.3080679999999987	0.12107584498247292	
19A	4	a	83.749896	92.32272	89.02548	8.572823999999997	0.04922220701083324	87.706584	4.286411999999999	0.35194821475757654	
19A	4	a	92.982168	116.062848	108.149472	23.08068	0.07798255861302739	104.192784	11.54034	1.198301704807457	
19A	4	a	116.722296	141.121872	129.911256	24.399575999999996	0.08769932796974533	128.59236	12.199787999999998	1.280349707544433	
19A	4	a	141.78132	154.97028	142.440768	13.188960000000009	0.0538878198665218	148.3758	6.594480000000004	0.6070730311611594	
19A	4	a	159.586416	203.109984	200.472192	43.52356799999998	0.17439536468107653	181.3482	21.76178399999999	6.064925633564474	
19A	4	a	203.769432	214.3206	205.088328	10.551168000000018	0.12221199443272246	209.045016	5.275584000000009	0.9009089133461674	
19A	4	a	216.958392	243.336312	230.147352	26.37791999999999	0.1936264099788474	230.147352	13.188959999999994	4.192180524732651	
19A	4	a	243.99576	251.909136	246.633552	7.9133759999999995	0.12856317076574575	247.952448	3.9566879999999998	0.7419113740646448	
19A	4	a	252.568584	259.163064	254.546928	6.594480000000033	0.05169485951971531	255.865824	3.2972400000000164	0.23205271962838725	
19A	4	a	259.822512	263.119752	259.822512	3.297239999999988	0.061914548677243886	261.141408	1.648619999999994	0.09244604832910319	
19A	4	a	263.7792	269.714232	263.7792	5.935031999999978	0.05510526830769891	266.416992	2.967515999999989	0.17782188218496575	
19A	4	a	270.37368	290.15712	280.924848	19.78344000000004	0.07162970906419908	280.2654	9.89172000000002	0.9924200497762845	
19A	4	a	292.135464	302.686632	295.432704	10.551167999999961	0.11483832627739377	297.411048	5.275583999999981	0.7497620039646506	
19A	4	a	303.34608	308.621664	307.302768	5.275584000000038	0.04856017930646628	305.983872	2.637792000000019	0.20259195110645312	
19A	4	a	311.259456	313.897248	311.259456	2.6377919999999904	0.03528377178532116	312.578352	1.3188959999999952	0.046890662038393316	
19A	2	b	314.556696	319.172832	315.216144	4.61613600000004	-0.01659617349575271	316.53504	2.30806800000002	-0.06527753859663821	
19A	4	a	321.810624	323.788968	321.810624	1.9783439999999928	0.03027230713814877	322.470072	0.9891719999999964	0.0332486027161214	
19A	4	a	324.448416	346.2102	330.383448	21.761783999999977	0.08326696199851291	334.999584	10.880891999999989	0.9677654443817794	
19A	4	a	346.869648	352.80468	350.826336	5.935032000000035	0.024385595370527646	349.50744	2.9675160000000176	0.13239330878446065	
19A	4	a	353.464128	358.739712	355.442472	5.275583999999981	0.04667349413527866	356.10192	2.6377919999999904	0.1501675980885333	
19A	4	a	359.39916	362.036952	359.39916	2.6377919999999904	0.02056994528748879	360.718056	1.3188959999999952	0.057198198483080276	
19A	4	a	366.653088	369.950328	367.971984	3.297239999999988	0.05198659661889993	367.971984	1.648619999999994	0.1712840450521551	
19A	4	a	370.609776	386.436528	381.820392	15.826751999999999	0.13423394041043668	378.523152	7.9133759999999995	2.0849596711754264	
19A	4	a	387.095976	393.690456	392.37156	6.594479999999976	0.07445016100712198	390.393216	3.297239999999988	0.35720099991901666	
19A	4	a	394.349904	398.96604	398.306592	4.61613600000004	0.03723736914881126	396.328248	2.30806800000002	0.12408188298053502	
19A	4	a	399.625488	406.879416	401.603832	7.2539279999999735	0.05700924460675694	402.922728	3.6269639999999868	0.35062278140556535	
19A	4	a	407.538864	410.176656	408.198312	2.6377919999999904	0.052595697431694344	408.85776	1.3188959999999952	0.09471071579491719	
19A	4	a	410.836104	420.068376	413.473896	9.232272000000023	0.08006348624095683	415.45224	4.616136000000012	0.5424531933861236	
19A	4	a	420.727824	424.025064	420.727824	3.297239999999988	0.022685628653147383	422.04672	1.648619999999994	0.0536702744896409	
19A	4	a	427.981752	430.619544	429.300648	2.637792000000047	0.028935192299334833	429.300648	1.3188960000000236	0.04765928522362706	
19A	2	b	431.278992	433.916784	431.93844	2.6377919999999904	-0.02912248820017549	432.597888	1.3188959999999952	-0.03729643701369145	
19A	4	a	436.554576	439.192368	437.873472	2.6377919999999904	0.035745005780192685	437.873472	1.3188959999999952	0.06384832798701945	
19A	4	a	439.851816	443.808504	440.511264	3.9566880000000424	0.04545321349675602	441.83016	1.9783440000000212	0.08822024010916163	
19A	4	a	445.786848	453.700224	447.765192	7.913375999999971	0.060329826865318736	449.743536	3.9566879999999855	0.20767751152054137	
19A	4	a	456.338016	461.6136	459.635256	5.275584000000038	0.03369571881565525	458.975808	2.637792000000019	0.17098176936008014	
19A	4	a	462.273048	465.570288	463.591944	3.297239999999988	0.033683335792863645	463.591944	1.648619999999994	0.09452321504269112	
19A	4	a	466.229736	471.50532	470.845872	5.275583999999981	0.047472201060377195	468.867528	2.6377919999999904	0.1448417506722517	
19A	4	a	472.164768	493.926552	483.375384	21.761784000000034	0.062449901554653575	482.715936	10.880892000000017	1.104423025334893	
19A	4	a	494.586	508.434408	504.47772	13.848408000000006	0.07452134317855652	501.18048	6.924204000000003	0.9687258493008299	
19A	4	a	509.093856	511.731648	509.753304	2.6377919999999904	0.0678845538388062	510.412752	1.3188959999999952	0.13866049239093425	
19A	4	a	512.391096	514.36944	513.709992	1.9783440000001065	0.044091573476734425	513.050544	0.9891720000000532	0.038128184393908304	
19A	4	a	515.028888	517.66668	516.347784	2.6377919999999904	0.028390894721613158	516.347784	1.3188959999999952	0.035601323134928586	
19A	4	a	518.326128	525.580056	520.304472	7.2539279999999735	0.07202398675566313	521.623368	3.6269639999999868	0.2931233753950042	
19A	4	a	526.239504	534.812328	530.85564	8.572823999999969	0.06528062083325903	530.196192	4.286411999999984	0.44523691816667244	
19A	4	a	535.471776	541.406808	536.131224	5.935031999999978	0.07290960356853882	538.109568	2.967515999999989	0.2362324056203282	
19A	4	a	542.066256	561.190248	546.682392	19.123992000000044	0.0929293929356878	551.298528	9.561996000000022	1.2829631538659287	
19A	4	a	565.806384	572.400864	567.784728	6.594479999999976	0.0671916082763997	569.103624	3.297239999999988	0.3658159772583587	
19A	4	a	574.379208	577.676448	575.698104	3.2972400000001016	0.11325038447961999	575.698104	1.6486200000000508	0.31698497715360285	
19A	4	a	579.654792	587.568168	581.633136	7.913375999999971	0.10173734052691286	583.61148	3.9566879999999855	0.5640363695012305	
19A	4	a	589.546512	600.09768	590.865408	10.551167999999961	0.08431472299362985	594.822096	5.275583999999981	0.5445327032778955	
