										AB_Fed#7_Retrograde_evts_formatted.txt
ROI	Quadrant	Direction	Start time (s)	End time (s)	Peak time (s)	Duration (s)	Amplitude	Midpoint (s)	Half Duration(s)	AUC
1A	2	b	0.0	7.110576	0.0	7.110576	-2.187751294264511	3.555288	3.555288	-14.575866677123729	
1A	4	a	7.703124	9.480768	7.703124	1.7776439999999996	0.11022942450272044	8.295672	0.8888219999999998	0.12004442109212743	
1A	2	b	10.073316	22.516824	15.406248	12.443508	-2.4109313015497142	15.998796	6.221754	-28.49353615933842	
1A	2	b	24.294468	35.55288	28.442304	11.258412000000003	-1.8622913430477213	29.6274	5.629206000000002	-22.37751460888092	
1A	2	b	36.145428	39.700716	37.330524	3.5552879999999973	-0.18621893059541028	37.923072	1.7776439999999987	-0.6284593067160988	
1A	2	b	41.47836	52.736772	45.033648	11.258412	-1.345516697591099	46.811292	5.629206	-16.109851326347247	
1A	2	b	53.32932	71.10576	59.847348	17.77644	-1.1584021675060594	62.21754	8.88822	-16.580586981857202	
1A	2	b	72.883404	87.104556	77.03124	14.221152000000004	-1.0217477310338205	79.99398	7.110576000000002	-12.674977001869271	
1A	4	a	87.697104	89.474748	87.697104	1.7776440000000093	0.032931210141657896	88.289652	0.8888220000000047	0.049497422176145944	
1A	2	b	90.067296	102.510804	92.437488	12.443507999999994	-0.6940941845555066	95.992776	6.221753999999997	-7.823118016296818	
1A	2	b	103.103352	117.917052	106.65864	14.813699999999997	-0.792128027723932	110.213928	7.406849999999999	-9.897815448223135	
1A	2	b	118.5096	134.508396	123.249984	15.998795999999999	-0.4921616404464384	126.212724	7.999397999999999	-5.866702221741872	
1A	2	b	136.28604	148.137	139.24878	11.850959999999986	-0.1670980267541733	142.21152	5.925479999999993	-1.4433148810907117	
1A	4	a	149.914644	154.06248	150.507192	4.147835999999984	0.08210689845145547	151.692288	2.073917999999992	0.3292493403508048	
1A	2	b	154.655028	157.617768	155.840124	2.962740000000025	-0.08332823131674294	155.840124	1.4813700000000125	-0.26913272464943283	
1A	2	b	158.210316	194.948292	186.060072	36.737976	-0.29617057120455836	176.579304	18.368988	-6.00189439822036	
1A	2	b	195.54084	213.31728	205.021608	17.776440000000008	-0.2456446866431472	204.42906	8.888220000000004	-3.665005811744143	
1A	2	b	213.909828	229.908624	215.687472	15.998795999999999	-0.21804106955179492	221.612952	7.999397999999999	-3.1345340119971636	
1A	2	b	230.501172	236.426652	232.278816	5.925479999999993	-0.3727094659021999	233.463912	2.9627399999999966	-2.100158579547048	
1A	2	b	238.796844	246.499968	242.94468	7.7031240000000025	-0.15685966414959207	242.352132	3.8515620000000013	-1.0041039130701566	
1A	2	b	247.092516	261.906216	251.240352	14.813699999999983	-0.37520621666113385	254.203092	7.4068499999999915	-5.707392038965474	
1A	2	b	262.498764	277.312464	267.239148	14.813699999999983	-0.7422703963941886	269.60934	7.4068499999999915	-10.051492585879227	
1A	2	b	277.905012	293.903808	279.682656	15.998796000000027	-0.7882740875438699	285.608136	7.9993980000000136	-12.197866293101018	
1A	2	b	294.496356	311.680248	297.459096	17.183892000000014	-0.7083542573680588	302.792028	8.591946000000007	-9.949042703923094	
1A	2	b	312.272796	327.086496	315.828084	14.813699999999983	-1.2336472685725481	319.383372	7.4068499999999915	-14.11829633296654	
1A	2	b	327.679044	341.307648	331.82688	13.628603999999996	-1.6856030502077948	334.197072	6.814301999999998	-18.149288570871512	
1A	2	b	341.900196	344.270388	341.900196	2.3701920000000314	-0.030301894858538958	343.085292	1.1850960000000157	-0.049757548038953825	
1A	2	b	346.048032	359.084088	349.60332	13.03605600000003	-1.365614705160065	352.56606	6.518028000000015	-15.676157552894328	
2A	2	b	0.0	3.555288	0.0	3.555288	-1.0135179888922385	1.777644	1.777644	-2.562796699829982	
2A	2	b	5.332932	23.70192	12.443508	18.368988	-2.2863338045761203	14.221152	9.184494	-38.81502303827607	
2A	2	b	24.294468	37.923072	27.257208	13.628604	-2.323403610913196	30.812496	6.814302	-30.18375079492321	
2A	2	b	38.51562	53.32932	41.47836	14.813700000000004	-1.3864908068454973	45.626196	7.406850000000002	-21.245087077338752	
2A	2	b	53.921868	69.328116	56.884608	15.40624799999999	-0.7554388879173666	61.624992	7.703123999999995	-9.78237315443636	
2A	2	b	69.920664	84.734364	72.883404	14.813699999999997	-0.36927903355889713	77.03124	7.406849999999999	-3.9780794675062174	
2A	2	b	86.512008	100.73316	89.474748	14.221152000000004	-0.26205022219242835	93.622584	7.110576000000002	-3.702443283018635	
2A	2	b	101.325708	130.953108	104.288448	29.62739999999998	-0.46318241813875316	116.139408	14.81369999999999	-8.544335908853913	
2A	2	b	133.915848	139.841328	136.28604	5.925479999999993	-0.11698481119472337	136.878588	2.9627399999999966	-0.7031353326335048	
2A	2	b	142.21152	175.986756	151.692288	33.77523600000001	-0.26465538733700233	158.802864	16.887618000000003	-4.778521990434287	
2A	2	b	176.579304	178.949496	178.356948	2.370192000000003	-0.051871267023932965	177.7644	1.1850960000000015	-0.0818983207875239	
2A	2	b	181.912236	220.427856	193.170648	38.515619999999984	-0.5762165691293388	200.873772	19.257809999999992	-11.517884915811349	
2A	2	b	221.020404	241.759584	232.871364	20.739179999999976	-0.9124054112809343	231.09372	10.369589999999988	-12.620595493419776	
2A	2	b	242.352132	258.943476	248.277612	16.591343999999964	-0.2468554753220431	250.647804	8.295671999999982	-3.9822193468065725	
2A	2	b	261.313668	266.054052	262.498764	4.740384000000006	-0.3531168730420551	263.68386	2.370192000000003	-1.6528392912683454	
2A	2	b	267.831696	271.979532	269.60934	4.147835999999984	-0.07332764267429992	269.60934	2.073917999999992	-0.2790404992023381	
2A	2	b	272.57208	291.533616	279.090108	18.961535999999967	-1.0988412790695237	282.052848	9.480767999999983	-14.499083762098751	
2A	2	b	292.126164	303.384576	295.681452	11.258411999999964	-0.8013278726742659	297.459096	5.629205999999982	-6.840512505274585	
2A	2	b	303.977124	309.310056	306.939864	5.332931999999971	-0.10812136484146251	306.347316	2.6664659999999856	-0.580520272470078	
2A	2	b	311.680248	324.123756	314.05044	12.443508000000008	-1.1839188364853723	317.605728	6.221754000000004	-12.025317027667453	
2A	2	b	325.9014	340.7151	329.456688	14.813699999999983	-1.486599444947919	333.011976	7.4068499999999915	-20.267087102853264	
2A	2	b	341.307648	356.713896	346.64058	15.406248000000005	-1.3011972498400426	349.010772	7.7031240000000025	-16.601528546440466	
2A	4	a	358.49154	360.269184	360.269184	1.7776440000000093	0.12213247813814565	359.084088	0.8888220000000047	0.19554190024912899	
3A	4	a	0.0	2.370192	0.592548	2.370192	0.1153921913491045	1.185096	1.185096	0.20160683421686665	
3A	2	b	2.96274	20.73918	9.480768	17.77644	-3.5662970296904075	11.85096	8.88822	-56.587213439457294	
3A	2	b	21.331728	34.960332	25.479564	13.628604000000003	-2.1743473134966873	27.849756	6.814302000000001	-24.98415032365784	
3A	2	b	36.737976	76.438692	39.700716	39.700716	-1.5847953277813058	56.29206	19.850358	-49.83318286142284	
3A	2	b	77.03124	92.437488	85.91946	15.406248000000005	-0.4755440584222699	84.734364	7.7031240000000025	-4.936834570792668	
3A	2	b	93.030036	107.843736	101.918256	14.813700000000011	-0.4507161767023873	100.140612	7.406850000000006	-4.331763538198054	
3A	2	b	108.436284	125.027628	116.731956	16.591344000000007	-0.4388214053254784	116.731956	8.295672000000003	-5.582796216949918	
3A	2	b	125.620176	143.396616	133.3233	17.776439999999994	-0.33037057676108716	134.508396	8.888219999999997	-3.808814347503386	
3A	2	b	143.989164	187.837716	150.507192	43.84855200000001	-0.6705745421227656	165.91344	21.924276000000006	-23.933758333635108	
3A	2	b	188.430264	219.24276	194.355744	30.81249600000001	-0.8783631969167254	203.836512	15.406248000000005	-20.351373140109114	
3A	2	b	219.835308	221.612952	221.020404	1.7776440000000093	-0.06300529656151266	220.427856	0.8888220000000047	-0.05560276498785344	
3A	2	b	222.2055	224.575692	223.983144	2.370192000000003	-0.0376800387751417	223.390596	1.1850960000000015	-0.08311299810239525	
3A	2	b	228.13098	258.350928	234.649008	30.219948000000016	-0.9319875526898298	242.94468	15.109974000000008	-22.634279790820756	
3A	2	b	258.943476	266.054052	261.313668	7.110576000000037	-0.412417166444103	262.498764	3.5552880000000187	-2.6812063045144416	
3A	2	b	268.424244	270.201888	269.016792	1.7776440000000093	-0.044111044465529936	269.016792	0.8888220000000047	-0.06930030864400627	
3A	4	a	270.794436	273.164628	271.979532	2.3701919999999745	0.09808649881696585	271.979532	1.1850959999999873	0.178077386445338	
3A	2	b	273.757176	291.533616	276.719916	17.77643999999998	-1.0878058757118145	282.645396	8.88821999999999	-16.570494829549194	
3A	2	b	292.126164	303.977124	294.496356	11.850959999999986	-0.7617697587967758	298.051644	5.925479999999993	-8.502763532383964	
3A	2	b	305.754768	321.161016	312.272796	15.406248000000005	-1.1174884506476062	313.457892	7.7031240000000025	-13.523430505970795	
3A	4	a	321.753564	323.531208	322.346112	1.7776440000000093	0.07439503048578056	322.346112	0.8888220000000047	0.09858401326990185	
3A	2	b	324.123756	340.122552	327.086496	15.99879599999997	-1.3217937389430323	331.82688	7.999397999999985	-20.683784477346553	
3A	2	b	340.7151	360.269184	345.455484	19.55408399999999	-1.3413221936976178	350.195868	9.777041999999994	-20.20741637802675	
4A	2	b	2.96274	28.442304	7.703124	25.479564	-3.731294826574693	15.406248	12.739782	-94.33091788063405	
4A	2	b	30.812496	45.626196	35.55288	14.8137	-1.1308646948280505	37.923072	7.40685	-15.596900708888587	
4A	2	b	47.40384	62.21754	51.551676	14.813699999999997	-0.9036812581619014	54.514416	7.406849999999999	-12.183764420429515	
4A	2	b	62.810088	75.253596	66.957924	12.443508000000001	-0.666848558488037	68.735568	6.221754000000001	-7.679038222299907	
4A	2	b	75.846144	81.179076	78.216336	5.332932	-0.12622967118424722	78.216336	2.666466	-0.49984215906076135	
4A	2	b	81.771624	93.030036	84.141816	11.258411999999993	-0.13252455135285368	87.104556	5.629205999999996	-1.452931817559945	
4A	2	b	94.80768	107.251188	99.548064	12.443507999999994	-0.2496129583796125	100.73316	6.221753999999997	-2.736644153520743	
4A	2	b	107.843736	142.21152	113.176668	34.367784	-0.6025270538688194	125.027628	17.183892	-15.91158701101483	
4A	2	b	142.804068	159.395412	152.877384	16.591343999999992	-0.3736709292235396	151.09974	8.295671999999996	-4.562948644353034	
4A	2	b	159.98796	192.5781	169.468728	32.59014000000002	-0.48684460931898554	175.986756	16.29507000000001	-17.6335139231909	
4A	2	b	194.355744	201.46632	196.725936	7.110576000000009	-0.35129481533922213	197.911032	3.5552880000000044	-3.048028024116848	
4A	2	b	202.058868	226.353336	207.984348	24.294468000000023	-0.5494911723143177	213.909828	12.147234000000012	-12.426434448228015	
4A	2	b	226.945884	233.463912	230.501172	6.518027999999987	-0.4499398653166189	229.908624	3.2590139999999934	-3.652817827285956	
4A	2	b	234.05646	264.868956	244.129776	30.81249600000004	-0.8199816374576563	249.462708	15.40624800000002	-19.320778039689458	
4A	2	b	265.461504	278.49756	274.349724	13.03605600000003	-0.3607092709475994	271.979532	6.518028000000015	-4.6751454280363784	
4A	2	b	279.090108	303.384576	293.31126	24.294467999999995	-0.48920159178258293	290.941068	12.147233999999997	-12.213375890553024	
4A	2	b	303.977124	319.383372	309.902604	15.406248000000005	-0.1927111242062174	311.680248	7.7031240000000025	-3.3668321913471164	
4A	2	b	319.97592	335.382168	324.716304	15.406248000000005	-0.361255380051567	327.679044	7.7031240000000025	-4.827626187567451	
4A	2	b	335.974716	356.713896	344.270388	20.739179999999976	-0.5062216502983259	346.048032	10.369589999999988	-9.352974706645664	
4A	2	b	357.306444	360.269184	359.084088	2.9627399999999966	-0.13211164093804495	358.49154	1.4813699999999983	-0.42203171800507544	
5A	4	a	1.777644	4.147836	2.96274	2.370192	0.0880249906223014	2.96274	1.185096	0.16504389458305324	
5A	2	b	4.740384	7.110576	5.332932	2.3701920000000003	-0.8688134235818374	5.92548	1.1850960000000001	-2.2294688605380877	
5A	2	b	9.480768	11.85096	10.073316	2.370192000000001	-0.7629657005093105	10.665864	1.1850960000000006	-1.7783193743754828	
5A	2	b	13.628604	39.108168	15.406248	25.479564	-2.4181367532647755	26.072112	12.739782	-53.48718742955761	
5A	2	b	39.700716	50.36658	43.256004	10.665864	-1.386385249543041	45.033648	5.332932	-15.953698272082484	
5A	2	b	50.959128	71.10576	61.032444	20.146632000000004	-1.5817322415078499	61.032444	10.073316000000002	-22.49553924784823	
5A	2	b	71.698308	91.84494	76.438692	20.146631999999997	-1.5188656530024334	81.771624	10.073315999999998	-23.24067959620071	
5A	2	b	93.622584	103.103352	99.548064	9.480767999999998	-0.18005511628712512	98.362968	4.740383999999999	-1.1400567006840796	
5A	2	b	103.6959	113.769216	105.473544	10.073316000000005	-0.2774628327796389	108.436284	5.036658000000003	-1.9785355093390184	
5A	2	b	114.361764	120.879792	119.694696	6.518028000000001	-0.1496504306637707	117.324504	3.2590140000000005	-0.7226802003851365	
5A	2	b	121.47234	130.953108	126.212724	9.480767999999983	-0.34831552385933584	126.212724	4.740383999999992	-3.5173631768368483	
5A	2	b	131.545656	151.692288	145.17426	20.146631999999983	-0.38790068938339406	141.618972	10.073315999999991	-7.130664745134573	
5A	2	b	152.284836	162.9507	160.580508	10.665864	-0.2551528394573097	157.617768	5.332932	-2.658623339967145	
5A	2	b	163.543248	185.467524	170.061276	21.924275999999992	-0.8547033603153618	174.209112	10.962137999999996	-16.201177746139095	
5A	2	b	186.060072	202.058868	199.688676	15.998795999999999	-0.6481003794922335	193.763196	7.999397999999999	-9.041382503839518	
5A	2	b	202.651416	228.723528	212.724732	26.072111999999976	-1.5000061678743202	215.687472	13.036055999999988	-32.67031376415562	
5A	2	b	229.316076	237.611748	234.05646	8.295671999999996	-0.8119156950980218	233.463912	4.147835999999998	-7.3591649595400686	
5A	2	b	238.204296	244.722324	239.98194	6.518027999999987	-1.1233142828975664	241.167036	3.2590139999999934	-6.877656526852398	
5A	2	b	246.499968	260.128572	248.277612	13.628604000000024	-1.186767020053459	253.017996	6.814302000000012	-18.810218575868255	
5A	2	b	260.72112	281.4603	276.127368	20.739180000000033	-1.3480955109308073	270.794436	10.369590000000017	-25.108173634730754	
5A	2	b	282.052848	317.01318	299.23674	34.960331999999994	-1.3348698701356891	299.23674	17.480165999999997	-39.90459743144757	
5A	2	b	317.605728	330.641784	320.568468	13.036055999999974	-0.7212912050984057	324.123756	6.518027999999987	-10.231065914069314	
5A	2	b	331.234332	360.269184	337.75236	29.034852	-0.941055573424816	345.455484	14.517426	-25.287326646581988	
6A	2	b	0.0	14.221152	0.0	14.221152	-7.02542104857122	7.110576	7.110576	-113.86243746025133	
6A	2	b	16.591344	27.849756	18.961536	11.258412	-2.252213131973831	21.924276	5.629206	-25.9102435625984	
6A	2	b	28.442304	40.293264	30.219948	11.85096	-0.27247337269227856	34.367784	5.92548	-2.9305955366640717	
6A	2	b	40.885812	54.514416	47.996388	13.628603999999996	-0.43236929191834594	47.40384	6.814301999999998	-4.7614732073830055	
6A	2	b	55.106964	61.624992	58.069704	6.518028000000001	-0.21946638333863877	58.069704	3.2590140000000005	-1.2511036946162148	
6A	2	b	62.21754	68.14302	65.18028	5.925480000000007	-0.20631485782339443	65.18028	2.9627400000000037	-1.3426561831231147	
6A	2	b	68.735568	136.878588	72.290856	68.14302	-0.8494858056272085	102.510804	34.07151	-42.53810727323594	
6A	2	b	137.471136	155.840124	151.09974	18.368988	-0.4357983273146324	146.359356	9.184494	-7.574736469172196	
6A	2	b	156.432672	179.542044	158.802864	23.109372000000008	-0.472569880505215	167.691084	11.554686000000004	-9.598525533335778	
6A	2	b	180.134592	188.430264	182.504784	8.295671999999996	-0.282600616338748	184.282428	4.147835999999998	-1.971932916566426	
6A	2	b	189.022812	199.096128	196.133388	10.073316000000005	-2.367644258482353	193.763196	5.036658000000003	-22.711101206921185	
6A	2	b	200.873772	224.575692	206.206704	23.70192	-2.4923235808883715	212.724732	11.85096	-59.45898038990847	
6A	2	b	225.16824	242.352132	237.0192	17.183892000000014	-3.4711150123377776	233.463912	8.591946000000007	-48.1218000342923	
6A	2	b	242.94468	286.793232	280.867752	43.848551999999984	-4.652184788274335	264.868956	21.924275999999992	-284.22206517458744	
6A	2	b	287.38578	338.344908	292.126164	50.959127999999964	-3.798616590975371	312.865344	25.479563999999982	-209.66482226361254	
6A	2	b	338.937456	350.788416	341.900196	11.850959999999986	-0.7261433708283631	344.862936	5.925479999999993	-8.175431053133632	
6A	2	b	351.380964	360.269184	354.936252	8.88821999999999	-0.3042896321059896	355.5288	4.444109999999995	-2.2658299370713677	
7A	4	a	0.0	4.147836	0.0	4.147836	0.4323495582292396	1.777644	2.073918	1.2862559586996622	
7A	2	b	4.740384	18.368988	13.628604	13.628604000000003	-2.398148145408791	11.258412	6.814302000000001	-27.85013209978825	
7A	2	b	18.961536	72.290856	27.849756	53.32932000000001	-3.58368926909654	45.626196	26.664660000000005	-171.29631646209415	
7A	2	b	75.253596	106.066092	79.401432	30.812495999999996	-1.01502448387015	90.659844	15.406247999999998	-20.070472542199255	
7A	2	b	106.65864	114.361764	110.213928	7.703123999999988	-0.13572034360679108	110.213928	3.851561999999994	-0.904115904344587	
7A	2	b	114.954312	122.064888	117.917052	7.110575999999995	-0.10247799805722613	118.5096	3.5552879999999973	-0.6374780424697468	
7A	2	b	122.657436	159.395412	126.805272	36.73797599999999	-0.7145072517894882	141.026424	18.368987999999995	-22.967721737481018	
7A	2	b	159.98796	202.651416	198.50358	42.663456000000025	-3.076538980387377	181.319688	21.331728000000012	-138.9179794878978	
7A	2	b	203.243964	243.537228	211.539636	40.29326399999999	-3.5521617530671357	223.390596	20.146631999999997	-182.5131334208101	
7A	2	b	244.129776	289.163424	254.79564	45.03364800000003	-3.2576516309747525	266.6466	22.516824000000014	-191.50999870075142	
7A	2	b	289.755972	351.973512	294.496356	62.21754000000004	-3.4453320216833	320.568468	31.10877000000002	-156.6620555394135	
7A	4	a	352.56606	360.269184	360.269184	7.7031240000000025	0.4787743955522399	356.121348	3.8515620000000013	4.000379897580473	
