										AB_Fed#5_Anterograde_evts_formatted.txt
ROI	Quadrant	Direction	Start time (s)	End time (s)	Peak time (s)	Duration (s)	Amplitude	Midpoint (s)	Half Duration(s)	AUC
8A	4	a	0.0	34.367784	28.442304	34.367784	0.7801106172664962	17.183892	17.183892	20.03412235315295	
8A	4	a	34.960332	86.512008	78.808884	51.55167599999999	0.9932987397139668	60.439896	25.775837999999997	30.00485247523696	
8A	4	a	87.104556	140.433876	133.915848	53.329319999999996	1.8796607467729496	113.769216	26.664659999999998	65.13745859274056	
8A	4	a	141.026424	196.725936	187.837716	55.699512	2.3858990119584194	168.87618	27.849756	85.87246950906338	
8A	4	a	197.318484	219.24276	212.724732	21.924275999999992	0.40865894836744143	207.984348	10.962137999999996	8.692090856375497	
8A	4	a	219.835308	239.98194	234.649008	20.14663200000001	1.1213492865532486	229.908624	10.073316000000005	17.831050093379876	
8A	4	a	240.574488	289.755972	285.608136	49.18148399999998	1.0783831673245743	264.868956	24.59074199999999	35.42444042930659	
8A	4	a	290.34852	309.902604	301.014384	19.55408399999999	0.7067667698151814	299.829288	9.777041999999994	10.585378196354284	
8A	4	a	310.495152	324.716304	314.642988	14.221151999999961	0.2218761098106432	317.605728	7.1105759999999805	2.298435566547814	
8A	4	a	325.308852	335.382168	330.641784	10.073315999999977	0.4612889960555666	330.049236	5.0366579999999885	3.4758218990094503	
8A	4	a	335.974716	341.900196	338.937456	5.925479999999993	0.9215513332555201	338.937456	2.9627399999999966	4.713648329168312	
8A	2	b	342.492744	344.862936	343.085292	2.3701919999999745	-0.07459682080983931	343.67784	1.1850959999999873	-0.14620813350472028	
8A	4	a	345.455484	356.713896	349.010772	11.258411999999964	0.6320075652969672	350.788416	5.629205999999982	6.888389489922401	
9A	4	a	1.185096	41.47836	33.182688	40.293264	0.5303280107708317	21.331728	20.146632	11.165783126378756	
9A	4	a	42.070908	44.4411	42.070908	2.370191999999996	0.07458391709214185	43.256004	1.185095999999998	0.11730851306047696	
9A	4	a	45.033648	49.774032	46.218744	4.740383999999999	0.14761824858089323	47.40384	2.3701919999999994	0.6540488615100697	
9A	4	a	50.36658	92.437488	82.95672	42.070908	0.5618970808786665	71.10576	21.035454	12.403878758266906	
9A	4	a	93.030036	144.581712	137.471136	51.551676000000015	2.3427429317346027	118.5096	25.775838000000007	37.9386738683647	
9A	4	a	148.137	154.06248	151.09974	5.925479999999993	0.23594638413352165	151.09974	2.9627399999999966	1.298936179398423	
9A	4	a	154.655028	197.911032	190.800456	43.25600400000002	1.966552169136932	175.986756	21.62800200000001	32.52832816361155	
9A	4	a	198.50358	223.983144	215.687472	25.47956400000001	0.3274633487256624	210.947088	12.739782000000005	7.3444391304546786	
9A	4	a	224.575692	228.723528	226.945884	4.147835999999984	0.0615439828808908	226.353336	2.073917999999992	0.24722312074285435	
9A	4	a	234.649008	247.685064	238.796844	13.036056000000002	1.2121582991294835	241.167036	6.518028000000001	19.011875064654472	
9A	4	a	248.277612	254.203092	251.8329	5.925479999999993	0.2647952954300665	251.240352	2.9627399999999966	1.3810160036907018	
9A	2	b	254.79564	257.165832	254.79564	2.3701920000000314	-0.11936398181301389	255.980736	1.1850960000000157	-0.2183523783529715	
9A	4	a	257.75838	263.68386	258.943476	5.925479999999993	0.17488329799799374	260.72112	2.9627399999999966	0.6951460159498275	
9A	2	b	273.164628	279.090108	273.164628	5.925479999999993	-0.0649863243489941	276.127368	2.9627399999999966	-0.32441471806643785	
9A	4	a	279.682656	281.4603	280.275204	1.7776440000000093	0.05142377154620359	280.275204	0.8888220000000047	0.07210572263696369	
9A	4	a	282.052848	298.644192	289.755972	16.591343999999992	1.3241030745370717	290.34852	8.295671999999996	16.4009806085073	
9A	4	a	299.23674	303.384576	302.19948	4.147835999999984	0.10173425747861886	301.014384	2.073917999999992	0.5088204689755826	
9A	2	b	303.977124	307.532412	305.16222	3.5552880000000187	-0.11124905054116674	305.754768	1.7776440000000093	-0.3638419023516364	
9A	4	a	308.12496	329.456688	317.01318	21.331728	0.1885636331876377	318.790824	10.665864	3.15678748677055	
9A	4	a	330.049236	349.60332	343.67784	19.55408399999999	0.777474461088759	339.530004	9.777041999999994	11.073417064955416	
9A	4	a	350.195868	360.269184	360.269184	10.073315999999977	0.5581365865760151	354.936252	5.0366579999999885	3.5381180799145575	
10A	4	a	1.777644	4.147836	1.777644	2.370192	0.10155166699794638	2.96274	1.185096	0.16459817543715527	
10A	4	a	4.740384	7.110576	5.332932	2.3701920000000003	0.06638278333102532	5.92548	1.1850960000000001	0.1156277027611039	
10A	4	a	7.703124	17.77644	10.073316	10.073316000000002	0.11839244139111393	12.443508	5.036658000000001	0.8111606051852318	
10A	4	a	18.368988	23.70192	18.961536	5.332932	0.07881144796633244	20.73918	2.666466	0.25745352495689033	
10A	4	a	24.294468	29.034852	24.294468	4.740384000000002	0.06975053844621115	26.66466	2.370192000000001	0.2958634258034356	
10A	4	a	30.812496	50.959128	39.700716	20.146632	0.14522283974796268	40.885812	10.073316	2.580297267577413	
10A	4	a	51.551676	59.2548	55.699512	7.7031240000000025	0.09043296381041976	55.106964	3.8515620000000013	0.5355181971975413	
10A	4	a	59.847348	64.587732	61.032444	4.740384000000006	0.07105650143731124	62.21754	2.370192000000003	0.26539188747150244	
10A	4	a	65.18028	72.290856	69.920664	7.110576000000009	0.09786506240054305	68.735568	3.5552880000000044	0.6071571734108625	
10A	4	a	72.883404	81.771624	78.808884	8.888220000000004	0.10266266020394132	77.03124	4.444110000000002	0.8181679242355331	
10A	4	a	82.364172	93.030036	90.659844	10.665864	0.2064467152455296	87.697104	5.332932	2.0604665549715397	
10A	4	a	93.622584	111.991572	100.73316	18.368988	0.18072303869747586	102.510804	9.184494	2.866977783193243	
10A	4	a	112.58412	119.694696	114.954312	7.110575999999995	0.12664342109998694	116.139408	3.5552879999999973	0.7213090846889549	
10A	2	b	120.287244	136.878588	135.693492	16.591344000000007	-0.12608095601391156	128.582916	8.295672000000003	-1.8870312402676714	
10A	4	a	137.471136	161.173056	142.21152	23.70192	1.26375856837244	149.322096	11.85096	27.10011695236792	
10A	4	a	161.765604	163.543248	162.358152	1.7776440000000093	0.09598249023679628	162.358152	0.8888220000000047	0.12699230346246448	
10A	2	b	164.135796	174.209112	169.468728	10.073316000000005	-0.09302904918260779	168.87618	5.036658000000003	-0.748140318685869	
10A	4	a	174.80166	177.171852	176.579304	2.370192000000003	0.0893828281080804	175.986756	1.1850960000000015	0.10911919138084025	
10A	2	b	180.72714	190.207908	186.65262	9.480768000000012	-0.2461510779004321	185.467524	4.740384000000006	-2.2461160659921866	
10A	4	a	190.800456	217.465116	197.318484	26.664659999999998	1.6916439411745436	203.836512	13.332329999999999	45.86194374783424	
10A	2	b	218.057664	240.574488	234.05646	22.516824000000014	-0.5495327175551239	229.316076	11.258412000000007	-11.651946736476232	
10A	4	a	241.167036	266.054052	245.90742	24.887016000000017	0.7499551778558979	253.610544	12.443508000000008	19.144015492054265	
10A	2	b	269.016792	291.533616	282.645396	22.516823999999986	-0.24772827829325372	280.275204	11.258411999999993	-5.648284531587578	
10A	4	a	292.126164	307.532412	296.274	15.406248000000005	0.37627021020965046	299.829288	7.7031240000000025	5.499897995750292	
10A	4	a	308.12496	315.828084	312.272796	7.7031240000000025	0.1545547402392593	311.680248	3.8515620000000013	1.0273895451647688	
10A	2	b	318.198276	319.97592	318.198276	1.7776439999999525	-0.029125876247813487	318.790824	0.8888219999999762	-0.021354360640338133	
10A	4	a	327.679044	333.011976	329.456688	5.332932000000028	0.10856478740574715	330.049236	2.666466000000014	0.4648522480454682	
10A	4	a	333.604524	335.974716	335.382168	2.3701919999999745	0.050307369639655874	334.78962	1.1850959999999873	0.12054007503595932	
10A	4	a	336.567264	338.344908	337.75236	1.7776439999999525	0.11172922471723812	337.159812	0.8888219999999762	0.11063939970098957	
10A	4	a	338.937456	358.49154	346.048032	19.55408399999999	0.29903183647874076	348.418224	9.777041999999994	4.448026511345816	
11A	4	a	0.0	3.555288	0.592548	3.555288	0.051343068736730224	1.777644	1.777644	0.1408752274067595	
11A	4	a	4.147836	7.703124	7.110576	3.555288	0.07152447937084405	5.92548	1.777644	0.1421819889776148	
11A	4	a	8.295672	28.442304	10.665864	20.146632	0.0943490806754892	18.368988	10.073316	1.6741972363771884	
11A	4	a	29.034852	30.812496	30.219948	1.7776439999999987	0.0862260034118667	29.6274	0.8888219999999993	0.08918945632765163	
11A	4	a	31.405044	34.367784	31.405044	2.96274	0.09592655465912969	32.59014	1.48137	0.2273644747022372	
11A	4	a	34.960332	38.51562	36.737976	3.5552879999999973	0.062044579516656206	36.737976	1.7776439999999987	0.16890321287093335	
11A	4	a	40.885812	51.551676	48.588936	10.665864	0.08144235456663607	46.218744	5.332932	0.6420011314726606	
11A	4	a	52.144224	62.810088	55.106964	10.665864	0.09696960951868316	57.477156	5.332932	0.6749262695273737	
11A	4	a	63.402636	77.623788	68.735568	14.221152000000004	0.12433347676448303	70.513212	7.110576000000002	1.7837447951285685	
11A	4	a	78.216336	81.179076	78.216336	2.9627399999999966	0.07503735565213754	79.401432	1.4813699999999983	0.22793740565442744	
11A	4	a	83.549268	85.91946	83.549268	2.370192000000003	0.06301154060396907	84.734364	1.1850960000000015	0.1355096378353351	
11A	4	a	86.512008	89.474748	88.289652	2.962740000000011	0.07282365142166647	87.697104	1.4813700000000054	0.18519349611221814	
11A	4	a	90.067296	93.622584	92.437488	3.5552880000000044	0.08569857315878471	91.84494	1.7776440000000022	0.2758183794169502	
11A	4	a	94.215132	113.769216	103.103352	19.554084000000003	0.15092177699679965	103.6959	9.777042000000002	2.656072844512953	
11A	4	a	114.361764	116.139408	114.361764	1.7776440000000093	0.028768746922127608	114.954312	0.8888220000000047	0.038192337204780547	
11A	4	a	116.731956	130.953108	127.990368	14.22115199999999	0.0998936690669594	123.842532	7.110575999999995	1.226051027491044	
11A	4	a	131.545656	135.693492	132.730752	4.147835999999984	0.08016763161177698	133.3233	2.073917999999992	0.2777090748147497	
11A	4	a	136.28604	138.656232	138.063684	2.3701919999999745	0.11217908275003419	137.471136	1.1850959999999873	0.17637353156226387	
11A	4	a	139.24878	155.247576	144.581712	15.998795999999999	0.4253552567293202	146.951904	7.999397999999999	5.446054905541004	
11A	4	a	155.840124	165.320892	158.802864	9.480767999999983	0.1305546378938871	160.580508	4.740383999999992	1.1194328775547304	
11A	4	a	165.91344	170.061276	167.691084	4.147835999999984	0.04156154936633083	167.691084	2.073917999999992	0.13187346726552085	
11A	4	a	170.653824	177.171852	176.579304	6.518028000000015	0.062872386743269	173.616564	3.2590140000000076	0.4171316296455001	
11A	4	a	178.949496	180.72714	178.949496	1.777643999999981	0.07308199338036925	179.542044	0.8888219999999905	0.08643520119838843	
11A	4	a	181.319688	186.65262	181.319688	5.332932	0.05647646790980687	183.68988	2.666466	0.24895052331143108	
11A	4	a	187.245168	189.022812	187.245168	1.777643999999981	0.057267452309472944	187.837716	0.8888219999999905	0.06833131618246768	
11A	4	a	189.61536	192.5781	191.985552	2.9627399999999966	0.08476447240296148	190.800456	1.4813699999999983	0.1717555721649271	
11A	4	a	193.170648	205.021608	198.50358	11.850959999999986	0.5604214945601527	199.096128	5.925479999999993	5.291457843579752	
11A	4	a	205.614156	212.132184	210.35454	6.518027999999987	0.15589276843164823	208.576896	3.2590139999999934	1.0159637153485654	
11A	4	a	212.724732	228.723528	215.094924	15.998795999999999	0.10543923993860282	220.427856	7.999397999999999	1.2631998827693238	
11A	4	a	229.316076	231.09372	229.908624	1.777643999999981	0.06530938326188096	229.908624	0.8888219999999905	0.10662715379797283	
11A	4	a	235.834104	237.611748	237.0192	1.7776440000000093	0.027857978708363262	236.426652	0.8888220000000047	0.033895813129653174	
11A	4	a	238.204296	239.98194	239.389392	1.7776440000000093	0.08035965525640476	238.796844	0.8888220000000047	0.107247687205547	
11A	4	a	240.574488	251.8329	248.87016	11.258411999999993	0.4006236653854085	245.90742	5.629205999999996	3.489274531483972	
11A	4	a	254.203092	260.72112	257.75838	6.518027999999987	0.23750064342777932	257.165832	3.2590139999999934	1.1618243499172893	
11A	4	a	261.313668	271.979532	270.794436	10.665864	0.06697061829161743	266.6466	5.332932	0.6356699009201743	
11A	4	a	272.57208	278.49756	274.349724	5.925479999999993	0.06675386427166696	275.53482	2.9627399999999966	0.35332758579439427	
11A	4	a	279.090108	281.4603	280.867752	2.3701920000000314	0.06017871063523472	280.275204	1.1850960000000157	0.10057617247220474	
11A	4	a	282.052848	306.347316	294.496356	24.294467999999995	0.3426257555475356	293.903808	12.147233999999997	7.372285763536151	
11A	4	a	308.717508	312.865344	309.902604	4.147835999999984	0.1695650105321702	310.495152	2.073917999999992	0.7388908010646731	
11A	4	a	313.457892	331.82688	328.271592	18.368988	0.15612612824451766	322.346112	9.184494	2.583931771341503	
11A	4	a	333.604524	342.492744	340.122552	8.88821999999999	0.18247991101937178	337.75236	4.444109999999995	1.418943263419745	
11A	4	a	343.085292	350.788416	346.048032	7.7031240000000025	0.30827528709231045	346.64058	3.8515620000000013	2.197606065200303	
11A	4	a	351.380964	357.306444	354.343704	5.925479999999993	0.2744879306967496	354.343704	2.9627399999999966	1.563048293349911	
11A	4	a	357.898992	360.269184	360.269184	2.3701919999999745	0.3046898576080972	359.084088	1.1850959999999873	0.6175961748445649	
12A	4	a	1.185096	5.92548	4.740384	4.740384000000001	0.08144415607493549	3.555288	2.3701920000000003	0.2915842611962973	
12A	4	a	7.703124	18.961536	10.073316	11.258412	0.10507241766765274	13.036056	5.629206	1.0488542289259108	
12A	4	a	19.554084	22.516824	21.924276	2.96274	0.07172157131342516	20.73918	1.48137	0.13178324692908672	
12A	4	a	23.109372	26.66466	24.887016	3.555288000000001	0.10241391246340381	24.887016	1.7776440000000004	0.31955567679309915	
12A	4	a	27.257208	35.55288	31.405044	8.295672000000003	0.136754587694623	31.405044	4.147836000000002	0.9328970544444557	
12A	4	a	36.145428	62.810088	49.181484	26.664659999999998	0.16203185445292023	49.181484	13.332329999999999	3.6563601379870923	
12A	4	a	63.402636	71.10576	66.957924	7.7031240000000025	0.08428940036650845	66.957924	3.8515620000000013	0.4976547802541089	
12A	4	a	75.253596	77.623788	76.438692	2.370192000000003	0.03911057565694387	76.438692	1.1850960000000015	0.08946616790263362	
12A	4	a	78.216336	81.179076	79.401432	2.9627399999999966	0.04589680735933355	79.401432	1.4813699999999983	0.14429495184986596	
12A	4	a	82.95672	91.252392	88.8822	8.295671999999996	0.049797675598670654	87.104556	4.147835999999998	0.3047043791938717	
12A	4	a	93.030036	116.731956	99.548064	23.70192	0.31323759972549814	104.880996	11.85096	5.2969447482152185	
12A	4	a	117.324504	119.694696	119.102148	2.3701919999999888	0.06524559016363218	118.5096	1.1850959999999944	0.10306804100895528	
12A	4	a	120.287244	126.805272	122.064888	6.518028000000001	0.05034918141921141	123.249984	3.2590140000000005	0.2682952552508666	
12A	4	a	127.39782	130.36056	128.582916	2.9627399999999966	0.0583403375292737	128.582916	1.4813699999999983	0.11218563933133074	
12A	4	a	130.953108	133.915848	132.138204	2.962740000000025	0.037782635823909505	132.138204	1.4813700000000125	0.10693442380595486	
12A	4	a	134.508396	138.063684	137.471136	3.5552879999999902	0.07340240879441495	136.28604	1.7776439999999951	0.20643492721854506	
12A	4	a	138.656232	173.616564	157.617768	34.96033200000002	0.32479862856130604	155.840124	17.48016600000001	10.711700854622851	
12A	4	a	174.209112	189.022812	174.209112	14.813699999999983	0.12669492107524327	181.319688	7.4068499999999915	1.4326580111692282	
12A	4	a	189.61536	191.393004	190.800456	1.777643999999981	0.038314393208433994	190.207908	0.8888219999999905	0.05293618534653932	
12A	4	a	191.985552	231.686268	210.35454	39.700716	0.2738385679194617	211.539636	19.850358	8.986486988454285	
12A	4	a	233.463912	242.352132	233.463912	8.888220000000018	0.10280937157589642	237.611748	4.444110000000009	1.035319194942821	
12A	4	a	242.94468	253.610544	246.499968	10.665864	0.10212838363415777	248.277612	5.332932	1.0127541220923792	
12A	4	a	254.203092	270.794436	260.128572	16.59134400000002	0.4626966602869489	262.498764	8.29567200000001	5.678957066005859	
12A	4	a	271.386984	277.312464	275.53482	5.925479999999993	0.10835173208177284	274.349724	2.9627399999999966	0.4950168178910823	
12A	4	a	277.905012	281.4603	280.867752	3.5552880000000187	0.05367062902153119	279.682656	1.7776440000000093	0.19714436199751173	
12A	4	a	282.052848	287.38578	285.608136	5.332932000000028	0.07174727482130816	284.42304	2.666466000000014	0.3667498575161896	
12A	4	a	287.978328	292.126164	287.978328	4.147836000000041	0.04316067131399581	289.755972	2.0739180000000204	0.12947048025792984	
12A	4	a	298.051644	311.680248	305.16222	13.628603999999996	0.780321991680692	304.569672	6.814301999999998	8.862550824185856	
12A	4	a	312.272796	336.567264	315.235536	24.294467999999995	0.22492003604744548	324.123756	12.147233999999997	4.13900385207072	
12A	4	a	337.159812	338.937456	337.159812	1.7776440000000093	0.042217677281692456	337.75236	0.8888220000000047	0.04975941298595177	
12A	4	a	345.455484	360.269184	356.121348	14.813699999999983	0.3179925207161811	352.56606	7.4068499999999915	4.18266404573977	
13A	4	a	0.0	27.257208	10.665864	27.257208	0.2900892280491112	13.628604	13.628604	8.475770697292992	
13A	4	a	27.849756	31.997592	27.849756	4.147836000000002	0.07358973675624592	29.6274	2.073918000000001	0.2744243160883779	
13A	4	a	32.59014	37.330524	33.182688	4.740383999999999	0.05995945702560945	34.960332	2.3701919999999994	0.198246994434917	
13A	4	a	39.108168	52.144224	45.033648	13.036056000000002	0.10796818587519885	45.626196	6.518028000000001	1.0032768671006775	
13A	4	a	52.736772	68.14302	58.069704	15.406248000000005	0.17405321296628218	60.439896	7.7031240000000025	2.023669386281372	
13A	4	a	68.735568	73.475952	71.698308	4.740384000000006	0.05672199187799576	71.10576	2.370192000000003	0.22332621255969487	
13A	4	a	74.0685	75.846144	74.0685	1.7776439999999951	0.04378519894121924	74.661048	0.8888219999999976	0.0565743940202279	
13A	4	a	76.438692	98.955516	94.215132	22.516824	0.13374188973803136	87.697104	11.258412	2.5787127000716388	
13A	4	a	99.548064	118.5096	106.65864	18.96153600000001	0.2770725974880288	109.028832	9.480768000000005	4.415921973872184	
13A	4	a	119.102148	130.36056	126.805272	11.258411999999993	0.10177275554734155	124.43508	5.629205999999996	1.069156427340988	
13A	4	a	130.953108	138.656232	131.545656	7.7031240000000025	0.08270235297867279	134.508396	3.8515620000000013	0.5695435727861442	
13A	4	a	139.24878	148.729548	142.804068	9.480767999999983	0.08128528893960141	143.989164	4.740383999999992	0.6806638740171778	
13A	4	a	149.322096	170.653824	157.617768	21.331728	0.30524034558188573	159.98796	10.665864	5.465616383370265	
13A	4	a	171.246372	177.171852	176.579304	5.925479999999993	0.03694451795144138	174.209112	2.9627399999999966	0.16911105871304843	
13A	4	a	181.319688	184.874976	181.912236	3.5552879999999902	0.04278761468150716	183.097332	1.7776439999999951	0.11145050492211772	
13A	4	a	185.467524	187.837716	187.245168	2.370192000000003	0.07834638840711339	186.65262	1.1850960000000015	0.07329578480882026	
13A	4	a	188.430264	193.170648	190.800456	4.740384000000006	0.11540056813093225	190.800456	2.370192000000003	0.40023902216717366	
13A	4	a	193.763196	196.725936	194.948292	2.9627399999999966	0.09015906747962399	194.948292	1.4813699999999983	0.2218258254738128	
13A	4	a	197.318484	199.096128	197.318484	1.777643999999981	0.07377775996658276	197.911032	0.8888219999999905	0.09104349639396214	
13A	4	a	199.688676	206.799252	203.836512	7.110576000000009	0.08862215512795357	203.243964	3.5552880000000044	0.5659118236560612	
13A	4	a	207.3918	234.05646	216.28002	26.664659999999998	0.3850765115751078	220.427856	13.332329999999999	9.221183485967822	
13A	4	a	234.649008	239.98194	235.241556	5.332932	0.09084534434354907	237.0192	2.666466	0.39457185802933714	
13A	4	a	240.574488	242.352132	241.759584	1.7776440000000093	0.04580917904768267	241.167036	0.8888220000000047	0.0749618590214447	
13A	4	a	242.94468	255.980736	250.647804	13.036056000000002	0.19289922756232514	249.462708	6.518028000000001	2.146074743705565	
13A	4	a	257.75838	269.60934	261.313668	11.850959999999986	0.44486160512095996	263.68386	5.925479999999993	4.699855914102661	
13A	4	a	270.201888	278.49756	273.164628	8.295672000000025	0.152974028314794	274.349724	4.147836000000012	1.1613515233944323	
13A	4	a	279.090108	280.867752	280.275204	1.7776440000000093	0.05998074116490448	279.682656	0.8888220000000047	0.08105496505268395	
13A	4	a	282.645396	290.941068	287.978328	8.295671999999968	0.10264032314622717	286.793232	4.147835999999984	0.6117826410178262	
13A	4	a	291.533616	296.866548	293.31126	5.332932000000028	0.09679237453562273	293.903808	2.666466000000014	0.532369853493261	
13A	4	a	298.644192	302.792028	299.829288	4.147836000000041	0.19680417309953713	300.421836	2.0739180000000204	0.8850674367645652	
13A	4	a	303.384576	325.308852	308.12496	21.92427600000002	0.7942963066048683	314.05044	10.96213800000001	10.712017543701986	
13A	4	a	325.9014	360.269184	359.084088	34.36778399999997	0.654553696115939	343.085292	17.183891999999986	12.23812142726921	
14A	4	a	0.0	1.777644	0.0	1.777644	0.21806337408136445	0.592548	0.888822	0.25959895260290633	
14A	4	a	3.555288	22.516824	8.295672	18.961536	0.4566118580177463	13.036056	9.480768	6.994885346869808	
14A	4	a	23.109372	26.66466	25.479564	3.555288000000001	0.06671818080079106	24.887016	1.7776440000000004	0.2425824731095929	
14A	4	a	27.257208	29.6274	29.034852	2.370192000000003	0.02292660177637451	28.442304	1.1850960000000015	0.05299250587106319	
14A	4	a	30.219948	33.775236	31.405044	3.555288000000001	0.035014408849359135	31.997592	1.7776440000000004	0.1099607019048141	
14A	4	a	38.51562	53.32932	50.36658	14.813700000000004	0.17796202013639206	45.626196	7.406850000000002	1.8898170560146583	
14A	4	a	55.106964	76.438692	56.884608	21.331728000000005	0.1005225107819756	65.772828	10.665864000000003	1.6344988262312858	
14A	4	a	78.216336	80.586528	78.216336	2.370192000000003	0.03541119798488701	79.401432	1.1850960000000015	0.0924787171828565	
14A	4	a	81.179076	83.549268	82.95672	2.370192000000003	0.039240350898658516	82.364172	1.1850960000000015	0.080798713011065	
14A	2	b	87.697104	96.585324	93.622584	8.888220000000004	-0.09739029189204551	91.84494	4.444110000000002	-0.8155842665556166	
14A	4	a	97.177872	115.54686	102.510804	18.368988	0.32209198707637166	106.066092	9.184494	5.717550446019782	
14A	4	a	116.139408	121.47234	119.102148	5.332932	0.08861784006251483	118.5096	2.666466	0.25552852657305225	
14A	4	a	122.064888	123.842532	122.064888	1.7776440000000093	0.042315613046829625	122.657436	0.8888220000000047	0.03334324147932688	
14A	4	a	126.805272	128.582916	126.805272	1.7776440000000093	0.03437766660856889	127.39782	0.8888220000000047	0.026635054757307985	
14A	4	a	129.175464	132.730752	129.175464	3.5552879999999902	0.02080769923962089	130.953108	1.7776439999999951	0.08319015905134775	
14A	4	a	137.471136	139.24878	138.656232	1.7776440000000093	0.05445961083313344	138.063684	0.8888220000000047	0.05134481865746032	
14A	4	a	141.618972	143.396616	142.21152	1.777643999999981	0.05459776899854729	142.21152	0.8888219999999905	0.09686489656399977	
14A	4	a	143.989164	151.09974	143.989164	7.110576000000009	0.06987160587076158	147.544452	3.5552880000000044	0.40646102782493343	
14A	4	a	151.692288	173.024016	163.543248	21.331728	0.24394396844810906	162.358152	10.665864	5.29842606967117	
14A	4	a	173.616564	196.725936	194.948292	23.10937199999998	0.08570196739203961	184.874976	11.55468599999999	1.0953562706992905	
14A	4	a	197.318484	203.836512	201.46632	6.518027999999987	0.047355435957535	200.281224	3.2590139999999934	0.2808706061338282	
14A	4	a	204.42906	226.353336	215.687472	21.92427600000002	0.2566244485113427	215.094924	10.96213800000001	4.481555348652212	
14A	4	a	226.945884	232.278816	228.13098	5.332932	0.07726456084032796	229.316076	2.666466	0.33959716863154354	
14A	4	a	232.871364	235.834104	233.463912	2.9627399999999966	0.035680274084532115	234.05646	1.4813699999999983	0.08866903942786353	
14A	4	a	236.426652	239.98194	236.426652	3.5552880000000187	0.06594409259447742	238.204296	1.7776440000000093	0.12442870608532441	
14A	4	a	240.574488	248.87016	245.90742	8.295671999999996	0.05870889810364366	244.722324	4.147835999999998	0.3563592888027338	
14A	4	a	249.462708	260.72112	255.980736	11.258411999999993	0.36524093681918535	254.79564	5.629205999999996	3.4635666497130746	
14A	4	a	261.313668	269.016792	266.6466	7.7031240000000025	0.20027820396215157	264.868956	3.8515620000000013	1.2245487961127146	
14A	4	a	269.60934	285.015588	271.386984	15.406248000000005	0.17362463122334582	277.312464	7.7031240000000025	2.0840197536153995	
14A	4	a	285.608136	303.977124	301.014384	18.368988	0.37661236088486305	294.496356	9.184494	4.13349947610681	
14A	4	a	304.569672	330.641784	309.310056	26.072111999999947	0.5009954099773744	317.605728	13.036055999999974	11.7259168135235	
14A	2	b	332.419428	360.269184	349.010772	27.849756000000014	-0.3918752397777703	346.048032	13.924878000000007	-11.482597363092962	
15A	4	a	0.0	4.147836	0.0	4.147836	0.21381050264376	1.777644	2.073918	0.847642523873134	
15A	4	a	5.92548	11.258412	8.295672	5.332932	0.08318731284585956	8.295672	2.666466	0.3907350604711606	
15A	4	a	11.85096	14.221152	12.443508	2.3701919999999994	0.030768677248374843	13.036056	1.1850959999999997	0.05948323650058174	
15A	4	a	14.8137	20.73918	17.77644	5.92548	0.05755936700581277	17.77644	2.96274	0.1983698621279728	
15A	4	a	21.331728	26.072112	23.70192	4.740384000000002	0.025747347678158228	23.70192	2.370192000000001	0.11399919321008656	
15A	4	a	33.775236	37.923072	34.960332	4.147835999999998	0.0477477978300338	35.55288	2.073917999999999	0.14990473963984274	
15A	4	a	38.51562	56.29206	42.070908	17.77644	0.0665883556246647	47.40384	8.88822	0.9776590085727657	
15A	4	a	56.884608	68.14302	61.032444	11.258412000000007	0.11691727601506674	62.21754	5.6292060000000035	1.0245962156218031	
15A	4	a	68.735568	81.179076	78.808884	12.443507999999994	0.06767674730417106	74.661048	6.221753999999997	0.6657180957080138	
15A	4	a	82.95672	85.326912	82.95672	2.3701919999999888	0.05914761776148403	84.141816	1.1850959999999944	0.06065227853320332	
15A	4	a	85.91946	89.474748	88.8822	3.5552880000000044	0.058767557664685555	87.697104	1.7776440000000022	0.13364982970073425	
15A	4	a	90.067296	106.066092	98.955516	15.998795999999999	0.092437911439327	97.77042	7.999397999999999	1.241665358263134	
15A	4	a	109.62138	122.657436	119.102148	13.036056000000002	0.08187778931737899	116.139408	6.518028000000001	0.8367223398593109	
15A	4	a	123.249984	127.990368	123.249984	4.740384000000006	0.05304847416961156	125.620176	2.370192000000003	0.15288050765181826	
15A	4	a	128.582916	131.545656	129.768012	2.9627399999999966	0.045463041230707546	129.768012	1.4813699999999983	0.09881121762036926	
15A	4	a	132.138204	154.06248	143.989164	21.924275999999992	0.10256286053953145	142.804068	10.962137999999996	2.0039480527913565	
15A	4	a	154.655028	164.728344	160.580508	10.073316000000005	0.1435652367820337	159.395412	5.036658000000003	1.160978639398938	
15A	4	a	165.320892	180.72714	167.691084	15.406248000000005	0.0863094215094744	173.024016	7.7031240000000025	1.219080249694611	
15A	4	a	181.319688	194.355744	181.912236	13.036055999999974	0.05546740655079274	187.837716	6.518027999999987	0.6727473134980779	
15A	4	a	194.948292	199.096128	197.318484	4.147835999999984	0.057653832500200064	196.725936	2.073917999999992	0.24230305928054952	
15A	4	a	199.688676	202.651416	200.281224	2.962740000000025	0.04345574581025424	200.873772	1.4813700000000125	0.13053882252639548	
15A	4	a	203.243964	213.31728	208.576896	10.073316000000005	0.08742172340450383	207.984348	5.036658000000003	0.9753071626968739	
15A	4	a	213.909828	232.871364	220.427856	18.961535999999995	0.16334604050052004	223.390596	9.480767999999998	2.599132155277146	
15A	4	a	233.463912	235.834104	234.649008	2.370192000000003	0.03741484064617939	234.649008	1.1850960000000015	0.07402136993543018	
15A	4	a	242.352132	246.499968	244.129776	4.147835999999984	0.0330992579117102	244.129776	2.073917999999992	0.09541685965704749	
15A	4	a	247.092516	274.942272	259.536024	27.849756000000014	0.17302344458468788	260.72112	13.924878000000007	3.6852521470045057	
15A	4	a	275.53482	294.496356	280.867752	18.961535999999967	0.12217712318780238	285.015588	9.480767999999983	1.7719021927744256	
15A	4	a	295.088904	298.644192	296.274	3.555287999999962	0.05776707329842923	296.866548	1.777643999999981	0.14942020064400507	
15A	4	a	299.23674	314.05044	305.754768	14.813699999999983	0.12671947936456984	306.347316	7.4068499999999915	1.1924715536759078	
15A	4	a	314.642988	336.567264	318.790824	21.92427600000002	0.10528879179747719	325.308852	10.96213800000001	2.1595757897462295	
15A	4	a	338.937456	353.751156	349.010772	14.813699999999983	0.1023058442111231	346.048032	7.4068499999999915	1.643575946259595	
15A	4	a	354.343704	360.269184	358.49154	5.925479999999993	0.17400791028079166	357.306444	2.9627399999999966	0.6808482505443527	
16A	4	a	0.0	6.518028	1.185096	6.518028	0.26390050972841905	2.96274	3.259014	1.990214399165496	
16A	4	a	10.665864	26.66466	15.406248	15.998796000000002	0.08975697401761007	18.368988	7.999398000000001	0.8788831784469513	
16A	4	a	27.257208	29.6274	27.257208	2.370192000000003	0.018980919719682188	28.442304	1.1850960000000015	0.028100200512528817	
16A	4	a	34.960332	52.144224	45.626196	17.183892	0.05974495971263982	43.256004	8.591946	0.9195428627102509	
16A	4	a	52.736772	63.995184	57.477156	11.258412	0.10562864969074814	58.069704	5.629206	0.9708939300113621	
16A	4	a	64.587732	68.735568	66.365376	4.147835999999998	0.030799749841476043	66.365376	2.073917999999999	0.08746870796433837	
16A	2	b	69.328116	71.10576	70.513212	1.7776440000000093	-0.02585199197700838	69.920664	0.8888220000000047	-0.024577770660723308	
16A	4	a	74.661048	80.586528	79.401432	5.925480000000007	0.04150679765490173	77.623788	2.9627400000000037	0.2097200045664651	
16A	4	a	82.364172	121.47234	111.399024	39.108168000000006	0.1305539854876674	101.918256	19.554084000000003	3.3663177747184934	
16A	4	a	122.064888	138.063684	125.620176	15.998795999999999	0.0384212649464879	129.768012	7.999397999999999	0.5168301862891234	
16A	4	a	138.656232	142.21152	139.24878	3.5552880000000187	0.027683681962949347	140.433876	1.7776440000000093	0.08642912710079842	
16A	4	a	143.989164	146.951904	144.581712	2.962740000000025	0.033395655084968556	145.17426	1.4813700000000125	0.08197956730562406	
16A	4	a	147.544452	162.358152	159.395412	14.813699999999983	0.08931988226998122	154.655028	7.4068499999999915	1.0961485357467269	
16A	4	a	162.9507	180.72714	170.653824	17.77643999999998	0.06542681192020261	171.83892	8.88821999999999	1.1987230318023165	
16A	4	a	181.319688	191.393004	187.245168	10.073315999999977	0.04012656161478989	186.060072	5.0366579999999885	0.3502425142054353	
16A	4	a	191.985552	196.133388	194.355744	4.147835999999984	0.018902935146621447	193.763196	2.073917999999992	0.05612038391032603	
16A	4	a	198.50358	217.465116	213.909828	18.961535999999995	0.0764434806146288	207.984348	9.480767999999998	0.9854432009599102	
16A	4	a	218.057664	225.760788	222.2055	7.7031240000000025	0.045574502668771055	221.612952	3.8515620000000013	0.3056580780622523	
16A	4	a	226.353336	232.278816	230.501172	5.925479999999993	0.0454179688805072	229.316076	2.9627399999999966	0.19157157315643325	
16A	4	a	232.871364	234.649008	233.463912	1.7776440000000093	0.042524104950872665	233.463912	0.8888220000000047	0.07424530330765278	
16A	4	a	236.426652	245.314872	237.0192	8.888220000000018	0.0436772766300495	240.574488	4.444110000000009	0.32644273162690096	
16A	4	a	247.685064	253.610544	247.685064	5.925479999999993	0.028337426539619015	250.647804	2.9627399999999966	0.10320901955941841	
16A	4	a	254.203092	271.979532	266.054052	17.776440000000008	0.07028345872304365	263.091312	8.888220000000004	1.0256682174502543	
16A	4	a	272.57208	278.49756	275.53482	5.925479999999993	0.049841328534928175	275.53482	2.9627399999999966	0.296668087336754	
16A	4	a	279.090108	280.867752	279.090108	1.7776440000000093	0.026677079041613982	279.682656	0.8888220000000047	0.03765649560884954	
16A	4	a	282.645396	290.941068	284.42304	8.295671999999968	0.041755514191734955	286.793232	4.147835999999984	0.29349273160146194	
16A	4	a	291.533616	295.681452	293.31126	4.147835999999984	0.03333196323062526	293.31126	2.073917999999992	0.1193309944076365	
16A	4	a	303.384576	321.753564	309.902604	18.368988	0.12537068657341077	312.272796	9.184494	1.8107563764765577	
16A	4	a	322.346112	343.085292	334.197072	20.739179999999976	0.07102670835808089	332.419428	10.369589999999988	1.429430968550209	
16A	4	a	344.862936	349.60332	344.862936	4.740384000000006	0.045199652044386696	347.233128	2.370192000000003	0.16495358883442657	
16A	4	a	350.195868	353.158608	352.56606	2.9627399999999966	0.04256808589713801	351.380964	1.4813699999999983	0.13224837297636727	
16A	4	a	353.751156	360.269184	360.269184	6.518028000000015	0.04749940481392412	356.713896	3.2590140000000076	0.10715031540605335	
17A	4	a	0.0	13.036056	6.518028	13.036056	0.6090180489701122	6.518028	6.518028	9.489523836300398	
17A	4	a	13.628604	54.514416	23.109372	40.885812	0.25349284674225125	33.775236	20.442906	10.883393824062711	
17A	4	a	55.106964	69.328116	61.624992	14.221151999999996	0.1790496430724251	62.21754	7.110575999999998	1.7963532300664216	
17A	4	a	69.920664	82.364172	75.253596	12.443507999999994	0.10434789412200862	75.846144	6.221753999999997	1.380915864458998	
17A	4	a	82.95672	92.437488	85.91946	9.480767999999998	0.10534957349877372	87.697104	4.740383999999999	0.8194404869391281	
17A	4	a	95.992776	104.288448	100.140612	8.295671999999996	0.05022525656756738	100.140612	4.147835999999998	0.2902181259557144	
17A	4	a	106.066092	119.102148	111.991572	13.036056000000002	0.10751535823942238	112.58412	6.518028000000001	1.3040081220361754	
17A	4	a	121.47234	139.24878	127.990368	17.776440000000008	0.12059401297428773	130.36056	8.888220000000004	2.1369183785032804	
17A	4	a	139.841328	143.989164	140.433876	4.147835999999984	0.028006488884285696	141.618972	2.073917999999992	0.10354893677502564	
17A	4	a	144.581712	146.951904	145.17426	2.370192000000003	0.029630870812286547	145.766808	1.1850960000000015	0.05610902532041839	
17A	4	a	147.544452	155.247576	151.692288	7.7031240000000025	0.029633161983943834	151.09974	3.8515620000000013	0.20152879224462306	
17A	4	a	155.840124	169.468728	161.173056	13.628603999999996	0.11467464725924015	162.358152	6.814301999999998	1.4198333661736775	
17A	4	a	170.061276	171.83892	171.246372	1.7776440000000093	0.02157929326682817	170.653824	0.8888220000000047	0.02691084937246535	
17A	4	a	173.616564	185.467524	177.7644	11.850959999999986	0.11401730147439793	179.542044	5.925479999999993	1.107073596993741	
17A	4	a	186.060072	192.5781	186.65262	6.518028000000015	0.05007595386243735	189.022812	3.2590140000000076	0.2975352903235845	
17A	4	a	193.170648	204.42906	193.763196	11.258411999999993	0.030251051670662665	198.50358	5.629205999999996	0.3137374940613885	
17A	4	a	205.021608	211.539636	206.799252	6.518028000000015	0.04412250724873967	207.984348	3.2590140000000076	0.18790023648613707	
17A	4	a	213.909828	223.390596	220.427856	9.480767999999983	0.05327479724091755	218.650212	4.740383999999992	0.5227765954070802	
17A	4	a	223.983144	239.98194	229.316076	15.998795999999999	0.05073577870915624	231.686268	7.999397999999999	0.7700717177865676	
17A	4	a	240.574488	247.092516	241.759584	6.518027999999987	0.05508526668450453	243.537228	3.2590139999999934	0.2814907202849565	
17A	4	a	250.055256	251.8329	251.240352	1.777643999999981	0.03830615423504269	250.647804	0.8888219999999905	0.06115961982393803	
17A	4	a	252.425448	254.79564	253.610544	2.370192000000003	0.032632261163512144	253.610544	1.1850960000000015	0.0631942357665316	
17A	4	a	255.388188	261.313668	258.943476	5.925479999999993	0.052811680358560764	258.350928	2.9627399999999966	0.30490553177236523	
17A	4	a	261.906216	274.349724	264.868956	12.443508000000008	0.04695363033327693	267.831696	6.221754000000004	0.45297082871595984	
17A	4	a	274.942272	279.682656	277.312464	4.740384000000006	0.036123392797208664	277.312464	2.370192000000003	0.15810579774182654	
17A	4	a	282.052848	289.163424	284.42304	7.110576000000037	0.053521016687944956	285.608136	3.5552880000000187	0.2949276085725321	
17A	4	a	291.533616	294.496356	293.31126	2.9627399999999966	0.04012001245235153	292.718712	1.4813699999999983	0.10964037836620044	
17A	4	a	295.088904	305.754768	299.23674	10.665864	0.05475311083965906	300.421836	5.332932	0.42203146030191485	
17A	4	a	306.347316	317.605728	314.05044	11.258412000000021	0.04970975966903168	311.680248	5.629206000000011	0.5076014256935442	
17A	4	a	318.198276	325.9014	321.161016	7.7031240000000025	0.04997005588847592	321.753564	3.8515620000000013	0.33027242710418236	
17A	4	a	326.493948	331.82688	327.679044	5.332932000000028	0.04699373154408493	328.86414	2.666466000000014	0.2611237735428781	
17A	4	a	332.419428	336.567264	333.011976	4.147836000000041	0.04100780020279893	334.197072	2.0739180000000204	0.1488871439149183	
17A	4	a	338.937456	343.085292	340.122552	4.147835999999984	0.04534897734036414	340.7151	2.073917999999992	0.14381293226499858	
17A	4	a	343.67784	348.418224	344.862936	4.740384000000006	0.0404646519286016	346.048032	2.370192000000003	0.18248960875954112	
17A	2	b	352.56606	360.269184	359.676636	7.7031240000000025	-0.05138216264697615	356.121348	3.8515620000000013	-0.30140532912359475	
18A	2	b	0.0	6.518028	0.592548	6.518028	-0.13179129783871701	2.96274	3.259014	-0.8914222933824594	
18A	4	a	8.88822	21.924276	11.85096	13.036055999999999	0.12222693654501571	15.406248	6.518027999999999	1.2548314745559357	
18A	4	a	22.516824	27.257208	23.109372	4.740383999999999	0.0462620717644362	24.887016	2.3701919999999994	0.16917282595177108	
18A	4	a	30.219948	51.551676	40.885812	21.331728000000002	0.08087315387034577	40.885812	10.665864000000001	1.2044061354358255	
18A	4	a	52.144224	55.106964	53.32932	2.9627399999999966	0.028236405591076874	53.32932	1.4813699999999983	0.06847505419371314	
18A	4	a	55.699512	58.662252	56.29206	2.9627400000000037	0.029101147635950175	56.884608	1.4813700000000019	0.06848555618909213	
18A	4	a	61.032444	63.995184	61.032444	2.9627400000000037	0.035667274629216816	62.21754	1.4813700000000019	0.08314607923142459	
18A	4	a	64.587732	81.179076	67.550472	16.591343999999992	0.08603925918314159	72.883404	8.295671999999996	1.0917463040859392	
18A	4	a	81.771624	88.289652	84.141816	6.518028000000001	0.050222723820466664	84.734364	3.2590140000000005	0.2757997985958669	
18A	4	a	93.622584	95.400228	94.215132	1.7776439999999951	0.019244815036807195	94.215132	0.8888219999999976	0.029398140936820805	
18A	4	a	97.177872	98.955516	98.362968	1.7776440000000093	0.015906574179372024	97.77042	0.8888220000000047	0.022137711025643325	
18A	4	a	99.548064	105.473544	100.73316	5.925480000000007	0.038433735131243374	102.510804	2.9627400000000037	0.1930814554198077	
18A	4	a	106.066092	109.028832	108.436284	2.9627399999999966	0.04257285952728562	107.251188	1.4813699999999983	0.1424737880649024	
18A	4	a	111.399024	113.769216	111.399024	2.370192000000003	0.03616382189533307	112.58412	1.1850960000000015	0.0678561830154163	
18A	4	a	114.361764	132.138204	122.064888	17.776440000000008	0.11050697275819399	123.249984	8.888220000000004	1.6958365920521732	
18A	4	a	132.730752	143.989164	134.508396	11.258411999999993	0.050352666329370965	138.063684	5.629205999999996	0.3929545867915728	
18A	4	a	144.581712	146.359356	145.766808	1.777643999999981	0.027208731268466124	145.17426	0.8888219999999905	0.030314353695105378	
18A	4	a	146.951904	150.507192	149.322096	3.5552879999999902	0.019553395078674596	148.729548	1.7776439999999951	0.05850044015902467	
18A	4	a	151.09974	155.247576	153.469932	4.147836000000012	0.025510126126748744	152.877384	2.073918000000006	0.0838328741820632	
18A	4	a	155.840124	158.802864	156.432672	2.9627399999999966	0.04098569332362234	157.02522	1.4813699999999983	0.07912905424059291	
18A	4	a	159.395412	174.209112	165.91344	14.813700000000011	0.07754641065523815	166.505988	7.406850000000006	0.8857827738791693	
18A	4	a	174.80166	180.72714	176.579304	5.925479999999993	0.053397201577399356	177.7644	2.9627399999999966	0.316496124906806	
18A	4	a	181.319688	190.207908	183.68988	8.88821999999999	0.04367665458869974	185.467524	4.444109999999995	0.3441033480290687	
18A	4	a	190.800456	199.096128	193.763196	8.295671999999996	0.03987252468462876	194.948292	4.147835999999998	0.2704089341601228	
18A	4	a	199.688676	204.42906	200.281224	4.740384000000006	0.02959458017560168	202.058868	2.370192000000003	0.10779306796574128	
18A	4	a	205.021608	206.799252	205.614156	1.7776440000000093	0.021439676702146082	205.614156	0.8888220000000047	0.02649149930283523	
18A	4	a	207.3918	210.947088	208.576896	3.5552880000000187	0.02654905330656443	209.169444	1.7776440000000093	0.07638360299517122	
18A	4	a	213.31728	219.24276	213.909828	5.925479999999993	0.024837920595601748	216.28002	2.9627399999999966	0.1567299685668767	
18A	4	a	219.835308	228.723528	222.798048	8.88821999999999	0.035280638302289	223.983144	4.444109999999995	0.3058907325998732	
18A	4	a	229.316076	232.278816	230.501172	2.9627399999999966	0.024275208996763276	230.501172	1.4813699999999983	0.06005169745675132	
18A	4	a	232.871364	240.574488	236.426652	7.7031240000000025	0.04142992521218103	236.426652	3.8515620000000013	0.24961135479750163	
18A	4	a	241.167036	245.90742	243.537228	4.740384000000006	0.03981497886608221	243.537228	2.370192000000003	0.1734120983684997	
18A	4	a	246.499968	254.203092	250.647804	7.7031240000000025	0.041024663805028894	250.055256	3.8515620000000013	0.30245861279818287	
18A	4	a	256.573284	258.350928	257.165832	1.7776440000000093	0.0323645714271954	257.165832	0.8888220000000047	0.05080610637952576	
18A	4	a	258.943476	267.831696	264.276408	8.888220000000047	0.04381878295236907	263.091312	4.444110000000023	0.4488318083822439	
18A	4	a	268.424244	278.49756	270.794436	10.073316000000034	0.04453997869942361	273.164628	5.036658000000017	0.32447592284947624	
18A	4	a	279.090108	290.941068	284.42304	11.850959999999986	0.049378046263097275	285.015588	5.925479999999993	0.32425715478139594	
18A	4	a	291.533616	298.644192	293.903808	7.1105759999999805	0.025925644566788364	295.088904	3.5552879999999902	0.15133187901584855	
18A	4	a	299.23674	302.792028	301.014384	3.5552880000000187	0.02426361798091925	301.014384	1.7776440000000093	0.06963551393971046	
18A	4	a	303.384576	305.754768	304.569672	2.3701920000000314	0.012976271258536842	304.569672	1.1850960000000157	0.0259416735321939	
18A	4	a	306.347316	308.717508	306.939864	2.3701920000000314	0.005254584645186133	307.532412	1.1850960000000157	0.011023753956315163	
18A	4	a	309.310056	325.308852	309.902604	15.998796000000027	0.02983379388196261	317.01318	7.9993980000000136	0.4572391595387246	
18A	4	a	325.9014	328.86414	327.086496	2.9627399999999966	0.042314193529117805	327.086496	1.4813699999999983	0.11328458818177889	
18A	4	a	329.456688	336.567264	329.456688	7.110576000000037	0.03006615636450105	333.011976	3.5552880000000187	0.21990808614594248	
18A	4	a	337.159812	344.270388	339.530004	7.110576000000037	0.0387067410776718	340.7151	3.5552880000000187	0.28150920407555413	
18A	4	a	344.862936	348.418224	346.048032	3.5552880000000187	0.04676802671976388	346.64058	1.7776440000000093	0.16861967955708668	
18A	4	a	349.010772	352.56606	350.788416	3.5552880000000187	0.02021933519321073	350.788416	1.7776440000000093	0.0777090355513902	
18A	4	a	353.158608	355.5288	353.158608	2.3701919999999745	0.011524660595063407	354.343704	1.1850959999999873	0.01338656103204483	
18A	4	a	356.121348	360.269184	357.306444	4.147835999999984	0.0397387048393516	357.898992	2.073917999999992	0.14404712432327282	
19A	2	b	0.0	5.92548	0.592548	5.92548	-0.08382840923844337	2.96274	2.96274	-0.4431990601795496	
19A	4	a	7.703124	39.700716	12.443508	31.997592	0.16719351306549401	23.70192	15.998796	4.735309122225275	
19A	4	a	40.293264	53.32932	42.070908	13.036056000000002	0.0630272857000409	46.811292	6.518028000000001	0.6880337071798015	
19A	4	a	55.699512	87.697104	68.14302	31.997591999999997	0.17722376211311985	71.698308	15.998795999999999	3.912219628634811	
19A	4	a	88.289652	98.362968	95.992776	10.073315999999991	0.06476933851828437	93.030036	5.036657999999996	0.5791023789806159	
19A	4	a	100.73316	126.805272	120.879792	26.072112000000004	0.0870483442145138	113.769216	13.036056000000002	1.6711787260549684	
19A	4	a	127.39782	129.768012	127.990368	2.370192000000003	0.02643559422852526	128.582916	1.1850960000000015	0.04087974221770707	
19A	4	a	131.545656	133.3233	132.138204	1.777643999999981	0.004386106654020061	132.138204	0.8888219999999905	0.005506823237997005	
19A	4	a	138.656232	143.989164	140.433876	5.332932	0.017918402202887096	141.026424	2.666466	0.04572969590304454	
19A	4	a	145.766808	151.692288	149.914644	5.925479999999993	0.026469783768958255	148.729548	2.9627399999999966	0.1457563718468149	
19A	4	a	152.284836	158.802864	157.617768	6.518027999999987	0.03895495844034813	155.247576	3.2590139999999934	0.17524574873853804	
19A	4	a	159.395412	162.358152	159.98796	2.9627399999999966	0.013582145532252454	160.580508	1.4813699999999983	0.035837093572317014	
19A	4	a	165.320892	180.134592	171.246372	14.813700000000011	0.06255293287439856	172.431468	7.406850000000006	0.7771393017142239	
19A	4	a	180.72714	195.54084	191.985552	14.813700000000011	0.0423086564978945	187.837716	7.406850000000006	0.47926578898918604	
19A	4	a	196.133388	197.911032	196.133388	1.7776440000000093	0.018591616090569474	196.725936	0.8888220000000047	0.02832021543656882	
19A	4	a	198.50358	206.799252	205.021608	8.295671999999996	0.02736395687687665	202.651416	4.147835999999998	0.19012973100372188	
19A	4	a	207.3918	210.947088	208.576896	3.5552880000000187	0.03491352880195486	209.169444	1.7776440000000093	0.09077783743877021	
19A	4	a	214.502376	218.057664	215.094924	3.5552879999999902	0.02107473907528523	216.28002	1.7776439999999951	0.054473402206658306	
19A	4	a	218.650212	225.760788	222.2055	7.1105759999999805	0.03562668655119028	222.2055	3.5552879999999902	0.22910691082788204	
19A	4	a	226.353336	234.05646	229.316076	7.703123999999974	0.02876936543358366	229.908624	3.851561999999987	0.18898211050275682	
19A	4	a	234.649008	240.574488	238.796844	5.925479999999993	0.03652919829992918	237.611748	2.9627399999999966	0.15361518461975343	
19A	4	a	241.167036	245.90742	244.722324	4.740384000000006	0.04184250508300358	243.537228	2.370192000000003	0.19059686096772321	
19A	4	a	246.499968	253.610544	251.240352	7.110576000000009	0.04315249735638327	250.055256	3.5552880000000044	0.29914658355004997	
19A	4	a	254.203092	285.015588	273.164628	30.81249599999998	0.08986870969503102	269.60934	15.40624799999999	2.4652418573891834	
19A	4	a	285.608136	301.014384	297.459096	15.406248000000005	0.06903969106182894	293.31126	7.7031240000000025	1.1366181847898515	
19A	4	a	301.606932	309.902604	303.384576	8.295672000000025	0.04605303771577751	305.754768	4.147836000000012	0.3234547051493909	
19A	4	a	310.495152	329.456688	319.383372	18.961535999999967	0.05033566493183805	319.97592	9.480767999999983	0.7570305180283932	
19A	4	a	330.049236	334.78962	333.011976	4.740384000000006	0.018435234282518476	332.419428	2.370192000000003	0.0590724263123944	
19A	4	a	336.567264	347.233128	339.530004	10.665864	0.032910915257900575	341.900196	5.332932	0.3225428346616971	
19A	4	a	349.010772	360.269184	358.49154	11.258412000000021	0.12352025079134754	354.343704	5.629206000000011	1.2397204601047056	
