										AB_Fed#2_Retrograde_evts_formatted.txt
ROI	Quadrant	Direction	Start time (s)	End time (s)	Peak time (s)	Duration (s)	Amplitude	Midpoint (s)	Half Duration(s)	AUC
1A	2	b	1.777644	15.998796	4.740384	14.221152	-1.388462854428119	8.88822	7.110576	-17.473755921529726	
1A	2	b	16.591344	32.59014	19.554084	15.998795999999999	-1.6846368735227926	24.294468	7.999397999999999	-24.80457626414057	
1A	2	b	34.367784	49.181484	36.737976	14.813699999999997	-1.5538107970293304	41.47836	7.406849999999999	-20.53434671353558	
1A	2	b	50.959128	62.810088	53.32932	11.85096	-1.1999700773541018	56.884608	5.92548	-13.518506340498407	
1A	2	b	63.402636	78.808884	66.365376	15.406248000000005	-0.7641579672699339	71.10576	7.7031240000000025	-8.261281459449613	
1A	2	b	79.401432	93.030036	82.364172	13.628603999999996	-0.8753362525711443	85.91946	6.814301999999998	-8.74349922143099	
1A	2	b	93.622584	95.992776	93.622584	2.370192000000003	-0.07563974629789261	94.80768	1.1850960000000015	-0.05529320079963185	
1A	2	b	96.585324	108.436284	98.955516	11.85096	-0.5061782591556745	102.510804	5.92548	-4.786586850956239	
1A	2	b	109.028832	124.43508	113.769216	15.406248000000005	-0.38343792379491326	116.731956	7.7031240000000025	-4.07969915655397	
1A	2	b	125.027628	139.841328	130.36056	14.813699999999997	-0.1388002785551521	132.138204	7.406849999999999	-1.173985115473712	
1A	4	a	140.433876	142.21152	141.026424	1.7776440000000093	0.06487915849086434	141.026424	0.8888220000000047	0.09635665131298721	
1A	2	b	144.581712	151.09974	146.359356	6.518027999999987	-0.08244566487784777	147.544452	3.2590139999999934	-0.4282409129638629	
1A	2	b	151.692288	157.02522	151.692288	5.332932	-0.08454587490171495	154.06248	2.666466	-0.339725798623435	
1A	4	a	158.802864	160.580508	158.802864	1.7776440000000093	0.023738695616033922	159.395412	0.8888220000000047	0.015646107067659898	
1A	2	b	161.173056	172.431468	171.246372	11.258411999999993	-0.1181432518180845	166.505988	5.629205999999996	-0.9224497746645093	
1A	2	b	173.024016	193.763196	181.319688	20.739180000000005	-0.16797386487001909	183.097332	10.369590000000002	-2.6499924050696433	
1A	2	b	194.355744	205.614156	200.873772	11.258412000000021	-0.18694300003354325	199.688676	5.629206000000011	-1.9215414514597429	
1A	4	a	209.761992	211.539636	210.947088	1.7776440000000093	0.030830974015800372	210.35454	0.8888220000000047	0.02816259114396802	
1A	4	a	212.132184	213.909828	212.724732	1.7776440000000093	0.029780252423490694	212.724732	0.8888220000000047	0.04493977831790019	
1A	2	b	214.502376	217.465116	216.28002	2.9627399999999966	-0.07497974013125575	215.687472	1.4813699999999983	-0.18363621757064097	
1A	2	b	218.057664	222.2055	221.020404	4.147836000000012	-0.09402885577462516	219.835308	2.073918000000006	-0.38090171903611036	
1A	2	b	225.760788	229.316076	227.538432	3.5552880000000187	-0.10898205844600461	227.538432	1.7776440000000093	-0.24764440522673103	
1A	2	b	229.908624	241.759584	232.871364	11.850959999999986	-0.2880344570372788	235.834104	5.925479999999993	-3.1070513109829467	
1A	2	b	242.352132	260.72112	255.388188	18.368987999999973	-0.1541811223581151	251.240352	9.184493999999987	-2.5076272007580864	
1A	2	b	261.313668	274.942272	268.424244	13.628603999999996	-0.3169134563811733	267.831696	6.814301999999998	-2.7465947345958512	
1A	2	b	275.53482	291.533616	283.237944	15.99879599999997	-0.8849889944575002	283.237944	7.999397999999985	-7.879084186125272	
1A	2	b	292.126164	308.12496	298.644192	15.99879599999997	-0.6879129189956252	299.829288	7.999397999999985	-9.11847604255628	
1A	2	b	308.717508	325.308852	313.457892	16.591343999999992	-1.2594031098340857	317.01318	8.295671999999996	-16.700991998551135	
1A	2	b	325.9014	341.900196	328.86414	15.99879599999997	-1.5262977367938073	333.604524	7.999397999999985	-20.743690904890215	
1A	2	b	342.492744	358.49154	346.048032	15.99879599999997	-1.66410801070095	350.195868	7.999397999999985	-18.320139963517025	
1A	2	b	359.084088	360.269184	360.269184	1.1850959999999873	-0.9927324549616321	359.676636	0.5925479999999936	-0.29337457901845365	
2A	2	b	0.0	14.221152	2.370192	14.221152	-1.095386291639091	7.110576	7.110576	-10.220838511799677	
2A	2	b	14.8137	31.405044	17.183892	16.591344	-1.7143963567852336	23.109372	8.295672	-29.359506803032094	
2A	2	b	31.997592	47.40384	34.367784	15.406248000000001	-1.5983636561448384	39.700716	7.703124000000001	-23.57335693290104	
2A	2	b	47.996388	60.439896	50.959128	12.443507999999994	-1.1209798229812722	53.921868	6.221753999999997	-14.915348912707268	
2A	2	b	61.032444	76.438692	63.402636	15.406248000000005	-0.7625155321904358	68.735568	7.7031240000000025	-9.497454712228782	
2A	2	b	78.216336	106.65864	94.80768	28.442304000000007	-0.4680753050492896	92.437488	14.221152000000004	-11.494391752440645	
2A	2	b	107.251188	139.841328	110.806476	32.590140000000005	-0.26111254401861306	123.249984	16.295070000000003	-9.16431900881915	
2A	2	b	142.804068	157.02522	143.989164	14.22115199999999	-0.16310227742375982	149.914644	7.110575999999995	-2.781469294535873	
2A	2	b	158.802864	173.024016	160.580508	14.22115199999999	-0.21721481466570047	165.91344	7.110575999999995	-2.6986430333047142	
2A	2	b	173.616564	209.761992	196.725936	36.14542799999998	-0.47540472799754063	191.393004	18.07271399999999	-9.044347944050681	
2A	2	b	210.35454	218.057664	212.132184	7.7031240000000025	-0.10444040186256132	213.909828	3.8515620000000013	-0.6323989040239311	
2A	2	b	218.650212	221.612952	219.835308	2.9627399999999966	-0.06429408076469745	219.835308	1.4813699999999983	-0.14250936280133475	
2A	4	a	223.390596	225.16824	224.575692	1.7776440000000093	0.05727021320067127	223.983144	0.8888220000000047	0.05594989750538648	
2A	4	a	225.760788	227.538432	226.353336	1.7776440000000093	0.08548782642254693	226.353336	0.8888220000000047	0.11572921604000364	
2A	2	b	229.908624	233.463912	229.908624	3.5552879999999902	-0.17805844067875398	231.686268	1.7776439999999951	-0.5564158850836334	
2A	2	b	234.05646	241.167036	239.389392	7.110576000000009	-0.26093439621435444	237.611748	3.5552880000000044	-1.6445774751131625	
2A	4	a	241.759584	244.129776	242.352132	2.370192000000003	0.1380376775265022	242.94468	1.1850960000000015	0.3255049437479558	
2A	2	b	244.722324	260.128572	253.610544	15.406248000000033	-0.221361026497096	252.425448	7.703124000000017	-3.5706434529002085	
2A	2	b	260.72112	267.239148	264.868956	6.518028000000015	-0.27931629196496566	263.68386	3.2590140000000076	-1.7372059531331945	
2A	2	b	267.831696	273.757176	272.57208	5.925479999999993	-0.158171283176487	270.794436	2.9627399999999966	-0.906772440694747	
2A	2	b	276.719916	289.163424	281.4603	12.443508000000008	-0.5185775487361184	282.645396	6.221754000000004	-5.156260226844647	
2A	2	b	289.755972	305.754768	293.903808	15.998796000000027	-1.1905303113140837	297.459096	7.9993980000000136	-14.40384247611793	
2A	2	b	308.12496	322.346112	309.902604	14.221152000000018	-1.9234645217313453	315.235536	7.110576000000009	-17.900780105091865	
2A	2	b	325.308852	340.122552	327.086496	14.813699999999983	-2.1173343343750335	332.419428	7.4068499999999915	-26.871656564005917	
2A	2	b	340.7151	354.936252	343.67784	14.221152000000018	-2.506418889841543	347.825676	7.110576000000009	-32.18781635191674	
2A	4	a	355.5288	357.306444	356.121348	1.7776440000000093	0.13035970738286817	356.121348	0.8888220000000047	0.21992474043613575	
2A	2	b	357.898992	360.269184	360.269184	2.3701919999999745	-1.427073728397548	359.084088	1.1850959999999873	-2.771085014298135	
3A	2	b	0.0	13.628604	0.592548	13.628604	-0.6546564056450923	6.518028	6.814302	-7.693974428506926	
3A	2	b	14.221152	29.6274	16.591344	15.406248000000001	-1.8003419040724107	21.924276	7.703124000000001	-23.795398640184462	
3A	2	b	31.997592	36.145428	33.182688	4.147836000000002	-0.5073699268377094	33.775236	2.073918000000001	-1.9549522190228088	
3A	2	b	36.737976	42.070908	40.293264	5.332932	-0.20904195932254765	39.108168	2.666466	-0.9055292039657283	
3A	2	b	42.663456	50.959128	44.4411	8.295672000000003	-0.22017876455088015	46.811292	4.147836000000002	-1.8660161261394084	
3A	2	b	51.551676	74.0685	60.439896	22.516824	-1.5367819519751102	62.810088	11.258412	-26.585103278894056	
3A	2	b	74.661048	81.179076	77.03124	6.518028000000001	-0.5770699078382657	77.623788	3.2590140000000005	-3.2668269555957012	
3A	4	a	81.771624	84.141816	81.771624	2.370192000000003	0.11528840707413579	82.95672	1.1850960000000015	0.24833616259108693	
3A	2	b	84.734364	87.697104	87.104556	2.9627399999999966	-0.138600972476409	85.91946	1.4813699999999983	-0.37498458490247755	
3A	2	b	89.474748	103.103352	93.622584	13.628603999999996	-0.2863735765724895	95.992776	6.814301999999998	-2.240019259930353	
3A	2	b	105.473544	138.656232	107.843736	33.182687999999985	-1.4045355270067592	122.064888	16.591343999999992	-24.162224417142774	
3A	2	b	139.24878	149.322096	142.804068	10.073315999999977	-0.3844058880292973	143.989164	5.0366579999999885	-3.110132221643873	
3A	2	b	151.692288	173.024016	158.802864	21.331728	-0.7714323046029454	162.358152	10.665864	-9.737661095545477	
3A	2	b	173.616564	184.282428	178.356948	10.665864	-0.17303450655096153	178.949496	5.332932	-1.7387485925846424	
3A	4	a	188.430264	191.393004	188.430264	2.9627399999999966	0.08430861459261063	189.61536	1.4813699999999983	0.2147924964086294	
3A	4	a	193.170648	194.948292	193.763196	1.7776440000000093	0.06318269823470679	193.763196	0.8888220000000047	0.10582153143830775	
3A	4	a	196.725936	198.50358	196.725936	1.7776440000000093	0.038643821483126395	197.318484	0.8888220000000047	0.056772305204451534	
3A	2	b	199.096128	201.46632	199.688676	2.370192000000003	-0.09051797836562514	200.281224	1.1850960000000015	-0.1674298987204148	
3A	4	a	205.021608	209.169444	206.206704	4.147836000000012	0.24412212538266864	206.799252	2.073918000000006	0.8895162016481528	
3A	2	b	209.761992	214.502376	210.35454	4.740384000000006	-0.09301726525598575	212.132184	2.370192000000003	-0.4583238507042324	
3A	2	b	215.094924	222.2055	220.427856	7.110576000000009	-0.1642050691784238	218.650212	3.5552880000000044	-0.8292014658061357	
3A	2	b	222.798048	234.05646	226.945884	11.258411999999993	-0.2725364681654616	228.13098	5.629205999999996	-2.2687026120102067	
3A	2	b	234.649008	239.98194	237.0192	5.332932	-0.24354168241703533	237.0192	2.666466	-1.4262187928865027	
3A	2	b	240.574488	256.573284	242.94468	15.998795999999999	-2.161308314152188	248.277612	7.999397999999999	-23.18909954463774	
3A	2	b	257.165832	273.164628	261.906216	15.99879599999997	-0.8097688572420605	264.868956	7.999397999999985	-10.119724222409026	
3A	2	b	273.757176	286.793232	279.090108	13.036055999999974	-1.3837827617713403	280.275204	6.518027999999987	-17.608716590926797	
3A	2	b	288.570876	322.93866	290.941068	34.36778400000003	-2.8751828798548895	305.754768	17.183892000000014	-71.64926889635734	
3A	2	b	323.531208	338.344908	325.9014	14.813699999999983	-1.1170716531711125	330.641784	7.4068499999999915	-13.701737394035437	
3A	2	b	338.937456	360.269184	341.900196	21.331728	-2.255231698744207	349.60332	10.665864	-52.48199118572141	
4A	2	b	0.0	15.998796	0.592548	15.998796	-1.8799631627848674	7.703124	7.999398	-42.208665439064994	
4A	2	b	16.591344	33.182688	20.146632	16.591344	-2.6854487041418076	24.887016	8.295672	-40.98129800978537	
4A	2	b	33.775236	79.401432	42.663456	45.626196	-2.0244968463838173	56.29206	22.813098	-88.50786840300869	
4A	2	b	79.99398	101.325708	89.474748	21.331728000000012	-0.5044643358346761	90.659844	10.665864000000006	-8.044981773942805	
4A	2	b	103.103352	107.843736	104.288448	4.740384000000006	-0.5501676430212674	105.473544	2.370192000000003	-2.5139396257906266	
4A	2	b	108.436284	119.694696	115.54686	11.258411999999993	-0.26166635520684256	113.769216	5.629205999999996	-2.9979334553447496	
4A	2	b	120.287244	132.138204	121.47234	11.85096	-0.3299253844194112	126.212724	5.92548	-2.0714191012378906	
4A	2	b	132.730752	136.878588	135.100944	4.147836000000012	-0.07009621538527089	134.508396	2.073918000000006	-0.26685345418489304	
4A	2	b	137.471136	154.06248	140.433876	16.591343999999992	-1.2066288387670308	145.766808	8.295671999999996	-14.511603664480804	
4A	2	b	155.840124	170.653824	158.210316	14.813699999999983	-1.0562510978260402	162.9507	7.4068499999999915	-16.87411807953109	
4A	2	b	171.246372	221.612952	207.984348	50.36658	-1.2617828049662947	196.133388	25.18329	-28.788207741201347	
4A	2	b	222.2055	225.760788	223.390596	3.5552879999999902	-0.12066631871386946	223.983144	1.7776439999999951	-0.366373941192105	
4A	4	a	226.353336	239.98194	238.204296	13.628603999999996	0.4601913829223463	232.871364	6.814301999999998	5.958144332315304	
4A	2	b	240.574488	255.980736	244.722324	15.406248000000005	-1.2853356985713864	248.277612	7.7031240000000025	-21.826761445450582	
4A	2	b	256.573284	270.201888	264.868956	13.628603999999996	-0.29777784032177035	263.091312	6.814301999999998	-4.719015733483578	
4A	2	b	271.979532	308.717508	289.755972	36.737976	-1.9107419567321902	290.34852	18.368988	-60.781963654805104	
4A	2	b	309.310056	323.531208	315.828084	14.221152000000018	-0.3110840319321895	316.420632	7.110576000000009	-3.9406821954308313	
4A	4	a	324.123756	326.493948	324.716304	2.3701919999999745	0.3498516762451791	325.308852	1.1850959999999873	0.8485757630899631	
4A	2	b	327.086496	333.604524	327.679044	6.518028000000015	-0.3047761675858154	330.049236	3.2590140000000076	-1.050913656584176	
4A	2	b	335.974716	352.56606	339.530004	16.591343999999992	-1.235050191719258	344.270388	8.295671999999996	-19.07611905647613	
4A	2	b	353.158608	360.269184	354.936252	7.1105759999999805	-0.22366474839088513	356.713896	3.5552879999999902	-1.6280342169815272	
5A	4	a	0.0	7.703124	0.0	7.703124	1.1487295834706384	3.555288	3.851562	6.559809514361044	
5A	2	b	8.295672	18.961536	14.221152	10.665864	-1.548336443062177	13.628604	5.332932	-17.965860925474605	
5A	2	b	19.554084	34.367784	24.887016	14.8137	-2.9024439777461364	26.66466	7.40685	-46.28524747935039	
5A	2	b	36.145428	38.51562	36.737976	2.370191999999996	-0.11974285838715559	37.330524	1.185095999999998	-0.2034052181657633	
5A	2	b	40.293264	50.959128	43.256004	10.665864	-1.1163759701811324	45.626196	5.332932	-9.55772364085122	
5A	2	b	51.551676	79.401432	71.698308	27.849756	-2.0386610609043347	65.18028	13.924878	-35.40501796343635	
5A	2	b	79.99398	97.77042	87.104556	17.776440000000008	-1.0415238337949289	88.8822	8.888220000000004	-13.184438077270297	
5A	2	b	98.362968	106.65864	102.510804	8.29567200000001	-0.2533256750529276	102.510804	4.147836000000005	-1.287150074735535	
5A	4	a	107.251188	109.62138	107.251188	2.370192000000003	0.07647523209349227	108.436284	1.1850960000000015	0.09390990380079556	
5A	2	b	111.399024	131.545656	120.287244	20.14663200000001	-0.8537262356330073	121.47234	10.073316000000005	-12.459531404058836	
5A	2	b	132.138204	157.02522	152.877384	24.88701599999999	-0.5268901319745307	144.581712	12.443507999999994	-12.510364851924313	
5A	2	b	157.617768	189.022812	162.358152	31.405043999999975	-1.3412146808760737	173.024016	15.702521999999988	-24.876457639060437	
5A	2	b	189.61536	191.393004	190.207908	1.777643999999981	-0.059387738984233884	190.207908	0.8888219999999905	-0.07655680105490381	
5A	4	a	196.133388	197.911032	197.318484	1.7776440000000093	0.07727063999476247	196.725936	0.8888220000000047	0.10255380486423205	
5A	2	b	198.50358	200.281224	199.688676	1.7776440000000093	-0.055363318579262355	199.096128	0.8888220000000047	-0.03507190965305851	
5A	4	a	202.058868	203.836512	202.651416	1.7776440000000093	0.10745496753381989	202.651416	0.8888220000000047	0.19182763254121582	
5A	2	b	204.42906	233.463912	207.3918	29.034852	-2.228430018463114	218.650212	14.517426	-38.265661714936144	
5A	2	b	234.05646	242.94468	239.98194	8.888220000000018	-1.0606396621195264	238.204296	4.444110000000009	-7.296292411977926	
5A	2	b	243.537228	264.868956	250.647804	21.331728000000027	-2.8565789783117337	254.203092	10.665864000000013	-51.11922564922122	
5A	2	b	268.424244	271.386984	270.201888	2.9627399999999966	-0.11749542526533485	269.60934	1.4813699999999983	-0.2591764710231259	
5A	4	a	271.979532	283.830492	282.645396	11.850959999999986	0.2819965931101267	277.905012	5.925479999999993	2.092998742042394	
5A	2	b	284.42304	325.308852	297.459096	40.88581199999999	-2.053793431625446	304.569672	20.442905999999994	-44.077196057027656	
5A	2	b	325.9014	339.530004	330.641784	13.628603999999996	-0.4499656195270938	332.419428	6.814301999999998	-6.9334115891531765	
5A	2	b	340.122552	354.936252	347.825676	14.81370000000004	-1.4379436082539225	347.233128	7.40685000000002	-21.006645951634113	
5A	2	b	355.5288	360.269184	360.269184	4.740384000000006	-0.5660560000093744	357.898992	2.370192000000003	-1.1465782261087005	
6A	2	b	1.777644	9.480768	2.96274	7.703123999999999	-0.2536232254429631	5.332932	3.8515619999999995	-1.3948416965753032	
6A	2	b	10.073316	21.331728	13.628604	11.258411999999998	-0.6074984805810022	15.406248	5.629205999999999	-5.836401412787382	
6A	2	b	21.924276	38.51562	25.479564	16.591344	-1.9075291797364962	30.219948	8.295672	-25.618673067267476	
6A	2	b	39.108168	88.289652	72.290856	49.181484000000005	-1.0568093910670093	63.402636	24.590742000000002	-30.243846362712148	
6A	2	b	88.8822	100.140612	93.622584	11.258412000000007	-0.29414396962079437	94.215132	5.6292060000000035	-2.5659940913116857	
6A	2	b	100.73316	110.213928	103.103352	9.480767999999998	-0.3340090050496549	105.473544	4.740383999999999	-2.5297910067652825	
6A	2	b	110.806476	138.656232	126.805272	27.849755999999985	-0.3634330976933686	124.43508	13.924877999999993	-9.85021088333351	
6A	4	a	139.24878	141.026424	139.841328	1.777643999999981	0.060264099122861126	139.841328	0.8888219999999905	0.08654680125314984	
6A	2	b	141.618972	149.322096	142.804068	7.703123999999974	-0.30239707411028416	145.17426	3.851561999999987	-2.0448863823079506	
6A	2	b	149.914644	154.06248	150.507192	4.147835999999984	-0.1262074385502796	151.692288	2.073917999999992	-0.2961010406092237	
6A	2	b	154.655028	162.358152	155.840124	7.7031240000000025	-0.1512068148509096	158.210316	3.8515620000000013	-0.8421929650878246	
6A	2	b	162.9507	175.394208	167.691084	12.44350799999998	-0.7799257020056745	168.87618	6.22175399999999	-10.137128234763546	
6A	2	b	177.171852	190.207908	180.72714	13.036056000000002	-0.4503234159943652	183.68988	6.518028000000001	-3.9777913677171948	
6A	2	b	190.800456	226.353336	210.35454	35.552880000000016	-2.3123287689555547	208.576896	17.776440000000008	-51.88207706220854	
6A	2	b	226.945884	242.94468	235.834104	15.998795999999999	-0.5871744933219896	234.649008	7.999397999999999	-7.639660348534355	
6A	2	b	243.537228	262.498764	249.462708	18.961535999999995	-2.5161804562350136	253.017996	9.480767999999998	-40.72991458347364	
6A	2	b	263.091312	274.942272	266.054052	11.850959999999986	-0.36098707923132345	269.016792	5.925479999999993	-3.2503826855694227	
6A	2	b	275.53482	308.12496	299.23674	32.59013999999996	-1.7088582284244902	291.533616	16.29506999999998	-45.49608089834813	
6A	2	b	309.902604	355.5288	345.455484	45.62619599999999	-1.88048408841007	332.419428	22.813097999999997	-55.629898538506254	
6A	2	b	356.121348	360.269184	360.269184	4.147835999999984	-0.2985335786244123	357.898992	2.073917999999992	-0.2798617175560931	
7A	2	b	0.0	1.777644	1.185096	1.777644	-0.02095289917996812	0.592548	0.888822	-0.03300041616781746	
7A	2	b	2.370192	17.77644	3.555288	15.406248000000001	-0.145588522318151	10.073316	7.703124000000001	-1.7768825121802245	
7A	2	b	18.368988	25.479564	23.70192	7.110575999999998	-0.2473404277479987	21.924276	3.555287999999999	-1.544955572580749	
7A	2	b	26.072112	53.921868	33.775236	27.849756000000003	-0.5897368187191829	39.700716	13.924878000000001	-12.408036725382491	
7A	2	b	54.514416	119.102148	80.586528	64.587732	-0.4891702496236632	86.512008	32.293866	-13.353665576554159	
7A	2	b	119.694696	141.026424	125.620176	21.331728	-0.485621757625335	130.36056	10.665864	-9.06849700657097	
7A	2	b	141.618972	180.72714	171.246372	39.10816799999998	-0.6317192080611864	161.173056	19.55408399999999	-14.58220883679821	
7A	2	b	181.319688	192.5781	186.060072	11.258411999999993	-0.11219117603953155	186.65262	5.629205999999996	-0.9826666391973296	
7A	2	b	193.170648	209.169444	204.42906	15.998795999999999	-0.8449942594198614	200.873772	7.999397999999999	-12.609918413381251	
7A	2	b	209.761992	221.020404	213.31728	11.258412000000021	-1.4247507073396402	215.094924	5.629206000000011	-18.33996010452028	
7A	2	b	221.612952	247.685064	242.352132	26.072112000000004	-1.6152543961719612	234.649008	13.036056000000002	-38.09871269978592	
7A	2	b	248.277612	265.461504	253.017996	17.183891999999986	-1.6921721242603742	256.573284	8.591945999999993	-29.185606590536278	
7A	2	b	266.054052	270.201888	267.239148	4.147835999999984	-0.06581738778027679	267.831696	2.073917999999992	-0.2675278316491354	
7A	2	b	270.794436	279.090108	274.349724	8.295671999999968	-0.1488304656657755	274.942272	4.147835999999984	-1.0435976284794344	
7A	2	b	279.682656	299.23674	294.496356	19.55408399999999	-0.7714164680565214	289.163424	9.777041999999994	-14.530230763930238	
7A	2	b	299.829288	312.865344	303.384576	13.036055999999974	-1.2187839559164408	306.347316	6.518027999999987	-15.716476099612533	
7A	2	b	313.457892	334.197072	321.753564	20.739179999999976	-0.2907077469510462	323.531208	10.369589999999988	-4.645647023638144	
7A	2	b	334.78962	344.862936	341.900196	10.073315999999977	-0.5161925660862106	339.530004	5.0366579999999885	-5.447822961930813	
7A	2	b	345.455484	360.269184	358.49154	14.813699999999983	-2.2492681365049974	352.56606	7.4068499999999915	-43.039796412103215	
