										AB_Fed#10_Anterograde_evts_formatted.txt
ROI	Quadrant	Direction	Start time (s)	End time (s)	Peak time (s)	Duration (s)	Amplitude	Midpoint (s)	Half Duration(s)	AUC
8A	4	a	2.370192	8.295672	5.92548	5.92548	0.0645748989242727	5.332932	2.96274	0.30149023108815576	
8A	4	a	8.88822	22.516824	14.221152	13.628604	0.4190904178689432	15.406248	6.814302	3.4870638573473096	
8A	4	a	23.109372	30.219948	27.257208	7.110575999999998	0.07340986373773539	26.66466	3.555287999999999	0.4795201076514293	
8A	4	a	30.812496	39.108168	37.330524	8.295672	0.07200611351493968	34.960332	4.147836	0.5813504991440175	
8A	4	a	39.700716	42.663456	40.885812	2.9627399999999966	0.022471219818789745	40.885812	1.4813699999999983	0.05397144674905774	
8A	4	a	43.256004	47.40384	45.033648	4.147836000000005	0.05284077283325894	45.033648	2.0739180000000026	0.11294773152936122	
8A	4	a	47.996388	52.144224	48.588936	4.147835999999998	0.05162884501423948	49.774032	2.073917999999999	0.1537674644791689	
8A	4	a	52.736772	66.365376	58.069704	13.628603999999996	0.2625258773379069	59.2548	6.814301999999998	2.641692737624359	
8A	4	a	66.957924	74.661048	71.698308	7.703123999999988	0.07261474790718614	70.513212	3.851561999999994	0.4912419206974439	
8A	4	a	78.216336	83.549268	78.808884	5.332932	0.06088699857820323	80.586528	2.666466	0.352737023866476	
8A	4	a	84.141816	93.622584	88.8822	9.480767999999998	0.052369388257790916	88.8822	4.740383999999999	0.4190590535328602	
8A	2	b	96.585324	100.140612	97.177872	3.5552880000000044	-0.03721699526935973	98.362968	1.7776440000000022	-0.0928608823422361	
8A	4	a	103.6959	114.361764	105.473544	10.665864	0.4763311444593472	109.028832	5.332932	3.6655427538437264	
8A	4	a	114.954312	117.917052	115.54686	2.9627399999999966	0.057031398248362564	116.139408	1.4813699999999983	0.1678431934920408	
8A	4	a	118.5096	123.842532	120.879792	5.332932	0.041354250188793795	120.879792	2.666466	0.2501367578445661	
8A	4	a	130.953108	158.210316	152.284836	27.25720800000002	0.5890320548590666	144.581712	13.62860400000001	6.988658074747103	
8A	4	a	158.802864	171.83892	167.098536	13.036056000000002	0.07491596678746948	165.320892	6.518028000000001	1.0588507716962527	
8A	4	a	173.616564	184.874976	179.542044	11.258411999999993	0.06521495140388023	178.949496	5.629205999999996	0.6567640782313202	
8A	4	a	185.467524	206.799252	197.318484	21.331728	0.9678733279209562	196.133388	10.665864	12.13826205044383	
8A	4	a	207.3918	214.502376	209.761992	7.110576000000009	0.140065751455678	210.947088	3.5552880000000044	0.9320156959887247	
8A	2	b	216.28002	219.835308	218.650212	3.5552879999999902	-0.023933219507447756	218.057664	1.7776439999999951	-0.08695847220666097	
8A	4	a	220.427856	240.574488	232.278816	20.14663200000001	0.17167634629750106	230.501172	10.073316000000005	3.5758428110476785	
8A	4	a	241.167036	256.573284	245.314872	15.406248000000005	0.7963216139718017	248.87016	7.7031240000000025	6.00630006019886	
8A	4	a	257.165832	259.536024	258.943476	2.3701919999999745	0.0209310472441695	258.350928	1.1850959999999873	0.015248091107383344	
8A	4	a	260.128572	296.274	287.38578	36.14542799999998	0.15510077759047647	277.905012	18.07271399999999	4.775342926029123	
8A	4	a	296.866548	308.717508	301.014384	11.850959999999986	0.39034779106684336	302.792028	5.925479999999993	3.4407841649970017	
8A	4	a	309.310056	317.01318	311.680248	7.7031240000000025	0.07903358720177112	312.865344	3.8515620000000013	0.4243377054927524	
8A	4	a	317.605728	360.269184	352.56606	42.663456	0.5180629089247786	338.937456	21.331728	9.76092633139934	
9A	4	a	1.185096	7.110576	4.740384	5.92548	0.10512580100813596	4.147836	2.96274	0.5838730938197123	
9A	4	a	7.703124	31.997592	17.77644	24.294468000000002	0.9596986836658457	19.554084	12.147234000000001	16.21568481604538	
9A	2	b	32.59014	36.145428	33.775236	3.5552880000000044	-0.09575366276320807	34.367784	1.7776440000000022	-0.35070148616157293	
9A	4	a	36.737976	57.477156	51.551676	20.739179999999998	0.23880507427847864	46.811292	10.369589999999999	5.131709319723204	
9A	4	a	58.069704	74.661048	65.18028	16.591343999999992	0.8362340297339532	66.365376	8.295671999999996	14.555437962289083	
9A	4	a	75.253596	77.03124	76.438692	1.7776439999999951	0.020472410460449453	75.846144	0.8888219999999976	0.021552591932835652	
9A	2	b	77.623788	82.95672	79.401432	5.332932	-0.056818893059860986	79.99398	2.666466	-0.21782897550317304	
9A	4	a	84.734364	87.104556	85.326912	2.370192000000003	0.06252537782248613	85.91946	1.1850960000000015	0.1045740278415288	
9A	4	a	91.252392	97.177872	94.215132	5.925479999999993	0.054775314350415716	94.215132	2.9627399999999966	0.2749008711028984	
9A	4	a	97.77042	104.288448	101.325708	6.518028000000001	0.17537941199016105	100.73316	3.2590140000000005	1.0063676029114217	
9A	4	a	104.880996	123.249984	113.176668	18.368988	0.42867845367163726	113.769216	9.184494	6.052712884656062	
9A	2	b	123.842532	133.3233	127.990368	9.480767999999983	-0.1276186728890929	128.582916	4.740383999999992	-1.3680511297768387	
9A	4	a	136.28604	160.580508	155.247576	24.294467999999995	0.6171323122923948	148.137	12.147233999999997	6.879864242573325	
9A	4	a	161.173056	166.505988	164.728344	5.332932	0.12323661638084138	163.543248	2.666466	0.5832698651217956	
9A	2	b	168.283632	172.431468	171.83892	4.147835999999984	-0.1077217516174458	170.061276	2.073917999999992	-0.3228282643735063	
9A	2	b	173.024016	174.80166	174.209112	1.7776440000000093	-0.05537916495261763	173.616564	0.8888220000000047	-0.07110030753998586	
9A	4	a	176.579304	216.872568	200.281224	40.29326399999999	1.0129376464683473	196.725936	20.146631999999997	25.66426933087476	
9A	4	a	217.465116	238.204296	222.798048	20.739180000000005	0.18733664188965182	227.538432	10.369590000000002	4.140904709634231	
9A	4	a	238.796844	242.94468	239.98194	4.147836000000012	0.11149618723026267	240.574488	2.073918000000006	0.38776229695662656	
9A	4	a	243.537228	245.90742	243.537228	2.370192000000003	0.02794433118807671	244.722324	1.1850960000000015	0.04373373131535274	
9A	4	a	246.499968	262.498764	248.87016	15.998795999999999	0.46778031964566136	254.203092	7.999397999999999	6.2105147461507455	
9A	4	a	263.091312	290.34852	271.386984	27.25720799999999	0.15131168054579724	276.719916	13.628603999999996	4.086802385805548	
9A	4	a	290.941068	315.235536	302.792028	24.29446800000005	0.3007748627023412	302.792028	12.147234000000026	5.0377942859414775	
9A	2	b	317.01318	318.790824	317.01318	1.7776440000000093	-0.05638526288276724	317.605728	0.8888220000000047	-0.06265847620974352	
9A	4	a	319.383372	360.269184	359.676636	40.88581199999999	1.0946792143766184	339.530004	20.442905999999994	36.65255954550402	
10A	4	a	1.777644	13.628604	8.88822	11.850959999999999	0.13866999124559243	7.703124	5.925479999999999	1.3676980981742268	
10A	4	a	14.221152	30.812496	23.70192	16.591344	2.0359880974237603	22.516824	8.295672	22.161975239469765	
10A	4	a	31.405044	41.47836	33.775236	10.073316000000002	0.20144519659649518	36.145428	5.036658000000001	1.8977536924515177	
10A	4	a	42.070908	62.21754	48.588936	20.146631999999997	0.23888610062664473	52.144224	10.073315999999998	4.076560613909747	
10A	4	a	62.810088	78.216336	67.550472	15.406247999999998	1.0303033253530387	70.513212	7.703123999999999	9.130755489577096	
10A	4	a	78.808884	106.65864	101.325708	27.849756	0.18795330311427527	92.437488	13.924878	4.466394585268899	
10A	4	a	107.251188	125.027628	119.694696	17.776440000000008	0.5364374972008905	116.139408	8.888220000000004	7.18326907090483	
10A	4	a	125.620176	134.508396	129.175464	8.888220000000004	0.09223723382318472	129.768012	4.444110000000002	0.722981790477643	
10A	4	a	136.28604	140.433876	137.471136	4.147835999999984	0.07865881510108164	138.063684	2.073917999999992	0.26910854015944397	
10A	4	a	141.026424	154.06248	149.914644	13.036056000000002	0.17149661681506867	147.544452	6.518028000000001	2.120252346457931	
10A	4	a	154.655028	170.653824	158.802864	15.998795999999999	1.046512126571796	162.358152	7.999397999999999	12.271243575298802	
10A	2	b	174.209112	175.986756	175.394208	1.7776440000000093	-0.05828315481999713	174.80166	0.8888220000000047	-0.06397192797662665	
10A	4	a	178.356948	187.245168	186.060072	8.888220000000018	0.06718897875007102	182.504784	4.444110000000009	0.5479855804466465	
10A	4	a	189.022812	208.576896	205.021608	19.554084000000017	1.2975934197201395	198.50358	9.777042000000009	21.20939220399029	
10A	4	a	209.169444	214.502376	211.539636	5.332932	0.14958146847666853	211.539636	2.666466	0.7074417522531418	
10A	2	b	215.094924	223.983144	215.687472	8.888220000000018	-0.09532068578957986	219.24276	4.444110000000009	-0.8096660873513359	
10A	4	a	226.945884	246.499968	238.796844	19.55408399999999	0.17539519795068514	236.426652	9.777041999999994	2.7430593179513965	
10A	4	a	247.092516	260.72112	254.79564	13.628603999999996	0.42087958205537035	253.610544	6.814301999999998	4.748641361046323	
10A	4	a	261.313668	268.424244	263.091312	7.1105759999999805	0.17134964531150576	264.868956	3.5552879999999902	0.9188734819688396	
10A	4	a	269.016792	278.49756	271.979532	9.480768000000012	0.08754630290043952	273.757176	4.740384000000006	0.6647780474806488	
10A	4	a	279.090108	287.978328	283.830492	8.88821999999999	0.07991162673564745	283.237944	4.444109999999995	0.5715241780215528	
10A	4	a	288.570876	300.421836	297.459096	11.850959999999986	0.10075972953333867	294.496356	5.925479999999993	1.1042977278265798	
10A	4	a	301.014384	319.97592	308.717508	18.961535999999967	0.40538150165662845	310.495152	9.480767999999983	5.353629544800437	
10A	4	a	322.346112	324.123756	322.93866	1.7776440000000093	0.062287900433845245	322.93866	0.8888220000000047	0.09034270854950033	
10A	4	a	324.716304	346.64058	337.159812	21.92427600000002	0.17078947322531102	335.382168	10.96213800000001	3.4891145215957735	
10A	4	a	348.418224	360.269184	359.676636	11.850959999999986	0.7409305220182127	354.343704	5.925479999999993	3.1301272278383814	
11A	4	a	1.185096	20.73918	15.998796	19.554084	0.22693169081678644	10.665864	9.777042	3.439280217009042	
11A	4	a	21.331728	26.66466	24.887016	5.332932000000003	0.6867752949024624	23.70192	2.6664660000000016	2.346366591215583	
11A	4	a	29.034852	43.256004	33.182688	14.221151999999996	0.5138697587239571	36.145428	7.110575999999998	5.781246706033512	
11A	4	a	43.848552	47.40384	46.811292	3.5552880000000044	0.08115179356406621	45.626196	1.7776440000000022	0.23577276584949258	
11A	4	a	47.996388	52.736772	49.774032	4.740383999999999	0.09707193739085085	50.36658	2.3701919999999994	0.36184893708216004	
11A	4	a	53.32932	66.957924	61.624992	13.628604000000003	0.22406540798622387	59.847348	6.814302000000001	2.6202408965111945	
11A	4	a	67.550472	71.698308	69.328116	4.147835999999998	0.6396862355577122	69.328116	2.073917999999999	2.0298295888849536	
11A	4	a	72.290856	74.661048	73.475952	2.3701919999999888	0.09523143407863	73.475952	1.1850959999999944	0.15149308126920813	
11A	4	a	75.253596	87.104556	78.216336	11.85096	0.2102350653045466	81.179076	5.92548	1.5320991301158224	
11A	4	a	87.697104	113.176668	109.62138	25.47956400000001	0.19023144669081749	100.140612	12.739782000000005	4.946539443373654	
11A	4	a	113.769216	117.917052	116.139408	4.147835999999998	0.3120529573232531	115.54686	2.073917999999999	1.0398148588761538	
11A	4	a	123.842532	126.212724	124.43508	2.3701919999999888	0.31189480130537683	125.027628	1.1850959999999944	0.7461039393071645	
11A	2	b	126.805272	139.24878	132.138204	12.443508000000008	-0.19227270435613697	132.730752	6.221754000000004	-2.147219861741165	
11A	2	b	139.841328	141.618972	139.841328	1.7776440000000093	-0.04062777788462091	140.433876	0.8888220000000047	-0.06098823809298892	
11A	4	a	143.396616	145.766808	143.396616	2.370192000000003	0.08245967387882303	144.581712	1.1850960000000015	0.10053163341416838	
11A	4	a	148.137	171.83892	162.9507	23.70192	0.6978729412383462	159.98796	11.85096	13.473704116999574	
11A	4	a	172.431468	179.542044	174.80166	7.110576000000009	0.11380848763661522	175.986756	3.5552880000000044	0.6252620284723607	
11A	2	b	180.134592	196.133388	188.430264	15.998795999999999	-0.3140485013306229	187.837716	7.999397999999999	-5.221439685958205	
11A	4	a	196.725936	212.724732	206.799252	15.998795999999999	1.5055513971526269	204.42906	7.999397999999999	17.23028002326809	
11A	4	a	213.31728	226.945884	218.057664	13.628603999999996	0.6274969116852942	219.835308	6.814301999999998	6.350850199588281	
11A	4	a	233.463912	243.537228	236.426652	10.073316000000005	0.1183686584859922	238.204296	5.036658000000003	1.0248331071653842	
11A	2	b	244.129776	246.499968	245.314872	2.370192000000003	-0.034023133064074784	245.314872	1.1850960000000015	-0.05474805075650613	
11A	4	a	247.092516	250.647804	247.685064	3.5552880000000187	0.07233047839933349	248.87016	1.7776440000000093	0.26373035715226445	
11A	2	b	251.240352	253.017996	251.240352	1.7776440000000093	-0.033010981658194716	251.8329	0.8888220000000047	-0.03826896708206062	
11A	4	a	253.610544	261.313668	258.943476	7.7031240000000025	0.23482247538309853	257.165832	3.8515620000000013	1.475033629438906	
11A	4	a	261.906216	276.127368	267.239148	14.221152000000018	0.2674673084672867	269.016792	7.110576000000009	2.9565760955107097	
11A	4	a	276.719916	300.421836	280.867752	23.701919999999973	0.13399750860643156	288.570876	11.850959999999986	2.1087024001094687	
11A	4	a	302.792028	330.641784	321.161016	27.849755999999957	0.5921397265388251	316.420632	13.924877999999978	10.343927375338447	
11A	4	a	332.419428	340.122552	339.530004	7.7031240000000025	0.09546030846480313	335.974716	3.8515620000000013	0.5100549484161041	
11A	4	a	340.7151	344.862936	341.900196	4.147835999999984	0.06480499696203701	342.492744	2.073917999999992	0.253048047836534	
11A	4	a	348.418224	360.269184	360.269184	11.850959999999986	0.37609164341439216	354.343704	5.925479999999993	2.1717859794450955	
12A	4	a	0.0	17.183892	0.0	17.183892	0.6568277394908879	8.295672	8.591946	9.810993262482501	
12A	4	a	18.961536	21.331728	20.146632	2.3701919999999994	0.09434539949843312	20.146632	1.1850959999999997	0.22863484861109518	
12A	2	b	23.109372	25.479564	24.294468	2.3701919999999994	-0.12391977390050801	24.294468	1.1850959999999997	-0.2564264281280195	
12A	4	a	26.072112	68.735568	35.55288	42.663456	1.1948378603369525	47.40384	21.331728	40.037358373229765	
12A	4	a	69.328116	93.622584	81.179076	24.29446800000001	0.9320217540915321	81.179076	12.147234000000005	21.876856092800235	
12A	4	a	94.215132	106.066092	94.215132	11.85096	0.10312624113540991	100.140612	5.92548	0.9432005464853828	
12A	2	b	106.65864	110.213928	107.251188	3.5552879999999902	-0.07260226630136923	108.436284	1.7776439999999951	-0.2379629529288727	
12A	4	a	110.806476	112.58412	111.991572	1.7776439999999951	0.012242151479047614	111.399024	0.8888219999999976	0.01433777718101048	
12A	2	b	113.176668	115.54686	113.769216	2.3701919999999888	-0.09001548278239202	114.361764	1.1850959999999944	-0.14724675375120677	
12A	4	a	116.139408	122.657436	117.324504	6.518028000000001	0.5052421051530045	119.102148	3.2590140000000005	2.5297112577623353	
12A	4	a	124.43508	132.730752	127.990368	8.295671999999996	0.5899461580410126	128.582916	4.147835999999998	4.233598775341436	
12A	4	a	133.3233	139.24878	133.915848	5.925480000000022	0.1132661963892847	136.28604	2.962740000000011	0.4825808191730454	
12A	4	a	139.841328	142.21152	141.618972	2.370192000000003	0.10204143505371288	141.026424	1.1850960000000015	0.09103255987315872	
12A	4	a	142.804068	145.766808	144.581712	2.9627399999999966	0.10222554423969132	143.989164	1.4813699999999983	0.25464741616611564	
12A	4	a	146.359356	148.137	147.544452	1.7776440000000093	0.11001156255508793	146.951904	0.8888220000000047	0.13231522440647936	
12A	4	a	148.729548	158.802864	151.09974	10.073316000000005	0.1514255601760377	153.469932	5.036658000000003	1.1576410737910314	
12A	4	a	159.395412	162.358152	160.580508	2.9627399999999966	0.0891144592836195	160.580508	1.4813699999999983	0.1991097706458147	
12A	4	a	162.9507	168.283632	165.320892	5.332932	0.45800512462980336	165.320892	2.666466	2.1227425408478773	
12A	4	a	170.653824	188.430264	174.80166	17.776440000000008	0.7274984642373843	179.542044	8.888220000000004	11.49496605362532	
12A	4	a	189.022812	191.393004	189.61536	2.370192000000003	0.03847824514680642	190.207908	1.1850960000000015	0.06818276017952707	
12A	2	b	193.170648	195.54084	194.355744	2.370192000000003	-0.046750950794113066	194.355744	1.1850960000000015	-0.08347973347335502	
12A	2	b	198.50358	203.243964	201.46632	4.740384000000006	-0.14088296224997698	200.873772	2.370192000000003	-0.47608773338351673	
12A	4	a	203.836512	217.465116	211.539636	13.628603999999996	2.0513570743905456	210.35454	6.814301999999998	19.30536352243657	
12A	4	a	218.057664	242.94468	223.983144	24.887016000000017	0.424503491951004	230.501172	12.443508000000008	9.080097543130996	
12A	4	a	243.537228	266.054052	261.906216	22.516824000000014	0.36934386124228347	254.79564	11.258412000000007	5.482290104381054	
12A	4	a	267.831696	274.942272	270.794436	7.1105759999999805	0.3357551788976689	271.386984	3.5552879999999902	2.1765728431460056	
12A	4	a	275.53482	278.49756	277.312464	2.9627399999999966	0.07596917758225885	276.719916	1.4813699999999983	0.17336729408617924	
12A	4	a	279.090108	340.7151	321.161016	61.62499200000002	0.4981250479663277	309.902604	30.81249600000001	16.26429693165317	
12A	4	a	341.307648	360.269184	354.936252	18.961536000000024	0.2769716052935962	350.788416	9.480768000000012	5.504007050275887	
13A	4	a	0.0	1.777644	0.592548	1.777644	0.1101605642739596	0.592548	0.888822	0.16973521981476125	
13A	4	a	2.370192	15.998796	5.92548	13.628604000000001	0.18629400150811204	8.88822	6.8143020000000005	1.690256552930534	
13A	4	a	16.591344	20.73918	18.368988	4.147836000000002	0.09580438148527293	18.368988	2.073918000000001	0.39835864401741894	
13A	4	a	24.294468	33.775236	30.219948	9.480768000000001	1.3158705846889456	29.034852	4.740384000000001	9.691952929209465	
13A	4	a	34.367784	53.32932	42.070908	18.961536000000002	0.8152001446384896	43.848552	9.480768000000001	12.281548163880156	
13A	4	a	53.921868	77.623788	74.661048	23.70192	1.054903794560928	65.772828	11.85096	10.879710268468294	
13A	4	a	78.216336	99.548064	89.474748	21.331728	0.6443123637495516	88.8822	10.665864	11.298609425851398	
13A	4	a	100.140612	101.918256	100.140612	1.7776439999999951	0.04797286751694507	100.73316	0.8888219999999976	0.04325586883030352	
13A	2	b	102.510804	118.5096	113.769216	15.998796000000013	-0.2530767117975161	110.213928	7.9993980000000064	-3.918020168200271	
13A	4	a	119.102148	125.620176	122.064888	6.518028000000001	1.0315034272959434	122.064888	3.2590140000000005	5.8746869315193795	
13A	4	a	129.768012	145.766808	132.138204	15.998795999999999	0.5387568628575643	137.471136	7.999397999999999	8.406795181998092	
13A	4	a	146.359356	148.137	146.359356	1.7776440000000093	0.04642754698744511	146.951904	0.8888220000000047	0.06237546517626402	
13A	2	b	150.507192	165.91344	164.135796	15.406248000000005	-0.25487782058759123	158.210316	7.7031240000000025	-3.386725183321829	
13A	4	a	166.505988	175.394208	168.87618	8.88821999999999	0.8655957812802519	170.653824	4.444109999999995	7.098006274544071	
13A	4	a	175.986756	191.393004	180.72714	15.406247999999977	0.6109571625748407	183.68988	7.703123999999988	7.019893241742686	
13A	2	b	193.763196	207.3918	203.243964	13.628603999999996	-0.19789378108848776	200.281224	6.814301999999998	-2.104242152542536	
13A	4	a	207.984348	221.020404	213.909828	13.036056000000002	2.2582091101880835	214.502376	6.518028000000001	18.84440414803178	
13A	4	a	221.612952	239.389392	226.353336	17.77643999999998	0.4723253653596471	230.501172	8.88821999999999	6.7047221148039435	
13A	4	a	239.98194	269.60934	264.276408	29.627399999999966	0.38180455937566204	254.79564	14.813699999999983	7.2318612404698674	
13A	4	a	271.386984	289.755972	275.53482	18.368988	0.2722451700115327	280.275204	9.184494	5.2242752795232335	
13A	4	a	290.34852	298.051644	296.274	7.7031240000000025	0.08151541109895444	293.903808	3.8515620000000013	0.4984184210154967	
13A	4	a	298.644192	304.569672	298.644192	5.92548000000005	0.09790775017573683	301.606932	2.962740000000025	0.41375233512463483	
13A	4	a	308.717508	310.495152	308.717508	1.7776440000000093	0.027648991833000736	309.310056	0.8888220000000047	0.029466565655699384	
13A	4	a	311.0877	317.605728	314.642988	6.518028000000015	0.5520931211715947	314.05044	3.2590140000000076	2.5807049678084573	
13A	2	b	318.198276	319.97592	318.790824	1.7776439999999525	-0.021722400236857897	318.790824	0.8888219999999762	-0.02796129430506067	
13A	4	a	320.568468	340.122552	326.493948	19.55408399999999	0.39821151727810733	330.049236	9.777041999999994	7.013527499732451	
13A	4	a	340.7151	343.085292	341.307648	2.3701919999999745	0.1104103830866281	341.900196	1.1850959999999873	0.26750145864181185	
13A	4	a	343.67784	349.60332	347.233128	5.925479999999993	0.16305225648001542	346.64058	2.9627399999999966	0.9281991163687255	
13A	4	a	350.195868	359.084088	355.5288	8.88821999999999	0.11141715450092438	354.343704	4.444109999999995	0.9491707981426458	
14A	4	a	2.96274	7.703124	4.147836	4.740384	0.2664238658839908	5.332932	2.370192	1.0813273945675324	
14A	4	a	8.295672	36.145428	31.997592	27.849756000000003	1.5055441598619943	21.924276	13.924878000000001	24.32955986379524	
14A	4	a	36.737976	58.069704	46.811292	21.331728	1.0949403841752101	47.40384	10.665864	18.701687685303934	
14A	4	a	58.662252	69.920664	61.624992	11.258412	0.1900881179580738	63.995184	5.629206	1.6156549747758575	
14A	4	a	70.513212	72.883404	71.698308	2.370192000000003	0.0644801671699593	71.698308	1.1850960000000015	0.1330816328895117	
14A	4	a	73.475952	81.771624	76.438692	8.295671999999996	0.7831455075720957	77.623788	4.147835999999998	5.947906064454452	
14A	4	a	87.697104	101.918256	89.474748	14.221152000000004	0.994427815814702	94.80768	7.110576000000002	10.00189624842826	
14A	4	a	103.6959	127.990368	123.249984	24.29446800000001	0.9975649832108431	115.54686	12.147234000000005	17.299999217173536	
14A	4	a	128.582916	148.137	135.693492	19.55408399999999	0.9695722488780323	138.063684	9.777041999999994	15.970814728742852	
14A	4	a	148.729548	152.284836	149.914644	3.5552880000000187	0.08064052693523127	150.507192	1.7776440000000093	0.17128507305166973	
14A	4	a	158.210316	164.135796	162.9507	5.925479999999993	0.08392377803016249	161.173056	2.9627399999999966	0.32817793060417344	
14A	4	a	164.728344	177.171852	171.246372	12.443508000000008	0.7591236900688063	170.653824	6.221754000000004	6.510778085916707	
14A	4	a	179.542044	197.318484	182.504784	17.776440000000008	0.8061085998707265	188.430264	8.888220000000004	11.773741621462879	
14A	4	a	197.911032	201.46632	200.281224	3.5552879999999902	0.0823818853322198	199.688676	1.7776439999999951	0.25591104003694864	
14A	4	a	202.058868	204.42906	202.058868	2.370192000000003	0.0954388986463961	203.243964	1.1850960000000015	0.21728398823897388	
14A	4	a	210.947088	224.575692	215.687472	13.628603999999996	2.654309819920221	217.465116	6.814301999999998	20.663651315931563	
14A	4	a	225.16824	238.204296	227.538432	13.036056000000002	0.26127237739558584	231.686268	6.518028000000001	3.4575735347550705	
14A	4	a	238.796844	240.574488	238.796844	1.7776440000000093	0.09513703212613844	239.389392	0.8888220000000047	0.11671753763643578	
14A	2	b	242.352132	264.868956	260.72112	22.516824000000014	-0.2124820831815919	253.610544	11.258412000000007	-4.242808732341137	
14A	4	a	265.461504	270.794436	266.054052	5.332932000000028	0.1299437686421001	267.831696	2.666466000000014	0.47509958623374926	
14A	4	a	272.57208	287.978328	276.127368	15.406247999999948	0.3592155338655427	280.275204	7.703123999999974	4.516768308229439	
14A	4	a	291.533616	293.31126	292.126164	1.7776440000000093	0.054298229051118696	292.126164	0.8888220000000047	0.08357862245048864	
14A	4	a	296.274	298.051644	296.274	1.7776440000000093	0.02916702964514517	296.866548	0.8888220000000047	0.03883244543874387	
14A	4	a	301.014384	304.569672	302.792028	3.5552880000000187	0.06041511242120823	302.792028	1.7776440000000093	0.15376602837721665	
14A	4	a	306.347316	319.383372	316.420632	13.03605600000003	0.4337876243173593	312.865344	6.518028000000015	3.3881755494082055	
14A	4	a	319.97592	325.9014	323.531208	5.92548000000005	0.2846446503206268	322.93866	2.962740000000025	1.4439933642852187	
14A	4	a	328.271592	344.270388	330.641784	15.998796000000027	0.2915058049046886	335.974716	7.9993980000000136	3.6280240041958614	
14A	4	a	344.862936	356.121348	349.60332	11.258412000000021	0.20106129738115275	350.195868	5.629206000000011	2.05484139697381	
14A	4	a	356.713896	360.269184	358.49154	3.5552880000000187	0.19046568340061487	358.49154	1.7776440000000093	0.7293444037900301	
15A	2	b	0.0	2.370192	0.0	2.370192	-0.4661301669135893	1.185096	1.185096	-0.7274174646651095	
15A	2	b	2.96274	7.110576	2.96274	4.147836	-0.13105734990530138	4.740384	2.073918	-0.2877825251928696	
15A	4	a	7.703124	10.073316	8.88822	2.3701920000000003	0.05887305886651273	8.88822	1.1850960000000001	0.13130509017195857	
15A	4	a	10.665864	42.663456	34.960332	31.997591999999997	1.722242203878798	26.66466	15.998795999999999	32.20622999340327	
15A	4	a	43.256004	88.8822	80.586528	45.626196	2.1081404186661974	65.772828	22.813098	86.34847063873256	
15A	4	a	89.474748	135.693492	128.582916	46.21874399999999	1.7708829855312267	112.58412	23.109371999999993	71.57126971433273	
15A	4	a	136.28604	167.691084	143.396616	31.405043999999975	0.557689394908043	151.692288	15.702521999999988	17.492138391095857	
15A	4	a	168.283632	181.319688	175.394208	13.036056000000002	1.0388166828184637	174.80166	6.518028000000001	11.150405621122284	
15A	4	a	181.912236	226.945884	216.872568	45.033648	2.9025103784666157	204.42906	22.516824	46.45689642354463	
15A	4	a	227.538432	244.129776	232.871364	16.591343999999992	0.548636881006928	235.834104	8.295671999999996	7.465292018504669	
15A	4	a	247.685064	251.240352	247.685064	3.5552879999999902	0.07869445246770823	249.462708	1.7776439999999951	0.20254915678909846	
15A	2	b	251.8329	253.610544	252.425448	1.7776440000000093	-0.022445843411015076	252.425448	0.8888220000000047	-0.03697999665682472	
15A	4	a	254.203092	256.573284	254.203092	2.370192000000003	0.05802299975564296	255.388188	1.1850960000000015	0.07749407159358901	
15A	4	a	261.313668	274.942272	269.60934	13.628603999999996	0.5587846105157386	267.831696	6.814301999999998	5.2106044655989905	
15A	4	a	275.53482	292.718712	280.275204	17.183891999999958	0.3561198835810009	283.830492	8.591945999999979	6.127484016851447	
15A	4	a	293.31126	309.902604	296.274	16.591343999999992	0.27907040731406063	301.606932	8.295671999999996	3.511676727642463	
15A	4	a	310.495152	324.716304	318.790824	14.221151999999961	0.4388865498197969	317.605728	7.1105759999999805	4.494209890288592	
15A	4	a	325.308852	342.492744	327.679044	17.183892000000014	0.36422909459006636	333.604524	8.591946000000007	5.392936779193477	
15A	4	a	343.085292	346.048032	343.085292	2.9627399999999966	0.05739181731915988	344.270388	1.4813699999999983	0.09665156234455141	
15A	4	a	346.64058	360.269184	351.973512	13.628603999999996	0.13706400756433812	353.158608	6.814301999999998	1.3852937658970803	
16A	4	a	0.0	2.96274	0.592548	2.96274	0.34152596683574954	1.185096	1.48137	1.0037682940734969	
16A	4	a	3.555288	17.183892	5.92548	13.628604	0.2824651141528438	10.073316	6.814302	3.853915972600044	
16A	4	a	17.77644	31.405044	21.924276	13.628604	0.12880276265999457	24.294468	6.814302	1.5745033239840935	
16A	4	a	31.997592	34.367784	33.182688	2.3701919999999994	0.22969557281759956	33.182688	1.1850959999999997	0.5455296322226062	
16A	4	a	34.960332	46.218744	43.848552	11.258412	0.44574860553988493	40.293264	5.629206	5.320840820579264	
16A	4	a	46.811292	63.402636	49.774032	16.591344	0.2506338589801582	55.106964	8.295672	3.559536875912249	
16A	4	a	63.995184	89.474748	78.808884	25.479564000000003	0.5974888918020866	76.438692	12.739782000000002	8.807006279043147	
16A	4	a	90.067296	109.028832	98.362968	18.961535999999995	0.3191340960507518	99.548064	9.480767999999998	5.342697234066836	
16A	4	a	109.62138	112.58412	109.62138	2.9627399999999966	0.09138571053417621	110.806476	1.4813699999999983	0.19002797638833613	
16A	4	a	113.176668	115.54686	113.176668	2.3701919999999888	0.059457400312427744	114.361764	1.1850959999999944	0.09033834900490056	
16A	4	a	119.694696	127.990368	124.43508	8.29567200000001	0.1403434966757393	123.842532	4.147836000000005	1.0256067733072372	
16A	4	a	128.582916	138.063684	133.3233	9.480767999999983	0.39364308326697106	133.3233	4.740383999999992	3.601732148070436	
16A	2	b	138.656232	140.433876	139.24878	1.7776440000000093	-0.014972458208219575	139.24878	0.8888220000000047	-0.023400934169583998	
16A	4	a	141.026424	157.02522	149.914644	15.998795999999999	0.1605837007508346	148.729548	7.999397999999999	2.365889657640672	
16A	4	a	157.617768	161.765604	158.802864	4.147835999999984	0.10276239370839368	159.395412	2.073917999999992	0.3102977974040064	
16A	4	a	162.358152	164.135796	162.9507	1.7776440000000093	0.06941102793977683	162.9507	0.8888220000000047	0.08614779655436888	
16A	4	a	164.728344	168.87618	167.098536	4.147836000000012	0.08985032291858097	166.505988	2.073918000000006	0.35474777242638433	
16A	4	a	169.468728	174.209112	172.431468	4.740384000000006	0.10572640480951812	171.83892	2.370192000000003	0.5621518207798544	
16A	4	a	174.80166	191.393004	183.097332	16.591343999999992	0.3642094596513785	183.097332	8.295671999999996	5.606343984612292	
16A	4	a	191.985552	194.355744	192.5781	2.3701919999999745	0.046770072056897316	193.170648	1.1850959999999873	0.07999240060254209	
16A	2	b	196.133388	216.28002	205.021608	20.14663200000001	-0.21635488917680146	206.206704	10.073316000000005	-3.5378284232430572	
16A	4	a	216.872568	232.278816	222.798048	15.406248000000005	2.2663082076633847	224.575692	7.7031240000000025	34.795862328195845	
16A	2	b	232.871364	235.241556	233.463912	2.370192000000003	-0.1577610127692326	234.05646	1.1850960000000015	-0.3251986094678403	
16A	4	a	235.834104	277.312464	269.016792	41.47835999999998	1.2435961005032707	256.573284	20.73917999999999	39.71226053774978	
16A	2	b	277.905012	282.052848	279.682656	4.147835999999984	-0.16342557756356513	279.682656	2.073917999999992	-0.6157218463018135	
16A	4	a	282.645396	302.19948	291.533616	19.55408399999999	0.5137437105080087	292.126164	9.777041999999994	6.070156417824372	
16A	4	a	302.792028	309.902604	303.977124	7.1105759999999805	0.09970586112938662	306.347316	3.5552879999999902	0.6193364885658394	
16A	4	a	310.495152	315.828084	313.457892	5.332931999999971	0.08484358744540454	312.865344	2.6664659999999856	0.42402316391434924	
16A	4	a	316.420632	324.123756	322.346112	7.7031240000000025	0.2081483883422086	319.97592	3.8515620000000013	1.2233059550488399	
16A	4	a	324.716304	328.86414	327.086496	4.147836000000041	0.38330307270687003	326.493948	2.0739180000000204	1.469472976824321	
16A	4	a	329.456688	342.492744	333.011976	13.03605600000003	0.3086497167931306	335.974716	6.518028000000015	3.4570329224582603	
16A	4	a	344.270388	347.825676	346.64058	3.555287999999962	0.07724696938935871	346.048032	1.777643999999981	0.20190263499955607	
16A	4	a	348.418224	360.269184	354.936252	11.850959999999986	0.12231219703993856	354.343704	5.925479999999993	1.4775558053314317	
17A	4	a	0.0	2.96274	0.592548	2.96274	0.10592749662781831	1.185096	1.48137	0.31773195807552	
17A	4	a	3.555288	5.92548	4.147836	2.3701920000000003	0.03794461698988272	4.740384	1.1850960000000001	0.10405604827510717	
17A	4	a	7.703124	47.40384	35.55288	39.700716	0.28493501055239534	27.257208	19.850358	10.909646408202915	
17A	4	a	47.996388	97.177872	87.697104	49.18148399999999	1.0615197073193117	72.290856	24.590741999999995	36.810149050889244	
17A	4	a	98.955516	141.026424	121.47234	42.07090799999999	0.23702690696887796	119.694696	21.035453999999994	11.264782581409953	
17A	4	a	142.804068	164.135796	151.09974	21.331728	0.12539898532027127	153.469932	10.665864	1.7082918340181883	
17A	4	a	164.728344	167.691084	167.098536	2.9627399999999966	0.0562402924622285	165.91344	1.4813699999999983	0.13517273239205108	
17A	4	a	169.468728	171.83892	170.061276	2.370192000000003	0.05948651463299104	170.653824	1.1850960000000015	0.1299361347276644	
17A	4	a	172.431468	177.7644	175.986756	5.332932	0.045332501659316016	174.80166	2.666466	0.18096487947202378	
17A	4	a	178.356948	181.319688	179.542044	2.962740000000025	0.05200572374572898	179.542044	1.4813700000000125	0.1056009791825574	
17A	4	a	183.097332	184.874976	184.282428	1.7776440000000093	0.035533873195091825	183.68988	0.8888220000000047	0.04585708073670136	
17A	4	a	185.467524	188.430264	187.837716	2.9627399999999966	0.07666941829539997	186.65262	1.4813699999999983	0.20456449059689086	
17A	4	a	189.022812	202.058868	195.54084	13.036056000000002	0.06430282911067042	195.54084	6.518028000000001	0.6488815457664843	
17A	4	a	202.651416	205.021608	202.651416	2.3701919999999745	0.042099794852897165	203.836512	1.1850959999999873	0.08781818347454706	
17A	4	a	205.614156	210.947088	205.614156	5.332932	0.0667562992459918	207.984348	2.666466	0.19935551771801885	
17A	4	a	211.539636	213.31728	211.539636	1.7776440000000093	0.027580625596324015	212.132184	0.8888220000000047	0.03318931341475806	
17A	2	b	213.909828	216.872568	215.687472	2.9627399999999966	-0.09457247031245064	215.094924	1.4813699999999983	-0.27150631895205546	
17A	4	a	217.465116	237.0192	223.983144	19.554084000000017	1.3825337529906716	226.945884	9.777042000000009	26.278400487145696	
17A	4	a	238.796844	280.867752	273.757176	42.070908	1.4821907371594767	259.536024	21.035454	56.09243059118535	
17A	4	a	281.4603	284.42304	282.645396	2.9627399999999966	0.24378442086825203	282.645396	1.4813699999999983	0.7558367871028104	
17A	2	b	285.015588	287.38578	285.015588	2.3701920000000314	-0.14657288412938385	286.200684	1.1850960000000157	-0.34872055441171534	
17A	4	a	287.978328	289.755972	287.978328	1.7776440000000093	0.11963716529972457	288.570876	0.8888220000000047	0.1991955352896133	
17A	2	b	290.34852	295.681452	290.941068	5.332931999999971	-0.16201147007064387	292.718712	2.6664659999999856	-0.8476342994795307	
17A	4	a	296.274	314.05044	302.792028	17.77643999999998	0.2326566007425761	305.16222	8.88821999999999	3.5411191205674752	
17A	4	a	319.97592	326.493948	322.93866	6.518028000000015	0.10841108374441433	322.93866	3.2590140000000076	0.7387829850983054	
17A	4	a	331.234332	334.197072	331.82688	2.9627399999999966	0.036626799331576976	332.419428	1.4813699999999983	0.07491806347306817	
17A	4	a	334.78962	343.085292	341.900196	8.295671999999968	0.060469952418304995	338.937456	4.147835999999984	0.3817187912871116	
17A	4	a	343.67784	347.825676	347.233128	4.147835999999984	0.06007565895030309	345.455484	2.073917999999992	0.18808847656530658	
17A	4	a	348.418224	354.343704	351.380964	5.925479999999993	0.07062653835205612	351.380964	2.9627399999999966	0.48991010145916714	
17A	4	a	354.936252	360.269184	360.269184	5.332931999999971	0.06310252591674326	357.306444	2.6664659999999856	0.31962562835270614	
18A	4	a	0.0	2.96274	1.185096	2.96274	0.06834220576210859	1.185096	1.48137	0.14818483576000352	
18A	4	a	3.555288	5.332932	4.740384	1.7776439999999996	0.07283886747666513	4.147836	0.8888219999999998	0.08920878047372094	
18A	4	a	5.92548	19.554084	5.92548	13.628604	0.08714407570483385	12.443508	6.814302	0.9831446644632791	
18A	4	a	20.146632	29.6274	24.294468	9.480768000000001	0.1285698768771062	24.887016	4.740384000000001	1.0829629377285008	
18A	4	a	31.997592	33.775236	31.997592	1.7776439999999987	0.04309500975928282	32.59014	0.8888219999999993	0.057029736565317624	
18A	4	a	34.367784	47.40384	42.070908	13.036056000000002	0.1641498633022329	40.885812	6.518028000000001	1.8520374958041128	
18A	4	a	47.996388	77.03124	62.21754	29.034851999999994	0.6756061864585199	62.21754	14.517425999999997	15.665999511562823	
18A	2	b	79.401432	82.95672	81.179076	3.5552880000000044	-0.08429496840230999	81.179076	1.7776440000000022	-0.26818982597377783	
18A	4	a	83.549268	85.326912	84.141816	1.7776439999999951	0.03222406704924774	84.141816	0.8888219999999976	0.038580654399675174	
18A	4	a	85.91946	94.80768	92.437488	8.888220000000004	0.3769575784161421	90.067296	4.444110000000002	2.321347840374809	
18A	4	a	95.400228	126.212724	100.140612	30.812495999999996	0.3106127070454492	110.806476	15.406247999999998	7.964346783036865	
18A	4	a	126.805272	130.36056	128.582916	3.5552879999999902	0.09089511363569347	128.582916	1.7776439999999951	0.30989868483245675	
18A	4	a	130.953108	153.469932	133.915848	22.516824000000014	0.17182546247167796	142.21152	11.258412000000007	4.2262798124633285	
18A	4	a	154.06248	161.765604	159.395412	7.7031240000000025	0.07515602347965578	157.617768	3.8515620000000013	0.5611497205120799	
18A	4	a	162.358152	167.691084	164.728344	5.332932	0.047469124844358834	164.728344	2.666466	0.2757184603684357	
18A	4	a	168.283632	171.83892	168.283632	3.5552879999999902	0.023943416791763372	170.061276	1.7776439999999951	0.08403945047497996	
18A	4	a	172.431468	200.873772	189.022812	28.442304000000007	0.17814331497355296	186.65262	14.221152000000004	3.6925510431314303	
18A	4	a	201.46632	205.021608	202.058868	3.5552879999999902	0.03959796647191238	203.243964	1.7776439999999951	0.13684235677950407	
18A	4	a	205.614156	207.3918	205.614156	1.777643999999981	0.057858218760408864	206.206704	0.8888219999999905	0.08510534344395149	
18A	4	a	207.984348	211.539636	208.576896	3.5552879999999902	0.059957468297501926	209.761992	1.7776439999999951	0.19840572087728892	
18A	4	a	212.132184	267.831696	238.796844	55.69951200000003	1.428654968873638	239.98194	27.849756000000014	73.22684190631233	
18A	4	a	268.424244	272.57208	270.794436	4.147836000000041	0.21229982354621502	270.201888	2.0739180000000204	0.7086568384591518	
18A	4	a	273.164628	283.237944	279.682656	10.073316000000034	0.6217850719687252	277.905012	5.036658000000017	4.689527395440984	
18A	4	a	283.830492	289.163424	287.38578	5.332932000000028	0.30579545930334495	286.200684	2.666466000000014	1.6690273980167571	
18A	2	b	289.755972	291.533616	290.34852	1.7776440000000093	-0.018759595846768118	290.34852	0.8888220000000047	-0.025416069403660035	
18A	4	a	292.126164	298.051644	295.088904	5.925479999999993	0.20587735415606634	295.088904	2.9627399999999966	1.0656131508285567	
18A	4	a	298.644192	302.792028	299.829288	4.147836000000041	0.08716418888803057	300.421836	2.0739180000000204	0.2572839362958519	
18A	4	a	303.384576	344.270388	329.456688	40.885812000000044	0.2336245514413564	323.531208	20.442906000000022	8.448856170574551	
18A	4	a	344.862936	347.825676	345.455484	2.9627399999999966	0.061425946919989816	346.048032	1.4813699999999983	0.18374052951548392	
18A	4	a	348.418224	360.269184	359.084088	11.850959999999986	0.1667966502903271	354.343704	5.925479999999993	1.67644827131709	
19A	4	a	0.0	2.96274	1.185096	2.96274	0.1108941804120076	1.185096	1.48137	0.27090719674446273	
19A	4	a	3.555288	21.331728	14.221152	17.776439999999997	0.08615793127759108	12.443508	8.888219999999999	1.2008417026065537	
19A	4	a	21.924276	36.145428	23.109372	14.221152000000004	0.08024975645240628	29.034852	7.110576000000002	1.1900260818486836	
19A	4	a	36.737976	38.51562	37.923072	1.7776439999999951	0.020880842761812346	37.330524	0.8888219999999976	0.034569803112825204	
19A	4	a	39.108168	42.663456	40.885812	3.5552879999999973	0.04801326824245544	40.885812	1.7776439999999987	0.14793606287878425	
19A	4	a	43.256004	54.514416	46.811292	11.258412	0.2512924392387248	48.588936	5.629206	2.8157860226613667	
19A	4	a	55.106964	62.810088	61.624992	7.7031240000000025	0.15222262004560072	58.662252	3.8515620000000013	1.1562861668525	
19A	4	a	63.402636	71.10576	68.14302	7.7031240000000025	0.15264858179638252	66.957924	3.8515620000000013	1.086816862713433	
19A	4	a	71.698308	76.438692	74.661048	4.740384000000006	0.263790728612592	74.0685	2.370192000000003	1.0872477769271458	
19A	4	a	77.03124	82.95672	80.586528	5.925480000000007	0.12602579665145042	79.99398	2.9627400000000037	0.6369923468235746	
19A	4	a	84.734364	111.399024	93.622584	26.664659999999998	0.3633226938975045	97.77042	13.332329999999999	5.936213274137909	
19A	4	a	111.991572	117.917052	114.361764	5.925479999999993	0.044659031676647754	114.954312	2.9627399999999966	0.21029875501406492	
19A	4	a	119.694696	129.768012	120.879792	10.073316000000005	0.1022190872556279	124.43508	5.036658000000003	0.5900948381264493	
19A	4	a	130.36056	146.951904	138.656232	16.59134400000002	0.1340010266016618	138.656232	8.29567200000001	1.7464049116224283	
19A	4	a	147.544452	153.469932	149.322096	5.925479999999993	0.05864111161309005	150.507192	2.9627399999999966	0.27195111778446557	
19A	4	a	154.06248	159.395412	157.617768	5.332932	0.05417465642686059	156.432672	2.666466	0.26655259247371665	
19A	4	a	161.173056	167.691084	163.543248	6.518027999999987	0.09808021912523479	164.135796	3.2590139999999934	0.4831377776206147	
19A	4	a	168.283632	174.209112	172.431468	5.925479999999993	0.07786219426269847	171.246372	2.9627399999999966	0.39211331299693275	
19A	4	a	175.986756	181.319688	179.542044	5.332932	0.06678235064055515	178.356948	2.666466	0.24462958362135256	
19A	4	a	183.097332	189.61536	185.467524	6.518028000000015	0.06761905248148992	186.060072	3.2590140000000076	0.4350638830317919	
19A	4	a	190.207908	194.355744	191.985552	4.147835999999984	0.09497525002883744	191.985552	2.073917999999992	0.3378781331568217	
19A	4	a	194.948292	202.651416	200.873772	7.7031240000000025	0.055817425677425536	198.50358	3.8515620000000013	0.4083825642588721	
19A	4	a	204.42906	209.169444	206.799252	4.740384000000006	0.045658406261426254	206.799252	2.370192000000003	0.14874823371971835	
19A	4	a	209.761992	213.31728	212.132184	3.5552880000000187	0.01938574703381013	211.539636	1.7776440000000093	0.05562377835209409	
19A	4	a	213.909828	217.465116	215.094924	3.5552879999999902	0.04925779803979902	215.687472	1.7776439999999951	0.17058387696956223	
19A	4	a	218.057664	233.463912	231.09372	15.406248000000005	0.16436871800528907	225.760788	7.7031240000000025	1.9194772610780815	
19A	4	a	234.05646	239.389392	236.426652	5.332932	0.1005394686146257	236.426652	2.666466	0.4831407687581015	
19A	4	a	239.98194	247.092516	243.537228	7.1105759999999805	0.1749118781493353	243.537228	3.5552879999999902	1.367363818210004	
19A	4	a	247.685064	257.75838	255.388188	10.073315999999977	0.20277949200769885	252.425448	5.0366579999999885	1.5420923349106994	
19A	4	a	258.350928	273.757176	267.831696	15.406248000000005	0.16731695079405995	266.054052	7.7031240000000025	2.412564588088924	
19A	4	a	275.53482	287.38578	282.052848	11.850959999999986	0.34010428908177737	281.4603	5.925479999999993	3.0995928161837805	
19A	4	a	287.978328	298.051644	294.496356	10.073316000000034	0.18337194547307734	292.718712	5.036658000000017	1.805393797935648	
19A	4	a	298.644192	306.347316	303.977124	7.7031240000000025	0.18506718428559354	302.19948	3.8515620000000013	1.1911788957042393	
19A	4	a	306.939864	314.05044	311.0877	7.1105759999999805	0.12000967296724685	310.495152	3.5552879999999902	0.8418735829355771	
19A	4	a	316.420632	324.123756	321.161016	7.7031240000000025	0.07927138592403482	319.97592	3.8515620000000013	0.6465483493550337	
19A	4	a	324.716304	340.7151	332.419428	15.998796000000027	0.12470827680598662	332.419428	7.9993980000000136	1.5082707311577221	
19A	4	a	342.492744	344.270388	343.085292	1.7776440000000093	0.021330587562697456	343.085292	0.8888220000000047	0.035086718204780265	
19A	4	a	344.862936	347.825676	346.048032	2.9627399999999966	0.06667555642655909	346.048032	1.4813699999999983	0.1488374252336242	
19A	4	a	348.418224	360.269184	359.676636	11.850959999999986	0.09761502276435086	354.343704	5.925479999999993	0.7125413749810195	
