										AB_Fed#6_Cloaca_evts_formatted.txt
ROI	Quadrant	Direction	Start time (s)	End time (s)	Peak time (s)	Duration (s)	Amplitude	Midpoint (s)	Half Duration(s)	AUC
17A	2	b	2.370192	9.480768	4.740384	7.110576	-0.10217977610143247	5.92548	3.555288	-0.7375398648753877	
17A	2	b	13.036056	18.961536	14.8137	5.9254799999999985	-0.09230143529695578	15.998796	2.9627399999999993	-0.4358925281403834	
17A	2	b	19.554084	28.442304	24.887016	8.88822	-0.1261711598043025	23.70192	4.44411	-1.0245924140184037	
17A	2	b	29.034852	35.55288	30.812496	6.518028000000001	-0.1953680278810337	31.997592	3.2590140000000005	-1.5645168949298003	
17A	4	a	40.293264	46.811292	45.033648	6.518028000000001	0.33688408842333484	43.256004	3.2590140000000005	1.8493231992094292	
17A	2	b	47.40384	52.144224	47.996388	4.740383999999999	-0.4382851348540431	49.774032	2.3701919999999994	-2.0737316064880726	
17A	2	b	52.736772	57.477156	55.106964	4.740383999999999	-0.2597829357791097	55.106964	2.3701919999999994	-1.1561834782454796	
17A	2	b	58.069704	63.995184	61.032444	5.92548	-0.4790771086598884	61.032444	2.96274	-2.9013328698337553	
17A	2	b	65.772828	71.10576	66.365376	5.332932	-0.2264381185670996	68.14302	2.666466	-1.0956233071225323	
17A	2	b	71.698308	76.438692	74.0685	4.740384000000006	-0.20082021196353583	74.0685	2.370192000000003	-0.8842305826681449	
17A	2	b	77.03124	81.771624	79.99398	4.740384000000006	-0.16764539364939912	79.401432	2.370192000000003	-0.7507131260056745	
17A	2	b	85.326912	88.289652	85.91946	2.962740000000011	-0.09401993541137532	86.512008	1.4813700000000054	-0.20697134720389054	
17A	2	b	91.252392	95.992776	93.030036	4.740384000000006	-0.22527740094129056	93.622584	2.370192000000003	-0.9712517728839851	
17A	2	b	97.77042	99.548064	98.362968	1.7776439999999951	-0.2012684626809187	98.362968	0.8888219999999976	-0.37774584931339783	
17A	4	a	100.140612	104.288448	101.325708	4.147835999999998	0.09994645466770358	101.918256	2.073917999999999	0.29994787617773566	
17A	2	b	104.880996	115.54686	111.991572	10.665864	-0.7914844405790631	110.213928	5.332932	-7.958475370093355	
17A	2	b	117.324504	127.990368	123.842532	10.665864	-1.064272209355622	122.657436	5.332932	-14.15229647688754	
17A	2	b	130.36056	132.730752	130.953108	2.370192000000003	-0.1447648906637502	131.545656	1.1850960000000015	-0.3686690097762986	
17A	4	a	133.3233	136.878588	134.508396	3.5552880000000187	0.18614753001016382	135.100944	1.7776440000000093	0.6667396681284814	
17A	2	b	137.471136	140.433876	138.656232	2.9627399999999966	-0.24800583454054825	138.656232	1.4813699999999983	-0.8342655673596708	
17A	2	b	141.026424	146.951904	143.989164	5.925480000000022	-0.14925715920725757	143.989164	2.962740000000011	-0.5961203571417013	
17A	2	b	149.914644	159.98796	158.210316	10.073315999999977	-0.1434103949047456	154.655028	5.0366579999999885	-1.095112480092644	
17A	2	b	160.580508	170.061276	165.91344	9.480767999999983	-0.15075459691230986	165.320892	4.740383999999992	-1.4140636271485951	
17A	2	b	170.653824	173.616564	171.83892	2.962740000000025	-0.14647508226529826	171.83892	1.4813700000000125	-0.42061332697539955	
17A	2	b	174.209112	181.319688	177.7644	7.110576000000009	-0.07391177836359253	177.7644	3.5552880000000044	-0.30772007872335516	
17A	2	b	181.912236	187.245168	184.282428	5.332932	-0.14792179857477716	184.282428	2.666466	-0.7728929168169152	
17A	2	b	187.837716	189.61536	189.022812	1.7776440000000093	-0.08237890209762044	188.430264	0.8888220000000047	-0.05565051802082488	
17A	2	b	191.393004	196.725936	192.5781	5.332932	-0.5042050420342097	193.763196	2.666466	-1.8421410997689824	
17A	2	b	197.318484	201.46632	198.50358	4.147835999999984	-0.30455980456513565	199.096128	2.073917999999992	-0.8910919572642761	
17A	2	b	202.058868	210.35454	207.984348	8.295671999999996	-0.728360405936292	206.206704	4.147835999999998	-6.107355241938293	
17A	2	b	210.947088	215.687472	212.724732	4.740384000000006	-0.6605272639371558	213.31728	2.370192000000003	-2.0976817927949596	
17A	2	b	217.465116	221.020404	218.057664	3.5552880000000187	-0.7488627958866463	219.24276	1.7776440000000093	-2.307358216428893	
17A	2	b	221.612952	227.538432	225.16824	5.925479999999993	-0.4984668006342279	224.575692	2.9627399999999966	-2.576756450508895	
17A	2	b	228.13098	272.57208	241.759584	44.441100000000034	-0.6127163860673228	250.055256	22.220550000000017	-28.940741005403144	
17A	2	b	273.164628	280.867752	276.719916	7.7031240000000025	-0.24526987284099988	276.719916	3.8515620000000013	-1.5573443575506407	
17A	2	b	281.4603	283.830492	282.645396	2.3701919999999745	-0.0825693881572298	282.645396	1.1850959999999873	-0.17867164888084974	
17A	4	a	284.42304	286.793232	285.608136	2.3701919999999745	0.07155487271593541	285.608136	1.1850959999999873	0.10188610367277517	
17A	4	a	288.570876	290.34852	289.163424	1.7776440000000093	0.04153855349311941	289.163424	0.8888220000000047	0.051645064970186505	
17A	2	b	290.941068	297.459096	294.496356	6.518028000000015	-0.44211845135848327	293.903808	3.2590140000000076	-3.3300815821087792	
17A	2	b	298.051644	316.420632	302.19948	18.368988	-1.2365854249249382	306.939864	9.184494	-25.248323927168236	
17A	4	a	317.01318	346.64058	335.974716	29.627400000000023	0.4274977443325034	331.82688	14.813700000000011	14.828771454017932	
17A	2	b	347.233128	350.788416	349.010772	3.555287999999962	-0.16528068901102122	349.010772	1.777643999999981	-0.49158823242416005	
17A	4	a	351.380964	353.751156	352.56606	2.3701919999999745	0.1211105573619955	352.56606	1.1850959999999873	0.23880660885972582	
17A	2	b	354.343704	360.269184	354.936252	5.925479999999993	-0.26937070048184886	357.306444	2.9627399999999966	-1.6210512409840316	
18A	2	b	2.370192	11.258412	7.703124	8.88822	-0.16287146298393473	6.518028	4.44411	-1.3984853749825619	
18A	2	b	11.85096	18.961536	14.221152	7.110575999999998	-0.1569319819170989	15.406248	3.555287999999999	-1.0637571632066272	
18A	2	b	20.73918	27.257208	24.294468	6.5180279999999975	-0.12723480990647662	23.70192	3.2590139999999987	-0.8046425795468832	
18A	2	b	27.849756	42.663456	33.182688	14.813699999999997	-0.26549102326315754	34.960332	7.406849999999999	-4.391450640778576	
18A	2	b	43.256004	50.36658	46.218744	7.110576000000002	-0.28276386766411754	46.811292	3.555288000000001	-1.545968731983745	
18A	2	b	50.959128	58.069704	53.921868	7.110576000000002	-0.2621521029320313	54.514416	3.555288000000001	-2.2826858494581534	
18A	2	b	61.032444	63.402636	61.624992	2.370192000000003	-0.18016630682054746	62.21754	1.1850960000000015	-0.33960048177491897	
18A	2	b	65.772828	69.920664	66.365376	4.147835999999998	-0.2280140584514747	67.550472	2.073917999999999	-0.9298619939199835	
18A	2	b	70.513212	76.438692	74.661048	5.925480000000007	-0.1834520269093387	73.475952	2.9627400000000037	-0.9813893338528743	
18A	2	b	78.216336	82.95672	80.586528	4.740384000000006	-0.1549123858713095	80.586528	2.370192000000003	-0.7012741379136367	
18A	2	b	83.549268	91.252392	86.512008	7.7031240000000025	-0.2088673381797408	87.104556	3.8515620000000013	-1.374320497180178	
18A	2	b	93.030036	97.177872	93.622584	4.147835999999998	-0.07281778409531547	94.80768	2.073917999999999	-0.2773803849924583	
18A	2	b	97.77042	106.066092	103.103352	8.295671999999996	-0.3399841834700039	101.918256	4.147835999999998	-2.449141113074498	
18A	2	b	106.65864	114.361764	110.213928	7.703123999999988	-0.4697798731298457	110.213928	3.851561999999994	-3.2349526044268972	
18A	2	b	116.731956	120.879792	118.5096	4.147835999999998	-0.23626420405635784	118.5096	2.073917999999999	-1.0585929278768886	
18A	2	b	123.249984	126.805272	123.842532	3.5552880000000044	-0.43502162357218577	125.027628	1.7776440000000022	-1.4611676988669298	
18A	4	a	127.39782	129.175464	127.990368	1.7776440000000093	0.009294460605773658	127.990368	0.8888220000000047	0.014709354167466326	
18A	2	b	129.768012	132.730752	130.36056	2.9627399999999966	-0.21810750895960496	130.953108	1.4813699999999983	-0.5529346591169761	
18A	2	b	134.508396	142.804068	135.693492	8.295671999999996	-0.23673471509807964	138.656232	4.147835999999998	-2.0669260658772015	
18A	2	b	145.766808	149.914644	146.359356	4.147836000000012	-0.3513033490711477	147.544452	2.073918000000006	-1.3813498032621805	
18A	2	b	150.507192	155.840124	151.692288	5.332932	-0.4022417865829597	152.877384	2.666466	-1.842118680529234	
18A	2	b	156.432672	161.173056	158.210316	4.740384000000006	-0.19967561509653642	158.802864	2.370192000000003	-0.6305381565584334	
18A	2	b	162.9507	167.691084	163.543248	4.7403839999999775	-0.1620275733081833	165.320892	2.3701919999999888	-0.7393966957554645	
18A	2	b	168.283632	170.061276	168.87618	1.777643999999981	-0.04463993699946389	168.87618	0.8888219999999905	-0.07257612462992613	
18A	2	b	170.653824	173.616564	171.83892	2.962740000000025	-0.17826898330008056	171.83892	1.4813700000000125	-0.40256421182881086	
18A	2	b	177.171852	194.355744	191.985552	17.183891999999986	-0.32688619497618276	185.467524	8.591945999999993	-6.103185873775001	
18A	2	b	197.318484	201.46632	198.50358	4.147835999999984	-0.26348633094505125	199.096128	2.073917999999992	-0.8321654786473323	
18A	4	a	205.021608	209.761992	207.3918	4.740384000000006	0.6024656058828368	207.3918	2.370192000000003	3.5196165087083116	
18A	2	b	210.35454	212.724732	210.947088	2.370192000000003	-0.38172688309621217	211.539636	1.1850960000000015	-1.0714063440574295	
18A	2	b	214.502376	218.650212	216.28002	4.147836000000012	-1.0463509763021133	216.28002	2.073918000000006	-4.798184059796168	
18A	2	b	219.24276	225.16824	221.020404	5.925479999999993	-1.262750477760098	222.2055	2.9627399999999966	-7.327754746541386	
18A	2	b	225.760788	232.278816	228.13098	6.518028000000015	-1.0557092328446434	228.723528	3.2590140000000076	-7.181365842404178	
18A	4	a	232.871364	247.685064	236.426652	14.813700000000011	0.3827214980778213	239.98194	7.406850000000006	5.266927568050621	
18A	2	b	249.462708	252.425448	251.240352	2.9627399999999966	-0.07683370058272976	250.647804	1.4813699999999983	-0.21989478797159845	
18A	2	b	253.017996	254.79564	254.203092	1.777643999999981	-0.060314260560546895	253.610544	0.8888219999999905	-0.0876072780479149	
18A	2	b	256.573284	258.943476	256.573284	2.3701919999999745	-0.06129396948351351	257.75838	1.1850959999999873	-0.14732579509872812	
18A	2	b	259.536024	263.68386	261.313668	4.147835999999984	-0.09160531543146577	261.313668	2.073917999999992	-0.32657587163250135	
18A	2	b	264.276408	266.6466	264.868956	2.3701919999999745	-0.07700637143893596	265.461504	1.1850959999999873	-0.12179250514879403	
18A	2	b	267.239148	269.60934	269.016792	2.3701919999999745	-0.1341805702698049	268.424244	1.1850959999999873	-0.2252884778596118	
18A	2	b	270.201888	271.979532	271.386984	1.7776440000000093	-0.1186256691553047	270.794436	0.8888220000000047	-0.12675520130776974	
18A	2	b	277.312464	283.830492	280.867752	6.518028000000015	-0.20403127241603602	280.275204	3.2590140000000076	-1.2986089516728778	
18A	2	b	284.42304	298.051644	292.718712	13.628603999999996	-0.3466128287906107	290.941068	6.814301999999998	-4.289055636646298	
18A	2	b	299.829288	301.606932	301.014384	1.7776439999999525	-0.11521187575246383	300.421836	0.8888219999999762	-0.13329384073237582	
18A	2	b	303.384576	309.902604	305.16222	6.518028000000015	-0.3443760629037875	306.347316	3.2590140000000076	-1.91643936459259	
18A	2	b	311.680248	317.01318	312.865344	5.332931999999971	-0.18312542490644557	314.05044	2.6664659999999856	-0.7356904256348242	
18A	2	b	318.790824	322.93866	319.383372	4.147836000000041	-0.19381837500524934	320.568468	2.0739180000000204	-0.8567908025811408	
18A	2	b	324.716304	353.751156	348.418224	29.034852	-0.3002616078745466	338.937456	14.517426	-10.406922377535723	
18A	2	b	355.5288	360.269184	357.306444	4.740384000000006	-0.15760834880390773	357.898992	2.370192000000003	-0.45856568833741607	
19A	2	b	2.96274	6.518028	2.96274	3.555288	-0.03955117860088864	4.740384	1.777644	-0.09569850106965849	
19A	2	b	10.073316	14.8137	11.258412	4.740384000000001	-0.1891545653988378	12.443508	2.3701920000000003	-0.7397851191190736	
19A	2	b	15.406248	23.70192	20.73918	8.295672000000001	-0.06298676778201395	19.554084	4.147836000000001	-0.4407986410000666	
19A	2	b	28.442304	32.59014	31.405044	4.147835999999998	-0.036578304642606696	30.219948	2.073917999999999	-0.13205472399967788	
19A	2	b	33.182688	38.51562	34.960332	5.332932	-0.33093370484914564	35.55288	2.666466	-1.3642323024415683	
19A	4	a	39.108168	52.736772	48.588936	13.628604000000003	0.1904530685363519	45.626196	6.814302000000001	2.3181165798715044	
19A	2	b	54.514416	57.477156	55.106964	2.9627400000000037	-0.07919878453841989	55.699512	1.4813700000000019	-0.21453236861393377	
19A	2	b	62.810088	67.550472	66.365376	4.740383999999999	-0.12393508132067366	65.18028	2.3701919999999994	-0.5742531065495153	
19A	2	b	68.14302	80.586528	77.03124	12.443507999999994	-0.19382131052476526	74.0685	6.221753999999997	-1.2757673081788659	
19A	2	b	81.179076	86.512008	82.364172	5.332932	-0.1423591357960481	83.549268	2.666466	-0.6152258910015656	
19A	2	b	88.289652	104.880996	101.918256	16.591343999999992	-0.3940211274639118	96.585324	8.295671999999996	-7.974381861380291	
19A	2	b	105.473544	111.991572	109.028832	6.518028000000001	-0.25602117886690223	108.436284	3.2590140000000005	-1.4066743926249115	
19A	2	b	112.58412	119.694696	116.731956	7.110575999999995	-0.5099318871556893	116.139408	3.5552879999999973	-3.6281619372916154	
19A	2	b	120.287244	127.990368	122.064888	7.7031240000000025	-0.3864622273532845	123.842532	3.8515620000000013	-3.2796687026999054	
19A	2	b	129.768012	146.951904	133.3233	17.183892000000014	-0.4531348830608919	138.063684	8.591946000000007	-7.758023857927499	
19A	2	b	147.544452	151.692288	149.322096	4.147835999999984	-0.14117999368735656	149.322096	2.073917999999992	-0.46041340089206884	
19A	2	b	153.469932	159.98796	154.06248	6.518027999999987	-0.19046854418113046	156.432672	3.2590139999999934	-1.1107072096652109	
19A	2	b	161.765604	164.135796	161.765604	2.370192000000003	-0.0737915881314315	162.9507	1.1850960000000015	-0.1379059746254454	
19A	2	b	167.691084	191.393004	188.430264	23.70192	-0.4282710068753528	179.542044	11.85096	-8.168120577839517	
19A	2	b	193.763196	203.836512	200.873772	10.073316000000005	-0.5948484582851783	198.50358	5.036658000000003	-7.496663956871485	
19A	2	b	204.42906	212.132184	205.614156	7.7031240000000025	-0.6314230216310528	207.984348	3.8515620000000013	-6.05992187662875	
19A	2	b	212.724732	218.650212	216.28002	5.925480000000022	-0.47533966207080525	215.687472	2.962740000000011	-3.2129593579856426	
19A	2	b	219.24276	225.760788	220.427856	6.518027999999987	-0.46681519541597694	222.2055	3.2590139999999934	-3.4572480658866884	
19A	2	b	226.353336	232.871364	228.723528	6.518027999999987	-0.37722894189663436	229.316076	3.2590139999999934	-2.7201284579320126	
19A	2	b	233.463912	239.389392	235.241556	5.925479999999993	-0.26043004558071514	236.426652	2.9627399999999966	-1.2817018408660608	
19A	2	b	239.98194	242.352132	241.167036	2.370192000000003	-0.040250723607226924	241.167036	1.1850960000000015	-0.07414563436354149	
19A	2	b	244.129776	247.685064	244.129776	3.5552880000000187	-0.08220326187558458	245.90742	1.7776440000000093	-0.1555290558387583	
19A	2	b	250.647804	256.573284	254.203092	5.925479999999993	-0.0891048170526858	253.610544	2.9627399999999966	-0.40582062743276826	
19A	2	b	257.165832	258.943476	258.350928	1.7776439999999525	-0.02926048650219082	257.75838	0.8888219999999762	-0.03422111432135955	
19A	2	b	260.72112	262.498764	260.72112	1.7776440000000093	-0.03631228142216858	261.313668	0.8888220000000047	-0.0497010994541035	
19A	2	b	264.276408	266.054052	264.868956	1.7776440000000093	-0.03272495078988902	264.868956	0.8888220000000047	-0.05126915040585234	
19A	2	b	266.6466	269.016792	268.424244	2.3701920000000314	-0.05009683540443155	267.831696	1.1850960000000157	-0.04568451225040171	
19A	2	b	269.60934	277.312464	273.164628	7.7031240000000025	-0.28044320899572805	273.164628	3.8515620000000013	-1.807696206360308	
19A	2	b	277.905012	291.533616	285.015588	13.628603999999996	-0.5141462258490248	284.42304	6.814301999999998	-5.296145828933809	
19A	2	b	292.126164	301.606932	297.459096	9.480767999999955	-0.6529500587022978	296.866548	4.7403839999999775	-4.027973465468897	
19A	4	a	302.19948	305.754768	303.384576	3.5552880000000187	0.1990951356858126	303.977124	1.7776440000000093	0.7660269265963233	
19A	2	b	306.347316	308.717508	306.347316	2.3701920000000314	-0.15712054508908713	307.532412	1.1850960000000157	-0.3119413561520805	
19A	2	b	309.310056	320.568468	311.680248	11.258412000000021	-0.23882630297267138	314.642988	5.629206000000011	-2.8892038266318782	
19A	2	b	321.161016	327.679044	322.93866	6.518027999999958	-0.13850035903443736	324.123756	3.259013999999979	-0.9964918228266615	
19A	2	b	330.049236	347.825676	336.567264	17.77643999999998	-0.16377620219341216	338.937456	8.88821999999999	-2.338258958212851	
19A	2	b	348.418224	360.269184	352.56606	11.850959999999986	-0.1299456649397026	354.343704	5.925479999999993	-1.2344055837868904	
