										AB_Unfed#1_Cloaca_evts_formatted.txt
ROI	Quadrant	Direction	Start time (s)	End time (s)	Peak time (s)	Duration (s)	Amplitude	Midpoint (s)	Half Duration(s)	AUC
17A	2	b	1.363008	14.311584	7.496544	12.948576	-0.07129696048305179	7.496544	6.474288	-0.7540241601044242	
17A	2	b	14.993088	21.126624	18.400608	6.133535999999999	-0.06157907942765295	17.719104	3.0667679999999997	-0.29843971452733176	
17A	2	b	23.171136	34.756704	26.578656	11.585567999999999	-0.05972617376097111	28.623168	5.792783999999999	-0.5660377529412456	
17A	2	b	35.438208	42.253248	40.208736	6.815039999999996	-0.039377325434668986	38.845728	3.407519999999998	-0.2271547958873822	
17A	2	b	42.934752	54.52032	51.1128	11.585567999999995	-0.10236185478164428	48.386784	5.7927839999999975	-1.028211081463817	
17A	2	b	57.246336	63.379872	59.972352	6.133535999999999	-0.0682568290004939	59.972352	3.0667679999999997	-0.3836987777674348	
17A	2	b	65.424384	68.1504	66.105888	2.7260160000000013	-0.031992154529829175	66.787392	1.3630080000000007	-0.07481903865444994	
17A	2	b	70.194912	82.461984	77.691456	12.267071999999999	-0.06105634469165677	76.328448	6.133535999999999	-0.7832438434581723	
17A	2	b	83.143488	91.321536	87.232512	8.17804799999999	-0.028276380595064987	87.232512	4.089023999999995	-0.1768777620969184	
17A	2	b	95.41056	101.544096	98.81808	6.133535999999992	-0.0412062085459759	98.136576	3.066767999999996	-0.21147597713127342	
17A	2	b	104.951616	113.811168	108.359136	8.859551999999994	-0.02259413729636517	109.04064	4.429775999999997	-0.12369474219659016	
17A	2	b	114.492672	119.2632	117.218688	4.770527999999999	-0.02270992507834202	116.537184	2.3852639999999994	-0.1075741610726706	
17A	2	b	119.944704	121.989216	121.307712	2.0445119999999974	-0.02274205121587891	120.626208	1.0222559999999987	-0.022630379696409242	
17A	2	b	122.67072	127.441248	124.715232	4.770527999999999	-0.028173243774899603	124.715232	2.3852639999999994	-0.11835355516589274	
17A	2	b	128.122752	148.567872	139.026816	20.445120000000003	-0.04239633932968623	138.345312	10.222560000000001	-0.6639619481379444	
17A	2	b	149.249376	156.064416	149.93088	6.815039999999982	-0.034763422552586576	152.656896	3.407519999999991	-0.1934222233484295	
17A	2	b	160.15344	164.923968	161.516448	4.770528000000013	-0.023980038145068994	162.197952	2.3852640000000065	-0.09533295992932878	
17A	2	b	166.96848	169.012992	167.649984	2.0445119999999974	-0.008143841557755271	167.649984	1.0222559999999987	-0.010626845404106411	
17A	2	b	169.694496	172.420512	170.376	2.7260160000000155	-0.014252648887826957	171.057504	1.3630080000000078	-0.03171446740590056	
17A	2	b	173.102016	181.961568	180.59856	8.859552000000008	-0.030397794242221776	177.19104	4.429776000000004	-0.22818979730090116	
17A	2	b	182.643072	184.687584	183.324576	2.0445119999999974	-0.01924457481099795	183.324576	1.0222559999999987	-0.02920357444067101	
17A	2	b	185.369088	189.458112	186.732096	4.089023999999995	-0.02448418460788293	187.4136	2.0445119999999974	-0.07945937555146199	
17A	2	b	196.954656	199.680672	198.999168	2.726015999999987	-0.027920244731428623	198.317664	1.3630079999999936	-0.04357198825660069	
17A	2	b	200.362176	202.406688	201.725184	2.0445119999999974	-0.01940028909773983	201.04368	1.0222559999999987	-0.028592220592543738	
17A	2	b	203.088192	205.132704	203.769696	2.0445119999999974	-0.01707906361496425	203.769696	1.0222559999999987	-0.02449084600195328	
17A	2	b	205.814208	208.540224	205.814208	2.726015999999987	-0.010291597252165774	207.177216	1.3630079999999936	-0.016775758739929314	
17A	2	b	209.221728	212.629248	211.947744	3.407519999999977	-0.022473968812622536	210.584736	1.7037599999999884	-0.07092160149071947	
17A	2	b	213.310752	215.355264	213.992256	2.0445119999999974	-0.011280206000243043	213.992256	1.0222559999999987	-0.01527290564463768	
17A	4	a	216.036768	218.08128	217.399776	2.0445119999999974	0.004840867148944605	216.718272	1.0222559999999987	0.008584116501727301	
17A	2	b	222.170304	224.89632	222.851808	2.7260160000000155	-0.017690239446501943	223.533312	1.3630080000000078	-0.03257159348930805	
17A	2	b	225.577824	235.11888	231.029856	9.541055999999998	-0.019277729392075393	230.348352	4.770527999999999	-0.11605010173784314	
17A	2	b	235.800384	240.570912	238.5264	4.770527999999985	-0.018230355762891337	237.844896	2.3852639999999923	-0.06531750212661824	
17A	2	b	241.252416	243.296928	241.93392	2.0445119999999974	-0.014859291013424869	241.93392	1.0222559999999987	-0.01969633518728542	
17A	2	b	245.34144	252.837984	249.430464	7.496544	-0.01935445610573594	248.74896	3.748272	-0.09721924973204632	
17A	4	a	255.564	257.608512	256.927008	2.044512000000026	0.004892207736499676	256.245504	1.022256000000013	0.006962457985297599	
17A	2	b	261.016032	271.920096	261.697536	10.904064000000005	-0.020483513567224998	266.468064	5.452032000000003	-0.20111466888107576	
17A	2	b	272.6016	276.00912	273.283104	3.407519999999977	-0.02559908514391318	273.964608	1.7037599999999884	-0.07878719439458637	
17A	2	b	280.098144	285.550176	280.779648	5.452032000000031	-0.01908562931425184	282.82416	2.7260160000000155	-0.06732807495692039	
17A	2	b	286.23168	288.957696	287.594688	2.7260160000000155	-0.015511829009349443	287.594688	1.3630080000000078	-0.03854236383926424	
17A	2	b	294.409728	298.498752	297.135744	4.089024000000052	-0.015429009316969555	296.45424	2.044512000000026	-0.05312991262709155	
17A	2	b	303.26928	305.995296	304.632288	2.7260160000000155	-0.02307348766312578	304.632288	1.3630080000000078	-0.05555547155596807	
17A	2	b	306.6768	310.765824	307.358304	4.089023999999995	-0.02171608873235753	308.721312	2.0445119999999974	-0.08123523909108632	
17A	2	b	313.49184	315.536352	313.49184	2.0445119999999974	-0.01292671085450059	314.173344	1.0222559999999987	-0.016710298339612795	
17A	2	b	320.30688	325.758912	321.669888	5.452032000000031	-0.033317105335340935	323.032896	2.7260160000000155	-0.12105785702968264	
17A	2	b	329.847936	331.892448	330.52944	2.0445119999999974	-0.003527386261310772	330.52944	1.0222559999999987	-0.004637330865378875	
17A	2	b	332.573952	337.34448	335.299968	4.770527999999956	-0.019454064275216787	334.618464	2.385263999999978	-0.06442088589674	
17A	2	b	338.025984	341.433504	339.388992	3.4075200000000336	-0.0248665574774809	339.388992	1.7037600000000168	-0.08600170231686988	
17A	2	b	342.115008	344.841024	342.796512	2.7260160000000155	-0.020123760835807136	343.478016	1.3630080000000078	-0.03839666835085542	
17A	2	b	345.522528	359.834112	353.700576	14.311583999999982	-0.06377290001591063	352.337568	7.155791999999991	-0.8173150382765882	
17A	2	b	360.515616	362.560128	360.515616	2.0445119999999974	-0.014272020979944955	361.19712	1.0222559999999987	-0.008371105939151802	
17A	2	b	363.241632	365.286144	363.923136	2.0445119999999974	-0.0176896138095044	363.923136	1.0222559999999987	-0.02147435780926854	
17A	2	b	367.330656	370.738176	368.01216	3.4075200000000336	-0.03113502120850309	368.693664	1.7037600000000168	-0.1074205508635111	
17A	2	b	374.8272	378.23472	375.508704	3.407519999999977	-0.01091117249641571	376.190208	1.7037599999999884	-0.0340582111948563	
17A	2	b	378.916224	380.960736	379.597728	2.0445119999999974	-0.014277459504175027	379.597728	1.0222559999999987	-0.022500431128932852	
17A	2	b	381.64224	390.501792	385.04976	8.859552000000008	-0.03326891553819489	385.731264	4.429776000000004	-0.19066984691571376	
17A	2	b	395.27232	397.998336	395.27232	2.7260160000000155	-0.01876356481817898	396.635328	1.3630080000000078	-0.022272200682236343	
17A	2	b	406.176384	408.9024	407.539392	2.7260160000000155	-0.01267270984436486	407.539392	1.3630080000000078	-0.02534867451728884	
17A	2	b	410.946912	416.398944	411.628416	5.452031999999974	-0.023660551867416224	413.672928	2.726015999999987	-0.11096985946608307	
17A	4	a	419.12496	421.169472	420.487968	2.0445119999999974	0.00499680771023403	419.806464	1.0222559999999987	0.00418651101700096	
17A	2	b	421.850976	426.621504	423.895488	4.770528000000013	-0.03256955981203524	423.895488	2.3852640000000065	-0.10591909577856673	
17A	2	b	428.666016	433.436544	429.34752	4.770528000000013	-0.03670584272761901	430.710528	2.3852640000000065	-0.15216431148466525	
17A	2	b	434.118048	437.525568	436.16256	3.4075200000000336	-0.016578288025706822	435.481056	1.7037600000000168	-0.03099814271289114	
17A	2	b	438.207072	453.20016	442.296096	14.993088	-0.06266238807695568	445.703616	7.496544	-0.8729148476329442	
17A	2	b	455.244672	457.289184	455.926176	2.0445119999999974	-0.021361201146211872	455.926176	1.0222559999999987	-0.032245019827286	
17A	2	b	457.970688	464.104224	460.0152	6.133535999999992	-0.04464226756072032	460.696704	3.066767999999996	-0.16262095969724943	
17A	2	b	464.785728	468.193248	466.148736	3.407519999999977	-0.019139724371564304	466.148736	1.7037599999999884	-0.047860683658269454	
17A	2	b	468.874752	470.919264	470.23776	2.0445119999999974	-0.008391765768974935	469.556256	1.0222559999999987	-0.005531592700305454	
17A	2	b	471.600768	475.008288	474.326784	3.407519999999977	-0.024331235674201812	472.963776	1.7037599999999884	-0.063177624810702	
17A	2	b	475.689792	480.46032	475.689792	4.770528000000013	-0.022397967331336366	477.734304	2.3852640000000065	-0.07296114579761936	
17A	4	a	482.504832	484.549344	483.186336	2.0445119999999974	0.010582061868453785	483.186336	1.0222559999999987	0.016922822789542047	
17A	4	a	485.230848	490.68288	488.638368	5.452032000000031	0.037071876429803696	487.956864	2.7260160000000155	0.11674736595820812	
17A	2	b	491.364384	500.90544	493.408896	9.541056000000026	-0.043827761547037936	496.134912	4.770528000000013	-0.2776608284989598	
17A	2	b	501.586944	508.401984	502.268448	6.81504000000001	-0.021785760922274244	504.994464	3.407520000000005	-0.10432983950649144	
17A	2	b	509.083488	511.128	509.764992	2.0445119999999974	-0.013084854665468937	509.764992	1.0222559999999987	-0.021688021146807235	
17A	2	b	511.809504	513.854016	511.809504	2.0445119999999974	-0.005969796287778051	512.491008	1.0222559999999987	-0.008450959700264549	
17A	2	b	518.624544	520.669056	519.306048	2.0445119999999406	-0.01315251124644079	519.306048	1.0222559999999703	-0.021167360775516064	
17A	2	b	522.713568	524.75808	523.395072	2.0445119999999406	-0.013372248184944535	523.395072	1.0222559999999703	-0.020332353890049948	
17A	2	b	526.802592	529.528608	526.802592	2.7260159999999587	-0.026482736447291932	528.1656	1.3630079999999793	-0.05365480642655951	
17A	2	b	533.617632	546.566208	537.706656	12.948576000000003	-0.03364664896872904	539.751168	6.474288000000001	-0.3138971238608752	
17A	2	b	547.247712	551.336736	549.292224	4.089023999999995	-0.021006801731473512	549.292224	2.0445119999999974	-0.06268770071813912	
17A	2	b	552.01824	556.788768	552.699744	4.770528000000013	-0.03566106410728298	554.062752	2.3852640000000065	-0.12302679158616336	
17A	2	b	557.470272	562.922304	558.151776	5.452032000000031	-0.029815597420928874	560.196288	2.7260160000000155	-0.11925224826550707	
17A	2	b	563.603808	573.144864	569.05584	9.541056000000026	-0.021882931935279126	568.374336	4.770528000000013	-0.18200054250474995	
17A	2	b	573.826368	581.322912	579.959904	7.496543999999972	-0.023645941926118796	577.233888	3.748271999999986	-0.0992166920551466	
17A	2	b	582.004416	599.72352	599.042016	17.719104000000016	-0.17715328906888494	590.863968	8.859552000000008	-1.8828407558259175	
18A	2	b	1.363008	6.81504	2.726016	5.452032	-0.06511610647254185	4.089024	2.726016	-0.3047776485267021	
18A	4	a	8.859552	11.585568	10.22256	2.7260159999999996	0.015967527961312733	10.22256	1.3630079999999998	0.029547196768008543	
18A	2	b	12.267072	17.719104	15.674592	5.452032000000001	-0.018284270163269056	14.993088	2.7260160000000004	-0.08717933938181632	
18A	2	b	18.400608	29.986176	23.85264	11.585568000000002	-0.043836860186299065	23.85264	5.792784000000001	-0.3525116433370217	
18A	2	b	32.030688	38.845728	34.0752	6.815040000000003	-0.04301015223691862	35.438208	3.4075200000000017	-0.2915744242076125	
18A	2	b	39.527232	53.157312	51.1128	13.63008	-0.09237425561872148	46.342272	6.81504	-1.2229719972650606	
18A	2	b	53.838816	62.698368	57.246336	8.859552	-0.06889389661677026	57.92784	4.429776	-0.4702503418206897	
18A	4	a	63.379872	66.105888	64.061376	2.726015999999994	0.01210750737988664	64.74288	1.363007999999997	0.017788163069954677	
18A	2	b	68.831904	77.009952	70.876416	8.178048000000004	-0.03364169025015773	72.920928	4.089024000000002	-0.21007698152654974	
18A	2	b	80.417472	88.59552	85.869504	8.17804799999999	-0.02344010839431876	84.506496	4.089023999999995	-0.14492996818741333	
18A	2	b	92.684544	96.773568	93.366048	4.089023999999995	-0.011757161435949293	94.729056	2.0445119999999974	-0.03071526945731118	
18A	2	b	97.455072	104.951616	98.81808	7.496544	-0.033088891566066536	100.862592	3.748272	-0.1897219847442212	
18A	2	b	110.403648	113.811168	112.44816	3.407519999999991	-0.011422742774460426	111.766656	1.7037599999999955	-0.03029548303513896	
18A	2	b	115.85568	119.2632	117.218688	3.407519999999991	-0.017795955403492325	117.218688	1.7037599999999955	-0.0482697881560058	
18A	2	b	119.944704	122.67072	121.307712	2.7260160000000013	-0.024065395502598008	121.307712	1.3630080000000007	-0.040247357192280786	
18A	2	b	124.715232	126.759744	124.715232	2.0445119999999974	-0.026397737728662385	125.396736	1.0222559999999987	-0.04915111397720939	
18A	2	b	134.256288	141.752832	139.026816	7.496544	-0.02347217695913817	137.663808	3.748272	-0.12656981571055892	
18A	2	b	142.434336	148.567872	147.204864	6.133535999999992	-0.019987101479606473	145.160352	3.066767999999996	-0.0980786738797873	
18A	2	b	149.249376	151.293888	149.93088	2.0445119999999974	-0.018330798552415484	149.93088	1.0222559999999987	-0.027443977353407645	
18A	2	b	154.701408	156.74592	155.382912	2.044512000000026	-0.023888533129964973	155.382912	1.022256000000013	-0.03425640228718285	
18A	2	b	157.427424	159.471936	157.427424	2.0445119999999974	-0.013622538833528264	158.108928	1.0222559999999987	-0.014997086576757246	
18A	2	b	164.242464	166.96848	164.242464	2.726015999999987	-0.010930998200171738	165.605472	1.3630079999999936	-0.01605822544636537	
18A	2	b	167.649984	169.694496	167.649984	2.0445119999999974	-0.010321994079854457	168.331488	1.0222559999999987	-0.015045319985861672	
18A	2	b	170.376	175.146528	171.057504	4.770527999999985	-0.008845756018987405	172.420512	2.3852639999999923	-0.03379773765204308	
18A	2	b	175.828032	181.961568	178.554048	6.133535999999992	-0.01996011248495544	178.554048	3.066767999999996	-0.10190548337702565	
18A	2	b	185.369088	188.776608	188.095104	3.407520000000005	-0.008983703518694597	186.732096	1.7037600000000026	-0.025053860851758758	
18A	2	b	191.502624	194.910144	194.22864	3.407520000000005	-0.007867708113890481	192.865632	1.7037600000000026	-0.024321980297695722	
18A	2	b	197.63616	207.177216	200.362176	9.541055999999998	-0.0229124000203631	202.406688	4.770527999999999	-0.11951345372699795	
18A	2	b	207.85872	212.629248	209.903232	4.770527999999985	-0.018857687698561443	209.903232	2.3852639999999923	-0.05498446219443642	
18A	2	b	216.718272	220.807296	218.08128	4.089023999999995	-0.016194727175059764	218.762784	2.0445119999999974	-0.049711599531218176	
18A	2	b	222.851808	225.577824	222.851808	2.726015999999987	-0.01621063848712434	224.214816	1.3630079999999936	-0.027805498091924896	
18A	2	b	226.259328	232.392864	228.30384	6.133535999999992	-0.016859244851956223	228.985344	3.066767999999996	-0.08510554800216741	
18A	2	b	233.074368	235.800384	233.755872	2.7260160000000155	-0.021441522313343064	234.437376	1.3630080000000078	-0.04023726048736165	
18A	2	b	236.481888	240.570912	238.5264	4.089023999999995	-0.014483107504526527	238.5264	2.0445119999999974	-0.03994223421454701	
18A	2	b	242.615424	244.659936	243.296928	2.0445119999999974	-0.009765645436828452	243.296928	1.0222559999999987	-0.015812846936410663	
18A	2	b	257.608512	260.334528	258.290016	2.7260159999999587	-0.017230460814465443	258.97152	1.3630079999999793	-0.03568104835188557	
18A	2	b	263.060544	265.105056	263.060544	2.0445119999999974	-0.010248737494717552	263.742048	1.0222559999999987	-0.012449532567548549	
18A	2	b	267.149568	271.920096	269.19408	4.770528000000013	-0.01594743892403705	269.19408	2.3852640000000065	-0.05780024828147101	
18A	2	b	273.964608	276.00912	275.327616	2.0445119999999974	-0.01625634263896003	274.646112	1.0222559999999987	-0.02854384092018908	
18A	2	b	279.41664	282.142656	280.098144	2.7260160000000155	-0.006427049726216882	280.779648	1.3630080000000078	-0.010615117743944413	
18A	2	b	282.82416	285.550176	284.868672	2.7260160000000155	-0.01281814168652562	284.187168	1.3630080000000078	-0.026020311667805496	
18A	2	b	286.23168	288.957696	286.913184	2.7260160000000155	-0.02158887337433746	287.594688	1.3630080000000078	-0.050610517047566694	
18A	2	b	289.6392	297.817248	295.091232	8.17804799999999	-0.019553195699005044	293.728224	4.089023999999995	-0.14926227837497674	
18A	2	b	298.498752	306.6768	300.543264	8.17804799999999	-0.020813865366382966	302.587776	4.089023999999995	-0.13732472977659815	
18A	2	b	307.358304	310.765824	309.402816	3.4075200000000336	-0.01350332194015269	308.721312	1.7037600000000168	-0.03141435818690452	
18A	2	b	311.447328	317.580864	316.89936	6.133535999999992	-0.01833395052361808	314.173344	3.066767999999996	-0.09384913760520663	
18A	2	b	320.30688	323.7144	322.351392	3.4075200000000336	-0.011989424713048757	321.669888	1.7037600000000168	-0.029030680252579433	
18A	2	b	326.440416	329.166432	328.484928	2.7260159999999587	-0.016869852507388594	327.803424	1.3630079999999793	-0.03590652274738193	
18A	2	b	329.847936	332.573952	329.847936	2.7260160000000155	-0.007418418768080803	331.210944	1.3630080000000078	-0.015552525688949603	
18A	2	b	333.255456	336.662976	335.299968	3.4075200000000336	-0.01974865127957648	334.618464	1.7037600000000168	-0.053003959406751344	
18A	2	b	338.707488	344.841024	340.752	6.133535999999992	-0.026674505416968253	341.433504	3.066767999999996	-0.11446816911311486	
18A	2	b	345.522528	348.248544	346.204032	2.7260159999999587	-0.01489942965235258	346.885536	1.3630079999999793	-0.02339544685894923	
18A	2	b	348.930048	352.337568	348.930048	3.407519999999977	-0.026008845750187914	350.293056	1.7037599999999884	-0.038632843920697546	
18A	2	b	355.745088	359.834112	357.108096	4.089023999999995	-0.022684269049263905	357.7896	2.0445119999999974	-0.08926793873486172	
18A	4	a	361.878624	364.60464	362.560128	2.7260160000000155	0.02557271396401606	363.241632	1.3630080000000078	0.05075234118254235	
18A	2	b	365.286144	371.41968	366.649152	6.133536000000049	-0.03589602142193804	368.01216	3.0667680000000246	-0.17573488433134588	
18A	2	b	373.464192	378.23472	376.871712	4.770527999999956	-0.023413759995273287	375.508704	2.385263999999978	-0.08332010880471064	
18A	2	b	380.960736	383.686752	383.005248	2.7260160000000155	-0.01168339021545961	382.323744	1.3630080000000078	-0.01683316846513161	
18A	2	b	384.368256	389.138784	385.04976	4.770528000000013	-0.015183718427445259	386.412768	2.3852640000000065	-0.05125622160261878	
18A	2	b	391.183296	397.998336	395.953824	6.81504000000001	-0.026991710119921297	394.590816	3.407520000000005	-0.1543403546744463	
18A	2	b	406.176384	408.9024	407.539392	2.7260160000000155	-0.01456508946309798	407.539392	1.3630080000000078	-0.027234559448080287	
18A	2	b	409.583904	412.30992	411.628416	2.7260159999999587	-0.018962972957574986	410.946912	1.3630079999999793	-0.02251076434996996	
18A	2	b	414.354432	416.398944	414.354432	2.0445119999999974	-0.014201165281683359	415.035936	1.0222559999999987	-0.012947848570733944	
18A	2	b	417.080448	423.213984	419.12496	6.133535999999992	-0.026545368689769866	419.806464	3.066767999999996	-0.1245319307714442	
18A	2	b	428.666016	434.118048	432.073536	5.452031999999974	-0.023030684434460325	431.392032	2.726015999999987	-0.12247128723076128	
18A	2	b	440.251584	447.066624	442.296096	6.81504000000001	-0.02733067370918918	443.659104	3.407520000000005	-0.10572720823064674	
18A	2	b	450.474144	460.696704	455.926176	10.222559999999987	-0.05692696519079021	455.244672	5.111279999999994	-0.41890815889286337	
18A	4	a	463.42272	465.467232	464.104224	2.0445119999999974	0.014980681154091124	464.104224	1.0222559999999987	0.020661580912792465	
18A	2	b	466.148736	472.282272	470.23776	6.133535999999992	-0.025896316699479893	468.874752	3.066767999999996	-0.11925695357418975	
18A	2	b	472.963776	475.008288	474.326784	2.0445119999999974	-0.02065729732592947	473.64528	1.0222559999999987	-0.03674511673332692	
18A	2	b	477.734304	487.27536	479.778816	9.54105599999997	-0.049652303968963474	482.504832	4.770527999999985	-0.4291388642520628	
18A	2	b	487.956864	503.631456	493.408896	15.674592000000018	-0.03482659552963341	495.453408	7.837296000000009	-0.4527025015729148	
18A	2	b	505.675968	508.401984	507.72048	2.7260160000000155	-0.011074923477348397	507.038976	1.3630080000000078	-0.02586000002120814	
18A	2	b	509.083488	511.128	509.083488	2.0445119999999974	-0.008779858817365316	509.764992	1.0222559999999987	-0.014912584432119957	
18A	2	b	511.809504	514.53552	513.172512	2.7260160000000155	-0.010897506718957395	513.172512	1.3630080000000078	-0.017222788460617755	
18A	2	b	517.261536	520.669056	519.306048	3.407519999999977	-0.022743707210044928	518.624544	1.7037599999999884	-0.049417237582678464	
18A	2	b	522.713568	525.439584	524.076576	2.7260159999999587	-0.010855102621854185	524.076576	1.3630079999999793	-0.02687459073397669	
18A	2	b	526.121088	531.57312	530.210112	5.452032000000031	-0.02289822742431924	528.847104	2.7260160000000155	-0.08764275306774905	
18A	2	b	532.254624	541.79568	535.662144	9.541055999999912	-0.01960811179402966	537.025152	4.770527999999956	-0.15627743990390086	
18A	2	b	542.477184	545.2032	543.840192	2.7260160000000724	-0.01403361974321704	543.840192	1.3630080000000362	-0.024284238211482734	
18A	2	b	545.884704	548.61072	545.884704	2.7260159999999587	-0.015953657044797342	547.247712	1.3630079999999793	-0.03157745031072756	
18A	2	b	549.292224	552.01824	550.655232	2.7260159999999587	-0.01910406435637302	550.655232	1.3630079999999793	-0.04263014471694737	
18A	2	b	552.699744	554.744256	552.699744	2.0445119999999406	-0.02332698919619436	553.381248	1.0222559999999703	-0.021774364904582344	
18A	2	b	557.470272	561.559296	558.83328	4.089023999999995	-0.015648643615211566	559.514784	2.0445119999999974	-0.0476187737598911	
18A	2	b	563.603808	565.64832	564.966816	2.0445120000000543	-0.010498483081697652	564.285312	1.0222560000000271	-0.018186553564121244	
18A	2	b	566.329824	572.46336	569.05584	6.1335359999999355	-0.015069717250774883	569.05584	3.0667679999999677	-0.08957263845172708	
18A	2	b	574.507872	581.322912	579.959904	6.815039999999954	-0.02196324982157427	577.915392	3.407519999999977	-0.08364540384278668	
18A	2	b	589.50096	594.952992	592.90848	5.452032000000031	-0.02720700125122144	592.226976	2.7260160000000155	-0.12012369073633744	
18A	2	b	595.634496	599.72352	599.042016	4.089023999999995	-0.026334015059593208	597.679008	2.0445119999999974	-0.06563262758357358	
19A	2	b	9.541056	17.0376	10.904064	7.496544000000002	-0.019147024592428563	12.948576	3.748272000000001	-0.14866442873244645	
19A	2	b	17.719104	24.534144	22.489632	6.81504	-0.03847999415218495	21.126624	3.40752	-0.27494268146746115	
19A	2	b	25.215648	31.349184	27.26016	6.133535999999999	-0.032892368272110506	27.941664	3.0667679999999997	-0.1582288602568419	
19A	2	b	38.164224	44.29776	38.164224	6.133535999999999	-0.024564229857496844	40.89024	3.0667679999999997	-0.1340883151537865	
19A	2	b	44.979264	49.749792	44.979264	4.770527999999999	-0.021600173749549256	47.023776	2.3852639999999994	-0.0665564756761261	
19A	2	b	51.794304	58.609344	55.201824	6.815040000000003	-0.05018766673592845	55.201824	3.4075200000000017	-0.3032571022237329	
19A	4	a	62.016864	64.061376	63.379872	2.0445119999999974	0.014638242186985506	62.698368	1.0222559999999987	0.016205494219840966	
19A	2	b	66.105888	68.1504	66.105888	2.0445120000000117	-0.01644091822928706	66.787392	1.0222560000000058	-0.028532094805590158	
19A	2	b	70.876416	92.684544	87.232512	21.808127999999996	-0.027914516985511728	81.78048	10.904063999999998	-0.4477040282577539	
19A	2	b	96.092064	102.907104	100.862592	6.81504000000001	-0.015612872942642575	99.499584	3.407520000000005	-0.07549483860001416	
19A	2	b	104.951616	107.677632	106.314624	2.7260160000000013	-0.0196320742649172	106.314624	1.3630080000000007	-0.03897262554655423	
19A	2	b	109.722144	119.944704	113.129664	10.222560000000001	-0.020317798258370212	114.492672	5.111280000000001	-0.18199958740136724	
19A	2	b	124.033728	127.441248	124.715232	3.407520000000005	-0.01940556003399485	125.396736	1.7037600000000026	-0.04948642863614383	
19A	2	b	131.530272	133.574784	132.211776	2.0445119999999974	-0.007799261560762938	132.211776	1.0222559999999987	-0.009906849379748173	
19A	2	b	135.619296	138.345312	137.663808	2.7260160000000155	-0.008119858291929516	136.982304	1.3630080000000078	-0.01282615841727519	
19A	2	b	139.026816	142.434336	139.026816	3.407520000000005	-0.016113701650251055	140.389824	1.7037600000000026	-0.04342354499946888	
19A	2	b	143.11584	145.160352	143.797344	2.0445119999999974	-0.00875672152063256	143.797344	1.0222559999999987	-0.01433777387858437	
19A	2	b	149.249376	151.293888	149.249376	2.0445119999999974	-0.009853463536969698	149.93088	1.0222559999999987	-0.014994318967508302	
19A	2	b	154.019904	156.74592	155.382912	2.7260160000000155	-0.017678116399783006	155.382912	1.3630080000000078	-0.030876589191014825	
19A	2	b	157.427424	161.516448	158.790432	4.089023999999995	-0.01312060834764528	159.471936	2.0445119999999974	-0.03386347008201135	
19A	2	b	164.242464	166.96848	165.605472	2.726015999999987	-0.011200735698691178	165.605472	1.3630079999999936	-0.02510535483728349	
19A	2	b	169.694496	172.420512	171.057504	2.7260160000000155	-0.011885409000025549	171.057504	1.3630080000000078	-0.020744166000349007	
19A	2	b	173.102016	175.146528	173.78352	2.0445119999999974	-0.01279315459952357	173.78352	1.0222559999999987	-0.02069736851519971	
19A	2	b	175.828032	179.235552	177.872544	3.407520000000005	-0.014188763979284591	177.19104	1.7037600000000026	-0.03735860818827519	
19A	2	b	179.917056	182.643072	180.59856	2.726015999999987	-0.01043530987006891	181.280064	1.3630079999999936	-0.024015499698643694	
19A	2	b	188.095104	190.139616	188.095104	2.0445119999999974	-0.01260111620669302	188.776608	1.0222559999999987	-0.00941725522265835	
19A	2	b	193.547136	195.591648	193.547136	2.0445119999999974	-0.010332629978315078	194.22864	1.0222559999999987	-0.017029481027851956	
19A	2	b	196.273152	202.406688	198.999168	6.133535999999992	-0.022170369685345026	198.999168	3.066767999999996	-0.08556647447186705	
19A	2	b	203.088192	205.132704	203.769696	2.0445119999999974	-0.017513131354156664	203.769696	1.0222559999999987	-0.027164987181791278	
19A	2	b	209.221728	217.399776	215.355264	8.17804799999999	-0.013286423485962762	213.310752	4.089023999999995	-0.08889961250089878	
19A	2	b	218.08128	220.807296	220.125792	2.7260160000000155	-0.013794197255512342	219.444288	1.3630080000000078	-0.03690156021045082	
19A	2	b	225.577824	231.71136	228.30384	6.133536000000021	-0.015487683779544792	228.30384	3.0667680000000104	-0.0643547514972364	
19A	2	b	235.800384	240.570912	238.5264	4.770527999999985	-0.018500125216068142	237.844896	2.3852639999999923	-0.05610067334840385	
19A	2	b	241.252416	243.296928	242.615424	2.0445119999999974	-0.010813763254641895	241.93392	1.0222559999999987	-0.006879882391341463	
19A	2	b	246.704448	252.837984	250.793472	6.133535999999992	-0.023393328318829565	249.430464	3.066767999999996	-0.07349330352702749	
19A	2	b	253.519488	256.245504	253.519488	2.726015999999987	-0.008294584525935345	254.882496	1.3630079999999936	-0.010525915121221752	
19A	2	b	256.927008	260.334528	258.97152	3.407519999999977	-0.01914174303354632	258.290016	1.7037599999999884	-0.04292545084224769	
19A	2	b	261.016032	271.920096	264.423552	10.904064000000005	-0.028035512926126605	266.468064	5.452032000000003	-0.2203129996497425	
19A	2	b	272.6016	276.690624	272.6016	4.089023999999995	-0.027437857048191572	274.646112	2.0445119999999974	-0.09784619777243664	
19A	2	b	280.098144	282.142656	280.098144	2.0445119999999974	-0.011343570221293509	280.779648	1.0222559999999987	-0.01759875445887954	
19A	2	b	291.002208	294.409728	291.683712	3.407519999999977	-0.019495322995437214	292.365216	1.7037599999999884	-0.04466286636476541	
19A	2	b	295.091232	297.817248	295.091232	2.7260160000000155	-0.014485001499018324	296.45424	1.3630080000000078	-0.01958836045576967	
19A	2	b	299.86176	308.039808	304.632288	8.17804799999999	-0.026895188821581373	303.950784	4.089023999999995	-0.15663290361895393	
19A	2	b	308.721312	310.765824	309.402816	2.0445119999999974	-0.017603607584189995	309.402816	1.0222559999999987	-0.03273524107150311	
19A	2	b	311.447328	317.580864	313.49184	6.133535999999992	-0.023460366590968507	314.173344	3.066767999999996	-0.1243842370408102	
19A	2	b	320.30688	325.758912	321.669888	5.452032000000031	-0.01980763902141358	323.032896	2.7260160000000155	-0.10774056419420058	
19A	2	b	329.847936	333.93696	331.210944	4.089023999999995	-0.017899130752419334	331.892448	2.0445119999999974	-0.03511163516995086	
19A	2	b	334.618464	336.662976	335.299968	2.0445119999999974	-0.015129790643355068	335.299968	1.0222559999999987	-0.019897414848268735	
19A	2	b	339.388992	342.115008	340.752	2.7260160000000155	-0.016380622810978407	340.752	1.3630080000000078	-0.03401374527941914	
19A	2	b	342.796512	345.522528	342.796512	2.7260160000000155	-0.013763673472781845	344.15952	1.3630080000000078	-0.027150421282478965	
19A	2	b	353.700576	358.471104	355.745088	4.770528000000013	-0.012577044516896563	355.745088	2.3852640000000065	-0.04747457436256469	
19A	2	b	359.152608	361.19712	359.152608	2.0445119999999974	-0.017057811536496992	359.834112	1.0222559999999987	-0.022426962959899766	
19A	2	b	363.923136	367.330656	366.649152	3.407519999999977	-0.017334212374111813	365.286144	1.7037599999999884	-0.03408429785621703	
19A	2	b	375.508704	377.553216	376.190208	2.0445119999999974	-0.007046537724090252	376.190208	1.0222559999999987	-0.011010302583878362	
19A	4	a	381.64224	384.368256	383.686752	2.7260159999999587	0.010763531285045369	383.005248	1.3630079999999793	0.015634888412635828	
19A	2	b	386.412768	390.501792	388.45728	4.089023999999995	-0.009358767461988826	388.45728	2.0445119999999974	-0.027720779592719014	
19A	2	b	393.909312	397.998336	395.27232	4.089023999999995	-0.015444717233463856	395.953824	2.0445119999999974	-0.05063833606565743	
19A	2	b	406.857888	409.583904	408.220896	2.7260160000000155	-0.017059936426670363	408.220896	1.3630080000000078	-0.03850130905673654	
19A	2	b	414.354432	416.398944	415.035936	2.0445119999999974	-0.013109470550362823	415.035936	1.0222559999999987	-0.023357541674359272	
19A	2	b	418.443456	422.53248	419.806464	4.089023999999995	-0.015598540311034137	420.487968	2.0445119999999974	-0.06081343347069773	
19A	2	b	424.576992	430.029024	425.258496	5.452031999999974	-0.023832125634032475	427.303008	2.726015999999987	-0.12679517884891095	
19A	2	b	430.710528	441.614592	436.16256	10.904064000000005	-0.039782365833256006	436.16256	5.452032000000003	-0.3099481953247567	
19A	4	a	446.38512	450.474144	447.748128	4.089024000000052	0.00904980222336027	448.429632	2.044512000000026	0.020869957858527077	
19A	2	b	451.155648	454.563168	451.155648	3.4075200000000336	-0.016619732934918252	452.518656	1.7037600000000168	-0.03694238883933615	
19A	2	b	464.785728	469.556256	466.148736	4.770528000000013	-0.015498376057948793	466.83024	2.3852640000000065	-0.055415345858520315	
19A	2	b	472.282272	475.008288	472.963776	2.7260160000000155	-0.015283659956667361	473.64528	1.3630080000000078	-0.029706054800192283	
19A	2	b	475.689792	481.141824	479.778816	5.452031999999974	-0.023101709740865894	478.415808	2.726015999999987	-0.09610190045858891	
19A	2	b	492.727392	494.771904	493.408896	2.0445119999999974	-0.015124682742697626	493.408896	1.0222559999999987	-0.021558023524703596	
19A	2	b	499.542432	503.631456	502.268448	4.089023999999995	-0.032711342782550945	501.586944	2.0445119999999974	-0.08012497894177745	
19A	2	b	505.675968	509.764992	507.038976	4.089023999999995	-0.015387348723755245	507.72048	2.0445119999999974	-0.04597931553886314	
19A	2	b	510.446496	514.53552	512.491008	4.089023999999995	-0.015298987323693058	512.491008	2.0445119999999974	-0.04424663764361936	
19A	2	b	515.217024	517.261536	515.217024	2.0445119999999406	-0.021337792522876375	515.898528	1.0222559999999703	-0.01592006818443703	
19A	2	b	517.94304	522.032064	519.306048	4.089023999999995	-0.023025059289136895	519.987552	2.0445119999999974	-0.05534285683741125	
19A	2	b	522.713568	525.439584	523.395072	2.7260159999999587	-0.012944448175154721	524.076576	1.3630079999999793	-0.023582590507848	
19A	2	b	527.484096	534.299136	530.210112	6.815039999999954	-0.015264276916680086	530.891616	3.407519999999977	-0.08579631469156374	
19A	2	b	534.98064	543.158688	539.751168	8.17804799999999	-0.017691072823268317	539.069664	4.089023999999995	-0.1200918291569803	
19A	2	b	547.247712	551.336736	549.973728	4.089023999999995	-0.010438200101104966	549.292224	2.0445119999999974	-0.030877581902571172	
19A	2	b	555.42576	557.470272	556.107264	2.0445120000000543	-0.02694657856506888	556.107264	1.0222560000000271	-0.03628567413935452	
19A	2	b	566.329824	573.144864	569.05584	6.815039999999954	-0.024268709510807618	569.737344	3.407519999999977	-0.15453349312712694	
19A	2	b	578.596896	582.004416	579.959904	3.407519999999977	-0.020444083780050137	579.959904	1.7037599999999884	-0.04822762477540676	
19A	2	b	582.68592	585.411936	584.048928	2.7260159999999587	-0.016562372091342703	584.048928	1.3630079999999793	-0.03946094130745231	
19A	2	b	588.819456	592.226976	589.50096	3.4075200000000905	-0.008335948600345922	590.182464	1.7037600000000452	-0.022816561889449027	
19A	2	b	592.90848	594.952992	592.90848	2.0445119999999406	-0.009344242546113324	593.589984	1.0222559999999703	-0.014927368469001223	
19A	2	b	595.634496	599.72352	596.997504	4.089023999999995	-0.013426613828360301	597.679008	2.0445119999999974	-0.04197590767319076	
