										AB_Unfed#7_Anterograde_evts_formatted.txt
ROI	Quadrant	Direction	Start time (s)	End time (s)	Peak time (s)	Duration (s)	Amplitude	Midpoint (s)	Half Duration(s)	AUC
8A	4	a	2.047536	11.602704	8.872656	9.555167999999998	1.2908133500461467	6.82512	4.777583999999999	10.530330547162006	
8A	4	a	12.285216	32.078064	18.427824	19.792848	2.2662194371078943	21.840384	9.896424	43.67161828696504	
8A	4	a	32.760576	40.268208	36.173136	7.507632000000001	1.0397448369400237	36.173136	3.7538160000000005	6.582479808884945	
8A	4	a	40.95072	69.616224	55.283472	28.665504000000006	1.6107623085698997	55.283472	14.332752000000003	35.126519471749255	
8A	4	a	70.298736	87.361536	82.583952	17.062799999999996	1.2868177641881573	78.48888	8.531399999999998	20.255063180085873	
8A	4	a	89.409072	135.137376	114.662016	45.728303999999994	3.2901958228648542	111.931968	22.864151999999997	165.48586686829853	
8A	4	a	139.232448	156.295248	148.787616	17.06279999999998	2.487294862621388	147.422592	8.53139999999999	38.70887026497145	
8A	4	a	156.97776	172.675536	166.532928	15.697776000000005	1.8731830227547857	164.485392	7.848888000000002	31.182975753620802	
8A	4	a	173.358048	189.055824	178.818144	15.697776000000005	1.6498622968897134	180.86568	7.848888000000002	22.833186333663246	
8A	4	a	193.150896	200.658528	197.92848	7.507632000000001	0.8425310203382956	196.563456	3.7538160000000005	5.108526268794131	
8A	2	b	201.34104	203.388576	201.34104	2.047536000000008	-0.45338816078126953	202.023552	1.023768000000004	-0.6585746283649563	
8A	4	a	204.071088	219.086352	209.531184	15.015264000000002	1.5804603171319815	211.57872	7.507632000000001	17.64524296597544	
8A	4	a	219.768864	231.371568	227.276496	11.602703999999989	0.2257784596741299	225.22896	5.801351999999994	1.6871060615426003	
8A	4	a	232.05408	290.0676	271.639776	58.01352000000003	2.9493619107061537	260.719584	29.006760000000014	159.9599533120492	
8A	4	a	290.750112	339.890976	306.447888	49.14086400000002	4.582598886613944	315.320544	24.57043200000001	221.21702096051854	
8A	4	a	342.621024	362.413872	352.176192	19.79284800000005	4.123370708544769	352.176192	9.896424000000025	74.88803661588834	
8A	4	a	363.096384	394.491936	385.61928	31.39555200000001	5.561885597690056	378.79416	15.697776000000005	156.47321630274791	
8A	4	a	396.539472	422.474928	402.68208	25.935455999999988	5.504236567526037	409.5072	12.967727999999994	119.3411634143721	
8A	4	a	423.15744	438.172704	430.665072	15.015264000000002	1.382860097596156	430.665072	7.507632000000001	14.239271615261234	
8A	4	a	438.855216	470.93328	447.727872	32.07806400000004	2.77420753758458	454.552992	16.03903200000002	76.07629453972021	
8A	4	a	471.615792	492.773664	484.58352	21.157871999999998	3.4167344183953823	481.853472	10.578935999999999	51.73084418578084	
8A	4	a	493.456176	542.59704	511.884	49.140863999999965	6.820196194589167	518.026608	24.570431999999983	332.70284236326637	
8A	2	b	543.279552	545.327088	544.644576	2.0475360000000364	-0.2165973726038315	543.962064	1.0237680000000182	-0.33858688505723844	
8A	4	a	546.0096	571.262544	561.024864	25.25294400000007	5.4933489683979815	558.294816	12.626472000000035	104.46734471967643	
8A	4	a	571.945056	599.928048	599.928048	27.982991999999967	10.631881224070604	585.595296	13.991495999999984	117.99936433016057	
9A	4	a	2.047536	7.507632	4.777584	5.460096	0.6212327984015804	4.777584	2.730048	2.6724583375316966	
9A	4	a	9.555168	11.602704	10.23768	2.047535999999999	0.3360537741821048	10.23768	1.0237679999999996	0.5272550120346049	
9A	2	b	12.285216	15.015264	12.967728	2.730048	-0.11919310188638432	13.65024	1.365024	-0.24841309742854745	
9A	4	a	15.697776	30.030528	20.47536	14.332752000000001	0.691551586642376	22.522896	7.1663760000000005	7.5934078559586435	
9A	4	a	30.71304	43.680768	36.173136	12.967728000000001	0.6670556863367194	36.855648	6.4838640000000005	5.73869493944466	
9A	4	a	44.36328	85.996512	53.235936	41.63323199999999	2.7844867141263068	64.83864	20.816615999999996	88.70302860756262	
9A	4	a	86.679024	133.08984	110.566944	46.41081600000001	2.91646955085497	109.884432	23.205408000000006	127.86035431269438	
9A	2	b	133.772352	138.549936	135.137376	4.77758399999999	-0.37298029506557295	135.819888	2.388791999999995	-1.6525216730878767	
9A	4	a	139.232448	163.120368	150.15264	23.88792000000001	2.020155586659275	150.835152	11.943960000000004	44.00402666686526	
9A	4	a	163.80288	182.913216	178.135632	19.110336000000018	0.6197028939120512	173.358048	9.555168000000009	8.923509639231144	
9A	4	a	183.595728	189.055824	185.643264	5.460095999999993	0.2257220701480609	186.325776	2.7300479999999965	1.0470021394498081	
9A	4	a	189.738336	222.498912	209.531184	32.760575999999986	1.9468548273013138	206.118624	16.380287999999993	34.716417215307835	
9A	2	b	223.181424	225.911472	223.863936	2.7300480000000107	-0.1456051121389912	224.546448	1.3650240000000053	-0.3095034259867422	
9A	4	a	226.593984	247.751856	240.244224	21.157871999999998	1.6488525277028643	236.831664	10.578935999999999	24.439682616766554	
9A	4	a	248.434368	291.432624	257.307024	42.99825599999997	3.8409798829901023	269.59224	21.499127999999985	176.26885326853187	
9A	2	b	292.115136	296.210208	292.797648	4.095072000000016	-0.17900765610010616	294.162672	2.047536000000008	-0.6766735572861444	
9A	4	a	296.89272	314.638032	303.71784	17.745312000000013	1.6597717674607182	305.765376	8.872656000000006	26.847451706341975	
9A	4	a	315.320544	343.303536	334.43088	27.982992000000024	2.0013070350463034	328.970784	13.991496000000012	57.10695540404312	
9A	4	a	346.033584	374.699088	356.271264	28.665504	3.110137392346296	360.366336	14.332752	85.99409294089625	
9A	4	a	375.3816	395.85696	385.61928	20.475360000000023	2.844461355556038	385.61928	10.237680000000012	52.13188338695895	
9A	2	b	396.539472	399.26952	397.221984	2.7300480000000107	-0.4240929330483585	397.904496	1.3650240000000053	-1.0395932172996032	
9A	4	a	399.952032	425.204976	410.872224	25.252944000000014	2.4246499005711204	412.237248	12.626472000000007	52.32929330363252	
9A	4	a	425.887488	440.902752	430.665072	15.015264000000002	1.8341877292451372	433.39512	7.507632000000001	20.113275279475722	
9A	4	a	442.950288	476.393376	447.727872	33.44308799999999	3.0003836164634627	459.330576	16.721543999999994	99.83494488568004	
9A	4	a	477.075888	493.456176	484.58352	16.380288000000007	2.4463526488938303	485.266032	8.190144000000004	27.72694169354987	
9A	2	b	494.138688	496.186224	494.8212	2.0475359999999796	-0.3110641236183671	494.8212	1.0237679999999898	-0.5192004067888072	
9A	4	a	496.868736	543.962064	521.439168	47.09332800000004	5.329520019639073	520.074144	23.54666400000002	254.63847106224915	
9A	2	b	544.644576	556.24728	550.104672	11.602704000000017	-2.273867075683385	550.104672	5.8013520000000085	-23.7557466395193	
9A	4	a	556.929792	573.31008	563.0724	16.38028799999995	1.9837704085582102	565.119936	8.190143999999975	24.073126985031188	
9A	4	a	573.992592	596.515488	585.595296	22.52289600000006	2.1055080436974896	584.912784	11.26144800000003	42.38393746430755	
9A	4	a	598.563024	599.928048	599.928048	1.3650239999999485	1.1396829496098597	599.245536	0.6825119999999743	0.5377157187632751	
10A	4	a	0.0	25.252944	18.427824	25.252944	0.4669006138912968	12.285216	12.626472	9.335090852735847	
10A	4	a	25.935456	32.078064	27.982992	6.142607999999999	0.2521846336978517	28.665504	3.0713039999999996	0.9730020311513696	
10A	4	a	32.760576	49.140864	39.585696	16.380288	0.5628178762268599	40.95072	8.190144	8.176913281388531	
10A	4	a	49.823376	61.42608	55.283472	11.602703999999996	0.11478565977466237	55.283472	5.801351999999998	1.0252617842233227	
10A	4	a	62.108592	96.234192	90.774096	34.12559999999999	0.6865380645642469	79.171392	17.062799999999996	13.690834469116778	
10A	4	a	96.916704	102.3768	99.646752	5.460096000000007	0.17420930483046204	99.646752	2.7300480000000036	0.5894328589859235	
10A	2	b	103.059312	107.154384	104.424336	4.095071999999988	-0.1990920583306628	105.106848	2.047535999999994	-0.6832080450581	
10A	2	b	107.836896	111.249456	107.836896	3.412559999999999	-0.08517136617932364	109.20192	1.7062799999999996	-0.1966455197902648	
10A	4	a	111.931968	118.074576	113.979504	6.142607999999996	0.22112772689946603	114.662016	3.071303999999998	1.30184911068312	
10A	4	a	120.122112	131.042304	124.217184	10.920192	0.27314680100922617	125.582208	5.460096	2.4526160494498335	
10A	4	a	131.724816	135.137376	133.08984	3.412559999999985	0.39394984468590666	133.08984	1.7062799999999925	0.852928497618239	
10A	4	a	135.819888	140.597472	139.232448	4.777584000000019	0.1151339242546654	137.867424	2.3887920000000094	0.4286308522155067	
10A	4	a	141.279984	150.835152	145.375056	9.55516799999998	0.15230992306322655	146.057568	4.77758399999999	1.1799480358013903	
10A	4	a	151.517664	156.295248	154.930224	4.77758399999999	0.15990427378425176	153.5652	2.388791999999995	0.6294727702720317	
10A	4	a	158.342784	174.04056	162.437856	15.697776000000005	0.3441587151746148	165.850416	7.848888000000002	3.5471022636489145	
10A	4	a	174.723072	189.738336	178.818144	15.015264000000002	0.21992766945374598	182.230704	7.507632000000001	1.9103260745581105	
10A	4	a	190.420848	200.658528	195.880944	10.237679999999983	0.2920403984321496	195.198432	5.118839999999992	2.326009052873644	
10A	4	a	201.34104	219.086352	209.531184	17.745312000000013	0.5597428977588166	210.213696	8.872656000000006	6.597283925374479	
10A	4	a	219.768864	236.149152	227.276496	16.38028799999998	0.3291113069028473	227.959008	8.19014399999999	2.9783937980205932	
10A	4	a	240.244224	245.70432	242.974272	5.460095999999993	0.45632303663676765	242.974272	2.7300479999999965	2.1259467177882856	
10A	4	a	249.799392	258.672048	251.846928	8.872656000000006	0.256006428879914	253.894464	4.436328000000003	1.6380964706515324	
10A	4	a	259.35456	280.512432	274.369824	21.157871999999998	0.4694693568807593	269.59224	10.578935999999999	8.645071551618571	
10A	4	a	281.194944	292.797648	287.337552	11.60270399999996	0.482566291885977	286.65504	5.80135199999998	4.280635657420754	
10A	4	a	293.48016	313.95552	307.1304	20.475359999999966	0.5622475494012922	303.71784	10.237679999999983	7.080284481787684	
10A	4	a	314.638032	324.1932	318.050592	9.55516799999998	0.5226016717502784	319.415616	4.77758399999999	3.900238516236544	
10A	4	a	330.335808	334.43088	331.700832	4.095072000000016	0.1657678551588031	332.383344	2.047536000000008	0.5410700649631719	
10A	4	a	337.84344	339.890976	339.208464	2.0475360000000364	0.06358332870068928	338.525952	1.0237680000000182	0.09019667287304789	
10A	4	a	340.573488	343.986048	342.621024	3.412559999999985	0.09823697972607937	341.938512	1.7062799999999925	0.26194135581660616	
10A	2	b	344.66856	363.778896	351.49368	19.11033599999996	-0.5260653451637114	354.223728	9.55516799999998	-8.299714309330648	
10A	4	a	364.461408	377.429136	372.651552	12.967728000000022	0.6121310671066338	370.604016	6.483864000000011	6.891307606459566	
10A	4	a	378.111648	399.26952	390.396864	21.157871999999998	0.8917652794739022	388.349328	10.578935999999999	15.719149161225463	
10A	4	a	399.952032	404.047104	401.317056	4.095072000000016	0.2502820272283741	401.999568	2.047536000000008	0.9404778788784578	
10A	4	a	404.729616	422.474928	410.872224	17.745311999999956	0.8168907975804527	413.602272	8.872655999999978	10.954130921587875	
10A	4	a	423.15744	434.077632	430.665072	10.920191999999986	0.4066437833140846	428.617536	5.460095999999993	2.8722913291081755	
10A	4	a	434.760144	442.950288	439.537728	8.190143999999975	0.3503403461345336	438.855216	4.095071999999988	2.409009878609795	
10A	4	a	443.6328	490.726128	468.885744	47.09332800000004	1.3588096764802997	466.838208	23.54666400000002	54.97276125438992	
10A	2	b	491.40864	504.376368	499.598784	12.967728000000022	-0.2873013631459922	497.551248	6.483864000000011	-3.0036971327806916	
10A	4	a	506.423904	517.344096	511.884	10.920192000000043	0.7746975845189237	511.884	5.460096000000021	6.923919216561048	
10A	4	a	518.026608	526.216752	520.074144	8.190144000000032	0.3889941881402077	522.12168	4.095072000000016	2.320849312750425	
10A	4	a	526.899264	541.914528	532.35936	15.015264000000002	0.6654080113494922	534.406896	7.507632000000001	8.204564633761004	
10A	2	b	545.327088	555.564768	552.152208	10.237679999999955	-0.4650155472923827	550.104672	5.118839999999977	-4.0200761848892155	
10A	2	b	556.24728	558.294816	556.929792	2.0475359999999228	-0.12320441397272042	556.929792	1.0237679999999614	-0.16822564200848333	
10A	4	a	558.977328	571.945056	565.119936	12.967727999999966	0.8723680144075416	565.119936	6.483863999999983	8.541236542381748	
10A	4	a	572.627568	581.500224	576.040128	8.872656000000006	0.42973453028340725	576.72264	4.436328000000003	3.2774786969118317	
10A	4	a	582.182736	599.928048	587.642832	17.745312000000013	0.5318288965515858	591.055392	8.872656000000006	7.9929391744165175	
11A	4	a	0.0	4.777584	2.047536	4.777584	0.03300067476931812	2.047536	2.388792	0.12433097012869843	
11A	4	a	5.460096	8.190144	6.82512	2.730048	0.036501625331559984	6.82512	1.365024	0.08764629786081035	
11A	4	a	8.872656	23.205408	18.427824	14.332752	0.08874340663640856	15.697776	7.166376	0.6582781324950877	
11A	4	a	25.935456	60.743568	47.093328	34.80811200000001	0.2278622134171664	42.998256	17.404056000000004	4.031149544532367	
11A	4	a	61.42608	87.361536	83.266464	25.935456000000002	0.08505744928661585	74.393808	12.967728000000001	1.994360430501252	
11A	4	a	88.044048	104.424336	92.821632	16.380287999999993	0.1890814945357977	96.234192	8.190143999999997	2.329725916236569	
11A	4	a	105.106848	150.835152	143.32752	45.728303999999994	0.158808749624207	127.629744	22.864151999999997	5.1189431707823925	
11A	4	a	151.517664	156.97776	154.247712	5.460095999999993	0.07666863194690254	154.247712	2.7300479999999965	0.4279387898508725	
11A	4	a	157.660272	205.436112	178.818144	47.77584000000002	0.24331514215848338	181.548192	23.88792000000001	8.769747326452114	
11A	4	a	206.118624	221.8164	213.626256	15.697775999999976	0.14366652571988725	213.626256	7.848887999999988	1.3263787696632576	
11A	4	a	224.546448	249.799392	242.974272	25.252944000000014	0.1397620795382868	236.831664	12.626472000000007	2.359294122528909	
11A	4	a	250.481904	254.576976	252.52944	4.095072000000016	0.04555673254629111	252.52944	2.047536000000008	0.13554853704141878	
11A	2	b	255.259488	258.672048	255.259488	3.4125600000000134	-0.024486206660453425	256.624512	1.7062800000000067	-0.06275183441950116	
11A	4	a	259.35456	278.464896	273.687312	19.110336000000018	0.10982597108059422	268.909728	9.555168000000009	1.514333801648547	
11A	4	a	280.512432	284.607504	282.559968	4.095072000000016	0.031689400630362075	282.559968	2.047536000000008	0.12222316107565401	
11A	4	a	286.65504	292.115136	287.337552	5.460096000000021	0.07584253645583572	289.385088	2.7300480000000107	0.276147959241723	
11A	4	a	292.797648	304.400352	298.257744	11.602704000000017	0.13773622044391476	298.257744	5.8013520000000085	1.1564237135040174	
11A	4	a	310.54296	312.590496	310.54296	2.0475359999999796	0.01890194069064588	311.225472	1.0237679999999898	0.02436515455618693	
11A	4	a	314.638032	323.510688	319.415616	8.872656000000006	0.06814530506122929	318.733104	4.436328000000003	0.544876830209822	
11A	4	a	324.1932	328.970784	327.60576	4.77758399999999	0.05784017286709142	326.240736	2.388791999999995	0.17095298716779161	
11A	4	a	331.01832	353.541216	346.716096	22.522896000000003	0.3463329376958846	341.938512	11.261448000000001	3.8317728986935844	
11A	4	a	357.636288	362.413872	361.048848	4.777584000000047	0.056297931350637986	359.683824	2.3887920000000236	0.16986953085922485	
11A	4	a	367.191456	381.524208	376.064112	14.33275199999997	0.31915391321701847	374.016576	7.166375999999985	3.494947591742716	
11A	4	a	382.20672	389.03184	384.936768	6.82511999999997	0.09900394581237348	385.61928	3.412559999999985	0.5789411683826389	
11A	4	a	389.714352	404.047104	395.174448	14.33275199999997	0.21067660271009814	396.539472	7.166375999999985	2.1602790180656424	
11A	4	a	407.459664	427.252512	420.427392	19.79284800000005	0.11760162389577622	417.014832	9.896424000000025	1.8950795909874723	
11A	4	a	427.935024	443.6328	439.537728	15.697775999999976	0.08798020054852262	435.442656	7.848887999999988	1.0710724768423527	
11A	4	a	444.315312	451.822944	447.727872	7.507632000000001	0.07735814251240902	447.727872	3.7538160000000005	0.3237088724050191	
11A	4	a	457.28304	467.52072	462.743136	10.237679999999955	0.04084156725271337	462.060624	5.118839999999977	0.2844288377819051	
11A	4	a	468.203232	479.123424	472.298304	10.920191999999986	0.10507468048498225	473.663328	5.460095999999993	0.8480629745600775	
11A	4	a	479.805936	491.40864	487.313568	11.602704000000017	0.1257626179993363	485.266032	5.8013520000000085	0.9778541534244374	
11A	4	a	492.091152	504.376368	498.916272	12.285215999999991	0.09437176743176368	498.23376	6.142607999999996	0.9558108353997251	
11A	2	b	505.05888	507.106416	505.05888	2.0475360000000364	-0.0020000952320258225	505.741392	1.0237680000000182	-0.0026877591644453025	
11A	4	a	507.788928	515.979072	511.884	8.190143999999975	0.11843173437971788	511.884	4.095071999999988	0.7403506638559888	
11A	4	a	516.661584	525.53424	520.074144	8.872656000000006	0.09106943849707783	520.756656	4.436328000000003	0.6014160159071515	
11A	4	a	527.581776	541.914528	530.311824	14.332752000000028	0.16458462404408403	534.406896	7.166376000000014	1.7096859868980818	
11A	4	a	542.59704	557.612304	549.42216	15.015264000000002	0.13171153650480116	550.104672	7.507632000000001	1.6572051127326608	
11A	4	a	558.294816	572.627568	569.89752	14.332752000000028	0.07197818979055226	565.119936	7.166376000000014	0.6544262456163331	
11A	4	a	573.31008	599.928048	599.245536	26.61796800000002	1.1273577032782072	586.277808	13.30898400000001	27.12601392752864	
12A	4	a	0.0	3.41256	0.0	3.41256	0.16900513672179462	1.365024	1.70628	0.4045846054918554	
12A	4	a	7.507632	23.205408	17.745312	15.697775999999998	0.1880336400710676	15.015264	7.848887999999999	2.050915436828756	
12A	4	a	23.88792	25.935456	23.88792	2.0475359999999974	0.026852744034092435	24.570432	1.0237679999999987	0.04171990785949409	
12A	4	a	27.982992	30.030528	27.982992	2.047536000000001	0.07961326937165492	28.665504	1.0237680000000005	0.13231297927998176	
12A	4	a	32.078064	62.108592	51.870912	30.030528000000004	0.46153563924661345	47.093328	15.015264000000002	7.110245202094265	
12A	4	a	62.791104	109.884432	100.329264	47.09332800000001	0.5266160017923194	85.996512	23.546664000000003	12.582489669233707	
12A	4	a	110.566944	135.137376	126.26472	24.570431999999983	0.22362028708617077	122.85216	12.285215999999991	4.027079658063889	
12A	4	a	135.819888	160.39032	152.882688	24.57043200000001	0.27696032410709126	148.105104	12.285216000000005	4.512431590216256	
12A	4	a	161.072832	168.580464	165.850416	7.507632000000001	0.10277150319617645	164.485392	3.7538160000000005	0.670953416448882	
12A	4	a	169.262976	174.04056	171.310512	4.77758399999999	0.13695356377987045	171.310512	2.388791999999995	0.5493578034600748	
12A	4	a	174.723072	195.198432	182.230704	20.475359999999995	0.16341315094046438	184.960752	10.237679999999997	2.2292162642196525	
12A	4	a	195.880944	211.57872	204.7536	15.697776000000005	0.3230962363510388	203.388576	7.848888000000002	4.1219817165688655	
12A	4	a	212.261232	215.673792	214.308768	3.412559999999985	0.06432904988516963	213.626256	1.7062799999999925	0.1848864516150004	
12A	2	b	216.356304	224.546448	219.086352	8.190144000000004	-0.055525726541293174	220.451376	4.095072000000002	-0.31425851961038753	
12A	4	a	226.593984	238.8792	237.514176	12.285215999999991	0.18075572989846034	232.736592	6.142607999999996	1.8150635261143586	
12A	4	a	239.561712	245.70432	242.974272	6.142607999999996	0.09036862708957516	242.29176	3.071303999999998	0.3031378779269325	
12A	4	a	246.386832	264.814656	251.846928	18.427824000000015	0.2113346549991748	255.259488	9.213912000000008	2.4896168355335337	
12A	4	a	265.497168	267.544704	266.862192	2.0475360000000364	0.030007333011586645	266.17968	1.0237680000000182	0.02028223324881462	
12A	4	a	271.639776	278.464896	273.687312	6.825120000000027	0.1662655377020701	275.052336	3.4125600000000134	0.8688646781802547	
12A	4	a	281.877456	285.290016	283.24248	3.412559999999985	0.051758898445359414	283.24248	1.7062799999999925	0.14729329663682034	
12A	4	a	285.972528	308.495424	303.035328	22.522896000000003	0.43898412945352927	296.89272	11.261448000000001	4.863411183637469	
12A	4	a	309.177936	357.636288	350.128656	48.45835199999999	0.38890446693653624	333.065856	24.229175999999995	12.41146246766194	
12A	4	a	358.3188	367.873968	360.366336	9.55516799999998	0.1476791878044854	363.096384	4.77758399999999	1.1915420393797518	
12A	4	a	368.55648	370.604016	369.921504	2.0475359999999796	0.04645773906924333	369.238992	1.0237679999999898	0.05532515757468914	
12A	4	a	371.286528	377.429136	376.064112	6.1426080000000525	0.14196458833832137	374.016576	3.0713040000000262	0.6766677393412299	
12A	4	a	378.111648	380.159184	378.79416	2.0475359999999796	0.08276863309535631	378.79416	1.0237679999999898	0.12346072394243546	
12A	4	a	380.841696	388.349328	382.20672	7.507632000000001	0.11428078894450167	384.254256	3.7538160000000005	0.7758267861784334	
12A	4	a	389.03184	396.539472	393.126912	7.507632000000001	0.07147920967563559	392.4444	3.7538160000000005	0.4394688010960859	
12A	4	a	397.221984	418.379856	402.68208	21.157871999999998	0.3176896238001743	407.459664	10.578935999999999	3.6790648216145954	
12A	4	a	419.062368	427.935024	420.427392	8.872656000000006	0.12174826067467093	423.15744	4.436328000000003	0.6549219679560307	
12A	4	a	429.98256	454.552992	448.410384	24.57043200000004	0.49019454405383867	442.267776	12.28521600000002	6.0335865480573325	
12A	4	a	458.648064	460.6956	459.330576	2.0475360000000364	0.019522821321313888	459.330576	1.0237680000000182	0.035769974582225084	
12A	2	b	461.378112	464.790672	461.378112	3.412559999999985	-0.0444712713819122	462.743136	1.7062799999999925	-0.06377426278967513	
12A	4	a	468.203232	491.40864	487.313568	23.205407999999977	0.20920272779599713	479.805936	11.602703999999989	3.377185403472633	
12A	4	a	492.091152	515.29656	504.376368	23.205407999999977	0.4768463352568699	503.693856	11.602703999999989	6.781911585313527	
12A	4	a	515.979072	528.9468	520.756656	12.96772800000008	0.1994915196311018	522.12168	6.48386400000004	1.8851203892320152	
12A	4	a	529.629312	533.724384	530.311824	4.095071999999959	0.09943730653503557	531.676848	2.0475359999999796	0.30153189493481025	
12A	4	a	534.406896	539.18448	535.77192	4.777584000000047	0.06243380061610182	536.454432	2.3887920000000236	0.20400276003377749	
12A	4	a	539.866992	562.389888	555.564768	22.52289600000006	0.4405681656874756	550.787184	11.26144800000003	5.07021381525056	
12A	4	a	563.0724	570.580032	565.802448	7.507631999999944	0.21095727242916817	566.48496	3.753815999999972	1.2158409858053738	
12A	2	b	572.627568	574.675104	573.31008	2.0475360000000364	-0.030112646104923257	573.31008	1.0237680000000182	-0.04063496673128597	
12A	4	a	575.357616	599.928048	595.150464	24.570431999999983	0.8694269860890338	587.642832	12.285215999999991	19.039229491737494	
13A	4	a	0.0	4.777584	0.0	4.777584	0.1805516798177047	2.047536	2.388792	0.5729647028739957	
13A	2	b	8.190144	13.65024	8.190144	5.460096	-0.06916811666720224	10.920192	2.730048	-0.17604717219996746	
13A	4	a	14.332752	22.522896	18.427824	8.190144	0.11471250335460015	18.427824	4.095072	0.5620618302020406	
13A	4	a	23.205408	25.252944	24.570432	2.047536000000001	0.019014888031189336	23.88792	1.0237680000000005	0.02372326427857563	
13A	4	a	25.935456	62.108592	55.283472	36.173136	0.33686128654185477	43.680768	18.086568	7.562758404516687	
13A	4	a	62.791104	109.884432	100.329264	47.09332800000001	0.41846315718731697	85.996512	23.546664000000003	12.015665835313138	
13A	4	a	110.566944	118.757088	113.979504	8.19014399999999	0.10717284672677763	114.662016	4.095071999999995	0.701473693298746	
13A	4	a	119.4396	135.819888	125.582208	16.380287999999993	0.18852585785265186	127.629744	8.190143999999997	2.4867989234293755	
13A	4	a	136.5024	156.97776	150.835152	20.475359999999995	0.2507931581209406	146.74008	10.237679999999997	4.735700420955176	
13A	4	a	157.660272	195.198432	171.310512	37.538160000000005	0.16214964684563693	176.088096	18.769080000000002	5.439096402819956	
13A	4	a	195.880944	200.658528	195.880944	4.77758399999999	0.07698235994947389	197.92848	2.388791999999995	0.27711400962036103	
13A	4	a	201.34104	211.57872	206.801136	10.237680000000012	0.18565062112248598	206.118624	5.118840000000006	1.5119802526336032	
13A	4	a	212.261232	238.8792	237.514176	26.61796799999999	0.27085650328891697	225.22896	13.308983999999995	5.2549799598581215	
13A	4	a	239.561712	245.021808	242.974272	5.460095999999993	0.05007015117800773	242.29176	2.7300479999999965	0.23414451644453405	
13A	4	a	247.069344	264.132144	252.52944	17.06279999999998	0.1487561938587032	255.259488	8.53139999999999	1.8401583303712874	
13A	4	a	264.814656	267.544704	264.814656	2.7300480000000107	0.005513758059272789	266.17968	1.3650240000000053	0.011337782406099506	
13A	4	a	271.639776	285.290016	274.369824	13.650239999999997	0.13464795744913172	278.464896	6.825119999999998	1.1253606209549958	
13A	4	a	285.972528	309.860448	302.352816	23.88792000000001	0.27800529697391063	297.575232	11.943960000000004	5.56575071267183	
13A	4	a	310.54296	312.590496	311.225472	2.0475359999999796	0.014703577349747698	311.225472	1.0237679999999898	0.02242646200785936	
13A	4	a	313.273008	316.003056	313.95552	2.7300480000000107	0.020510303041270994	314.638032	1.3650240000000053	0.031089754266371505	
13A	4	a	316.685568	342.621024	333.065856	25.935455999999988	0.102208793019825	329.653296	12.967727999999994	2.299967027257475	
13A	4	a	343.303536	361.048848	352.176192	17.745312000000013	0.1783910839395937	352.176192	8.872656000000006	1.9465530697969122	
13A	4	a	361.73136	388.349328	376.064112	26.61796800000002	0.17851732021061295	374.699088	13.30898400000001	3.8946883218187396	
13A	4	a	389.03184	410.189712	402.68208	21.157871999999998	0.2521036122517146	399.26952	10.578935999999999	3.8899499627550163	
13A	4	a	410.872224	417.014832	410.872224	6.142607999999996	0.07358499830362253	413.602272	3.071303999999998	0.2507922869212471	
13A	4	a	419.74488	421.792416	419.74488	2.0475359999999796	0.05566306386091191	420.427392	1.0237679999999898	0.04620462468666464	
13A	4	a	422.474928	428.617536	423.839952	6.142607999999996	0.09957874158535196	425.204976	3.071303999999998	0.5173185327048431	
13A	4	a	429.300048	458.648064	450.45792	29.348015999999973	0.2834218268213462	443.6328	14.674007999999986	5.4113498664916415	
13A	4	a	461.378112	478.440912	472.298304	17.06280000000004	0.12366978214513313	469.568256	8.53140000000002	1.5306307654191817	
13A	4	a	479.123424	513.931536	504.376368	34.80811200000005	0.2510735112221296	496.186224	17.404056000000026	6.2354932782693835	
13A	4	a	518.70912	534.406896	520.756656	15.697775999999976	0.13558127908585837	526.216752	7.848887999999988	1.569534657386288	
13A	4	a	535.089408	567.849984	555.564768	32.7605759999999	0.25927364978943745	551.469696	16.38028799999995	4.4553118087299275	
13A	4	a	568.532496	599.928048	596.515488	31.395551999999952	0.4609708332040465	584.230272	15.697775999999976	8.291665179053348	
14A	4	a	0.0	4.777584	1.365024	4.777584	0.14146683373928282	2.047536	2.388792	0.6634283121804032	
14A	4	a	5.460096	8.190144	6.82512	2.730048	0.03523476351462662	6.82512	1.365024	0.06214435676967134	
14A	4	a	10.23768	12.285216	10.23768	2.047536000000001	0.018243996889959924	10.920192	1.0237680000000005	0.02647882767557075	
14A	4	a	14.332752	23.88792	21.157872	9.555168000000002	0.10333096230970051	19.110336	4.777584000000001	0.7631079599031498	
14A	4	a	26.617968	31.395552	28.665504	4.777583999999997	0.08819486330823922	28.665504	2.3887919999999987	0.22611669559052094	
14A	4	a	32.078064	48.458352	38.903184	16.380288	0.09727532231881586	40.268208	8.190144	1.1608792399306394	
14A	4	a	49.140864	68.2512	55.283472	19.110335999999997	0.44062954016735834	58.696032	9.555167999999998	4.579743968558077	
14A	4	a	68.933712	96.916704	83.266464	27.982991999999996	0.1370094441112779	82.583952	13.991495999999998	2.8310512803179035	
14A	4	a	97.599216	109.884432	103.741824	12.285216000000005	0.3193010149811477	103.741824	6.142608000000003	2.972800602656193	
14A	4	a	110.566944	135.137376	123.534672	24.570431999999983	0.13783895161608428	122.85216	12.285215999999991	2.4816484266819563	
14A	4	a	135.819888	156.97776	151.517664	21.157871999999998	0.30849027162397435	146.057568	10.578935999999999	4.506817353564496	
14A	4	a	157.660272	191.10336	171.310512	33.44308800000002	0.12731003658199658	174.04056	16.72154400000001	3.5582440545716305	
14A	4	a	191.785872	195.198432	191.785872	3.412559999999985	0.05852259866657761	193.150896	1.7062799999999925	0.1082802487486747	
14A	4	a	197.92848	211.57872	206.801136	13.650239999999997	0.21721963726811433	204.7536	6.825119999999998	1.8559264283780648	
14A	4	a	212.261232	219.086352	213.626256	6.825119999999998	0.07743402557316847	215.673792	3.412559999999999	0.36620337422622884	
14A	2	b	223.181424	226.593984	223.181424	3.4125600000000134	-0.022120644648635057	224.546448	1.7062800000000067	-0.04685740040135111	
14A	2	b	236.149152	238.196688	236.149152	2.047536000000008	-0.06256663721359113	236.831664	1.023768000000004	-0.042080285278231155	
14A	4	a	238.8792	250.481904	242.974272	11.602703999999989	0.15340331072327063	244.339296	5.801351999999994	1.3673947259190211	
14A	4	a	251.164416	266.17968	257.989536	15.01526400000003	0.19517536363859245	258.672048	7.507632000000015	2.1253229867180554	
14A	4	a	266.862192	285.290016	273.687312	18.427823999999987	0.18719083128716507	275.734848	9.213911999999993	1.9834874081049774	
14A	4	a	285.972528	292.797648	287.337552	6.82511999999997	0.16751158822273382	289.385088	3.412559999999985	0.8658644570910743	
14A	4	a	293.48016	314.638032	306.447888	21.157871999999998	0.5431829867872975	303.71784	10.578935999999999	5.457055911174843	
14A	4	a	315.320544	323.510688	318.050592	8.190144000000032	0.20165661317054084	319.415616	4.095072000000016	1.34764641591985	
14A	4	a	324.1932	345.351072	332.383344	21.157871999999998	0.1496481903008262	334.43088	10.578935999999999	2.091537071434032	
14A	4	a	346.033584	350.128656	346.716096	4.095071999999959	0.12392446981995509	348.08112	2.0475359999999796	0.2785594396874145	
14A	4	a	350.811168	371.96904	356.271264	21.157871999999998	0.23169002383116943	361.048848	10.578935999999999	3.8930849521835516	
14A	4	a	372.651552	399.26952	378.79416	26.61796800000002	0.2671912522234421	385.61928	13.30898400000001	5.818310113527638	
14A	4	a	399.952032	417.014832	407.459664	17.06280000000004	0.2922967631508291	408.142176	8.53140000000002	3.307079782098377	
14A	4	a	417.697344	422.474928	419.74488	4.77758399999999	0.11871266920086976	419.74488	2.388791999999995	0.3815682394414066	
14A	4	a	423.15744	434.077632	424.522464	10.920191999999986	0.09829545554814434	428.617536	5.460095999999993	0.7013726642231402	
14A	4	a	434.760144	444.315312	439.537728	9.55516799999998	0.17595400414831497	439.537728	4.77758399999999	1.3925513092985882	
14A	4	a	444.997824	465.473184	453.187968	20.475360000000023	0.42135108261761545	455.235504	10.237680000000012	3.6379572167794985	
14A	4	a	466.155696	485.266032	475.028352	19.110336000000018	0.1766057412802038	475.710864	9.555168000000009	2.628314706766292	
14A	4	a	485.948544	490.043616	487.313568	4.095071999999959	0.1376607477387899	487.99608	2.0475359999999796	0.32428113396834957	
14A	4	a	490.726128	500.281296	493.456176	9.55516799999998	0.15375271850972405	495.503712	4.77758399999999	0.9878024904049636	
14A	4	a	500.963808	513.931536	507.788928	12.96772800000008	0.21893649838489493	507.106416	6.48386400000004	2.1890987938354316	
14A	4	a	514.614048	542.59704	521.439168	27.982991999999967	0.2520973929013479	528.264288	13.991495999999984	4.123293674735788	
14A	4	a	543.279552	552.152208	546.0096	8.872656000000006	0.148707158106836	547.374624	4.436328000000003	0.9547708800049552	
14A	4	a	552.83472	570.580032	559.65984	17.745312000000013	0.24164469180609371	561.707376	8.872656000000006	2.929310191084258	
14A	2	b	575.357616	578.087664	576.72264	2.7300480000000107	-0.034082819836941614	576.72264	1.3650240000000053	-0.06692249732658717	
14A	4	a	578.770176	584.230272	579.452688	5.460096000000021	0.04323480475007546	581.500224	2.7300480000000107	0.22503409219748405	
14A	2	b	586.277808	591.055392	589.690368	4.777583999999933	-0.044678231407377034	588.325344	2.3887919999999667	-0.19385793843958266	
14A	4	a	591.737904	599.928048	597.198	8.190144000000032	0.12255927402425204	595.832976	4.095072000000016	0.8214897801823802	
15A	2	b	0.0	2.047536	0.0	2.047536	-0.033249275050288185	0.682512	1.023768	-0.05055908415756272	
15A	4	a	2.730048	12.967728	5.460096	10.23768	0.06359818918431248	7.507632	5.11884	0.47975937129520474	
15A	4	a	13.65024	22.522896	18.427824	8.872656	0.11090648411761217	17.745312	4.436328	0.647068511907913	
15A	4	a	23.205408	30.030528	27.982992	6.825120000000002	0.042746074570384485	26.617968	3.412560000000001	0.1860231496663428	
15A	4	a	30.71304	35.490624	32.760576	4.777583999999997	0.03226439848012164	32.760576	2.3887919999999987	0.12187009897197965	
15A	4	a	36.173136	43.680768	36.173136	7.507632000000001	0.04670905130320824	39.585696	3.7538160000000005	0.28406054295369076	
15A	4	a	44.36328	68.2512	58.01352	23.887919999999994	0.15507511727724688	55.965984	11.943959999999997	2.265886770637585	
15A	4	a	68.933712	77.123856	75.758832	8.190144000000004	0.03685684508701703	73.028784	4.095072000000002	0.17335155077614672	
15A	4	a	77.806368	81.90144	79.853904	4.095071999999988	0.023329173891966315	79.853904	2.047535999999994	0.052830975101935906	
15A	4	a	82.583952	87.361536	83.266464	4.7775840000000045	0.050657331705664665	84.631488	2.3887920000000022	0.2329234560687724	
15A	4	a	88.044048	96.916704	92.13912	8.872655999999992	0.07054386388548228	92.13912	4.436327999999996	0.43213182482934265	
15A	4	a	97.599216	117.392064	105.78936	19.792848000000006	0.11795120943079285	107.154384	9.896424000000003	2.0228473475849316	
15A	4	a	118.074576	136.5024	123.534672	18.427824	0.15057015194638335	126.947232	9.213912	1.7428355324289673	
15A	4	a	137.184912	164.485392	154.930224	27.300479999999993	0.0958673057852264	150.835152	13.650239999999997	1.9456215541856259	
15A	4	a	165.167904	168.580464	165.850416	3.4125600000000134	0.0504377273890293	166.532928	1.7062800000000067	0.13010666152335126	
15A	4	a	169.262976	174.04056	171.993024	4.77758399999999	0.05241437192821441	171.310512	2.388791999999995	0.186745841854823	
15A	4	a	174.723072	195.198432	182.230704	20.475359999999995	0.059777413555987424	184.960752	10.237679999999997	0.9628246826875685	
15A	4	a	195.880944	200.658528	196.563456	4.77758399999999	0.0721439894113356	197.92848	2.388791999999995	0.24133738558489182	
15A	4	a	201.34104	203.388576	202.023552	2.047536000000008	0.024762276535089445	202.023552	1.023768000000004	0.042709488599661505	
15A	4	a	204.071088	217.038816	210.213696	12.967727999999994	0.17130995627852275	210.213696	6.483863999999997	1.7512785818390726	
15A	4	a	217.721328	245.70432	236.831664	27.982991999999996	0.12984918764350928	231.371568	13.991495999999998	3.224637865528921	
15A	4	a	246.386832	254.576976	247.751856	8.190144000000004	0.034571908827601305	250.481904	4.095072000000002	0.23467900696482547	
15A	4	a	255.259488	268.227216	264.132144	12.967727999999994	0.10740247858259666	261.402096	6.483863999999997	0.980451132573157	
15A	4	a	268.909728	280.512432	277.782384	11.602704000000017	0.0681453406819843	274.369824	5.8013520000000085	0.6112262318418439	
15A	4	a	281.194944	293.48016	288.020064	12.285215999999991	0.061866361012574034	287.337552	6.142607999999996	0.3985819829423797	
15A	4	a	295.527696	314.638032	303.71784	19.110336000000018	0.10810077418422259	305.082864	9.555168000000009	1.353220725476354	
15A	4	a	315.320544	349.446144	346.716096	34.12560000000002	0.08613418427976804	332.383344	17.06280000000001	1.7433693185608377	
15A	4	a	350.128656	361.048848	359.001312	10.920192000000043	0.07885421989232366	355.588752	5.460096000000021	0.7068656428275716	
15A	4	a	361.73136	367.191456	363.778896	5.460096000000021	0.08173844253983553	364.461408	2.7300480000000107	0.3457323731947536	
15A	4	a	367.873968	377.429136	372.651552	9.555168000000037	0.05705043103681917	372.651552	4.777584000000019	0.4767182230439485	
15A	4	a	378.111648	388.349328	378.79416	10.237680000000012	0.05071668516624617	382.889232	5.118840000000006	0.42323531555175886	
15A	4	a	389.03184	397.904496	393.809424	8.872656000000006	0.05613592383265087	393.126912	4.436328000000003	0.31198955961013064	
15A	4	a	398.587008	414.284784	408.142176	15.697775999999976	0.2032632011559481	406.09464	7.848887999999988	2.3840133897781337	
15A	4	a	416.33232	422.474928	420.427392	6.142607999999996	0.05905276315512187	419.062368	3.071303999999998	0.2085020682825498	
15A	4	a	423.15744	427.252512	424.522464	4.095072000000016	0.06098598479105166	425.204976	2.047536000000008	0.21388925918268664	
15A	4	a	427.935024	434.077632	430.665072	6.142607999999996	0.04057243407378475	430.665072	3.071303999999998	0.2012898497055544	
15A	4	a	434.760144	464.10816	455.235504	29.348015999999973	0.2725848951614571	449.092896	14.674007999999986	4.945600161257548	
15A	4	a	464.790672	488.678592	468.885744	23.88792000000001	0.11009611933857522	476.393376	11.943960000000004	2.5080918950678495	
15A	4	a	489.361104	515.29656	508.47144	25.935455999999988	0.23709117227486276	502.328832	12.967727999999994	3.60182471211112	
15A	4	a	515.979072	525.53424	520.756656	9.55516799999998	0.07304556237064364	520.756656	4.77758399999999	0.646020846461318	
15A	4	a	528.264288	537.819456	531.676848	9.55516799999998	0.032930554860675976	533.041872	4.77758399999999	0.24644608339347296	
15A	4	a	539.866992	570.580032	559.65984	30.713039999999978	0.19794236860653158	554.882256	15.356519999999989	3.4331456727924934	
15A	4	a	571.262544	599.928048	599.928048	28.66550399999994	0.2106018915808745	585.595296	14.33275199999997	3.7752516061856793	
16A	2	b	0.0	2.047536	0.682512	2.047536	-0.018302352927462406	0.682512	1.023768	-0.031314651499829926	
16A	4	a	2.730048	4.777584	3.41256	2.047536	0.01942341103035572	3.41256	1.023768	0.024788843642734926	
16A	4	a	5.460096	8.872656	7.507632	3.412559999999999	0.016876426387782306	6.82512	1.7062799999999996	0.034721765363398105	
16A	4	a	9.555168	12.285216	10.23768	2.730048	0.018929640443727802	10.920192	1.365024	0.02861367828680883	
16A	4	a	12.967728	22.522896	18.427824	9.555168	0.04551325732024458	17.745312	4.777584	0.28882200360564714	
16A	4	a	23.205408	34.1256	30.71304	10.920192	0.028967190764447093	28.665504	5.460096	0.15682371372525927	
16A	4	a	36.855648	45.728304	41.633232	8.872656	0.022322375112868276	40.95072	4.436328	0.1424296303233874	
16A	4	a	46.410816	53.918448	48.458352	7.507632000000001	0.017941556287015326	49.823376	3.7538160000000005	0.10633661384686088	
16A	4	a	56.648496	73.028784	64.156128	16.380288	0.04376576602433446	64.83864	8.190144	0.5783544651737598	
16A	4	a	75.758832	79.171392	76.441344	3.412559999999999	0.021802549814065708	77.123856	1.7062799999999996	0.046278385975217495	
16A	4	a	81.218928	100.329264	88.044048	19.11033599999999	0.0451451879847824	90.774096	9.555167999999995	0.5848469489359185	
16A	4	a	102.3768	104.424336	103.741824	2.047535999999994	0.014312581162273075	103.059312	1.023767999999997	0.01973638365660091	
16A	4	a	106.471872	136.5024	128.312256	30.03052799999999	0.08621088638030305	121.487136	15.015263999999995	2.62542450208089	
16A	4	a	137.184912	140.597472	139.232448	3.4125600000000134	0.017458101413186045	138.549936	1.7062800000000067	0.05432716457322129	
16A	4	a	141.279984	143.32752	141.279984	2.0475359999999796	0.021603799460937267	141.962496	1.0237679999999898	0.018709415152618702	
16A	4	a	144.010032	146.74008	144.010032	2.7300480000000107	0.01237699113738322	145.375056	1.3650240000000053	0.014239390189754508	
16A	4	a	147.422592	149.470128	148.787616	2.0475359999999796	0.012039199888865815	148.105104	1.0237679999999898	0.011682896882597493	
16A	4	a	150.15264	152.200176	151.517664	2.047536000000008	0.010042845277901558	150.835152	1.023768000000004	0.01602306177778745	
16A	4	a	152.882688	174.04056	162.437856	21.157871999999998	0.10016398956259565	163.120368	10.578935999999999	1.3925704005178576	
16A	4	a	174.723072	177.45312	176.088096	2.7300480000000107	0.011533481094943898	176.088096	1.3650240000000053	0.022942313595266994	
16A	2	b	179.500656	185.643264	180.183168	6.142607999999996	-0.02352418416165203	182.230704	3.071303999999998	-0.08786423294480039	
16A	4	a	188.373312	203.388576	195.880944	15.015264000000002	0.02605969063838609	195.880944	7.507632000000001	0.27185565423460534	
16A	4	a	204.071088	225.22896	213.626256	21.157871999999998	0.08947495336516731	214.308768	10.578935999999999	1.2020257715311313	
16A	4	a	225.911472	258.672048	240.244224	32.760576000000015	0.03676535264258374	242.29176	16.380288000000007	0.9977013665410591	
16A	4	a	259.35456	272.322288	266.862192	12.967728000000022	0.08159920944226262	265.497168	6.483864000000011	0.7811138286617154	
16A	4	a	273.0048	278.464896	274.369824	5.460096000000021	0.029074428159791887	275.734848	2.7300480000000107	0.06742388025778279	
16A	2	b	279.147408	283.24248	280.512432	4.095072000000016	-0.023199143055087967	281.194944	2.047536000000008	-0.05959415265143009	
16A	4	a	285.972528	292.797648	288.020064	6.82511999999997	0.027619761672747822	289.385088	3.412559999999985	0.1454312927853243	
16A	4	a	293.48016	305.082864	302.352816	11.60270399999996	0.0351117100166789	298.940256	5.80135199999998	0.36885152726977277	
16A	4	a	305.765376	313.95552	307.1304	8.190143999999975	0.03237568622517095	309.860448	4.095071999999988	0.19921466159841172	
16A	4	a	314.638032	324.875712	318.050592	10.237680000000012	0.03816207900712021	319.415616	5.118840000000006	0.2646103236673887	
16A	4	a	325.558224	330.335808	326.240736	4.77758399999999	0.02192929761900131	327.60576	2.388791999999995	0.07642575582888	
16A	4	a	331.01832	352.858704	346.716096	21.840383999999972	0.04243520639649989	341.938512	10.920191999999986	0.7766151489235948	
16A	4	a	353.541216	376.746624	360.366336	23.205407999999977	0.12040125583429195	365.14392	11.602703999999989	2.004355749284476	
16A	4	a	377.429136	388.349328	378.79416	10.920191999999986	0.028294345195921222	382.889232	5.460095999999993	0.19245204337731636	
16A	4	a	389.03184	397.904496	389.714352	8.872656000000006	0.026017463668321694	393.126912	4.436328000000003	0.18693470230938813	
16A	4	a	399.952032	404.047104	402.68208	4.095072000000016	0.018561160953553868	401.999568	2.047536000000008	0.05056116863976423	
16A	4	a	404.729616	424.522464	410.189712	19.792847999999992	0.11345184579023004	414.284784	9.896423999999996	1.2841842082301937	
16A	4	a	425.204976	452.505456	439.537728	27.300479999999993	0.050719611261792474	438.855216	13.650239999999997	1.0611074339196311	
16A	4	a	453.187968	467.52072	460.013088	14.33275199999997	0.11380809840540085	460.013088	7.166375999999985	1.0734965644098855	
16A	4	a	468.203232	477.7584	475.710864	9.55516799999998	0.039351332790893645	472.980816	4.77758399999999	0.23148924135576765	
16A	4	a	478.440912	490.726128	484.58352	12.285215999999991	0.04269231299213483	484.58352	6.142607999999996	0.2755974270915167	
16A	4	a	491.40864	496.186224	493.456176	4.77758399999999	0.020582656313354653	493.456176	2.388791999999995	0.10139982392763558	
16A	4	a	496.868736	503.693856	498.916272	6.82511999999997	0.027352676969236045	500.281296	3.412559999999985	0.17659615455428712	
16A	4	a	504.376368	522.804192	510.518976	18.42782399999993	0.11124324850265777	513.249024	9.213911999999965	1.2155502441291897	
16A	4	a	523.486704	525.53424	523.486704	2.0475359999999228	0.03190843541350241	524.169216	1.0237679999999614	0.047127818458883364	
16A	4	a	527.581776	541.914528	531.676848	14.332752000000028	0.03303593048136655	534.406896	7.166376000000014	0.4070241073989417	
16A	4	a	544.644576	552.83472	546.0096	8.190143999999918	0.042751529902604	548.739648	4.095071999999959	0.22746457454548052	
16A	4	a	556.929792	579.452688	563.0724	22.522895999999946	0.1433388266443465	567.849984	11.261447999999973	1.5000524691735304	
16A	2	b	580.1352	598.563024	590.37288	18.427823999999987	-0.042627504014086215	589.007856	9.213911999999993	-0.5860727443907221	
17A	4	a	1.365024	4.777584	2.730048	3.41256	0.033162374216078705	2.730048	1.70628	0.10701111132704733	
17A	4	a	5.460096	8.872656	5.460096	3.412559999999999	0.01839320279957235	6.82512	1.7062799999999996	0.04656120168868505	
17A	4	a	9.555168	22.522896	17.745312	12.967728	0.047839121107733584	15.697776	6.483864	0.4957383281525134	
17A	4	a	23.205408	60.743568	47.093328	37.538160000000005	0.04115159944208746	41.633232	18.769080000000002	1.273061306049921	
17A	4	a	61.42608	73.028784	66.886176	11.602704000000003	0.049689688874451354	66.886176	5.801352000000001	0.5605920563171283	
17A	4	a	73.711296	76.441344	73.711296	2.7300479999999965	0.017438237702287918	75.07632	1.3650239999999982	0.014710674930251688	
17A	2	b	77.123856	79.171392	77.806368	2.047535999999994	-0.00921127415921874	77.806368	1.023767999999997	-0.011373939897105334	
17A	2	b	79.853904	83.266464	80.536416	3.412559999999999	-0.012981629702014441	81.218928	1.7062799999999996	-0.03129806341162167	
17A	4	a	83.948976	98.281728	92.13912	14.332752	0.030773110693742334	90.774096	7.166376	0.3187279411231936	
17A	4	a	98.96424	122.85216	113.979504	23.887919999999994	0.0786049903724595	110.566944	11.943959999999997	1.4562245579090494	
17A	4	a	123.534672	126.26472	125.582208	2.7300479999999965	0.020359769767675173	124.899696	1.3650239999999982	0.02934851563487373	
17A	4	a	131.724816	136.5024	133.772352	4.77758399999999	0.01259499005683451	133.772352	2.388791999999995	0.04113194350174576	
17A	4	a	137.184912	167.21544	159.025296	30.030528000000004	0.06631662574322439	152.200176	15.015264000000002	1.3481995040446213	
17A	4	a	169.262976	174.04056	171.993024	4.77758399999999	0.011875725685406735	171.310512	2.388791999999995	0.039248799294008596	
17A	4	a	179.500656	200.658528	197.245968	21.157871999999998	0.03489512025710528	189.738336	10.578935999999999	0.6266091183361101	
17A	4	a	203.388576	230.006544	216.356304	26.61796799999999	0.0513512993217915	216.356304	13.308983999999995	0.9668007146105942	
17A	4	a	230.689056	247.069344	234.784128	16.380288000000007	0.030797433991938794	238.8792	8.190144000000004	0.37221037417559677	
17A	4	a	247.751856	250.481904	248.434368	2.7300479999999823	0.01343862652741179	249.11688	1.3650239999999911	0.022975969487465497	
17A	4	a	251.164416	255.259488	252.52944	4.095072000000016	0.016165875750919545	253.211952	2.047536000000008	0.058858529799231785	
17A	4	a	255.942	257.989536	256.624512	2.0475359999999796	0.02493310494502965	256.624512	1.0237679999999898	0.036525914101263934	
17A	4	a	258.672048	285.290016	274.369824	26.617967999999962	0.03945908297149714	271.639776	13.308983999999981	0.7915234404552987	
17A	4	a	285.972528	292.797648	288.020064	6.82511999999997	0.04680001316951876	289.385088	3.412559999999985	0.20616659726572972	
17A	4	a	293.48016	299.622768	297.575232	6.142607999999996	0.019019307176206812	296.210208	3.071303999999998	0.09729732198686025	
17A	4	a	300.30528	304.400352	301.670304	4.095072000000016	0.01822019013008669	302.352816	2.047536000000008	0.05953171585922756	
17A	4	a	305.082864	320.78064	307.812912	15.697776000000033	0.04485311409414128	312.590496	7.8488880000000165	0.5146694667981961	
17A	4	a	321.463152	337.160928	326.240736	15.697776000000033	0.02620224653637515	328.970784	7.8488880000000165	0.3265305149609745	
17A	4	a	337.84344	342.621024	340.573488	4.77758399999999	0.016362051061569627	339.890976	2.388791999999995	0.06422672068863	
17A	4	a	343.303536	349.446144	346.716096	6.142607999999996	0.03988416569727771	346.033584	3.071303999999998	0.10665718411629721	
17A	4	a	350.128656	353.541216	352.176192	3.412560000000042	0.032697940085003596	351.49368	1.706280000000021	0.0530836838016262	
17A	4	a	356.271264	376.746624	366.508944	20.475360000000023	0.06384818625255417	366.508944	10.237680000000012	0.9416018823323382	
17A	4	a	377.429136	386.984304	384.936768	9.55516799999998	0.029166493797097903	382.20672	4.77758399999999	0.2297736169959318	
17A	4	a	387.666816	397.221984	390.396864	9.555168000000037	0.033189349987144734	392.4444	4.777584000000019	0.27210035538382005	
17A	4	a	399.952032	404.729616	402.68208	4.777584000000047	0.019707932224978464	401.999568	2.3887920000000236	0.07349258845790363	
17A	4	a	405.412128	423.839952	415.649808	18.427823999999987	0.07020449928922923	414.284784	9.213911999999993	0.8906010754650494	
17A	4	a	424.522464	431.347584	425.887488	6.82511999999997	0.039472885321931495	427.935024	3.412559999999985	0.19239406658113445	
17A	4	a	432.030096	453.187968	439.537728	21.157871999999998	0.03164824756609641	442.267776	10.578935999999999	0.5159811840951731	
17A	4	a	455.235504	457.965552	456.600528	2.7300480000000107	0.021771242933899426	456.600528	1.3650240000000053	0.03426282073081588	
17A	4	a	458.648064	471.615792	465.473184	12.967728000000022	0.04507255977531677	464.790672	6.483864000000011	0.45254843935128497	
17A	4	a	472.298304	477.075888	475.710864	4.777584000000047	0.027389361547210056	474.34584	2.3887920000000236	0.09399101028453016	
17A	4	a	477.7584	491.40864	487.313568	13.650239999999997	0.030009183971472675	484.58352	6.825119999999998	0.2908789142230611	
17A	4	a	492.091152	497.551248	493.456176	5.4600959999999645	0.01782151782948005	494.8212	2.7300479999999823	0.06928686411216534	
17A	4	a	500.281296	505.741392	504.376368	5.460096000000021	0.013608251999184251	503.011344	2.7300480000000107	0.06389555634519406	
17A	4	a	506.423904	508.47144	506.423904	2.0475359999999796	0.02003600544427342	507.106416	1.0237679999999898	0.025886765266783573	
17A	4	a	509.153952	525.53424	512.566512	16.38028799999995	0.05598170950441195	517.344096	8.190143999999975	0.7251667219498764	
17A	4	a	526.216752	530.311824	526.899264	4.095071999999959	0.015166295680864472	528.264288	2.0475359999999796	0.04285511346377269	
17A	4	a	532.35936	537.136944	535.089408	4.777583999999933	0.014143172338547005	534.406896	2.3887919999999667	0.041013768575466236	
17A	4	a	537.819456	540.549504	538.501968	2.7300480000000107	0.005565542376520405	539.18448	1.3650240000000053	0.013318521073743761	
17A	4	a	541.232016	543.962064	541.914528	2.7300480000000107	0.011322981281413735	542.59704	1.3650240000000053	0.021001923639854647	
17A	4	a	548.057136	552.152208	548.739648	4.095071999999959	0.014679498501031452	550.104672	2.0475359999999796	0.03674861679552999	
17A	4	a	558.977328	571.945056	565.802448	12.967727999999966	0.05728967758237191	565.119936	6.483863999999983	0.6137987084354125	
17A	4	a	572.627568	577.405152	574.675104	4.777584000000047	0.020454781523894905	574.675104	2.3887920000000236	0.07249185011479731	
17A	4	a	578.087664	580.817712	579.452688	2.7300480000000107	0.022802402990816928	579.452688	1.3650240000000053	0.04978993877383753	
17A	4	a	582.865248	587.642832	583.54776	4.777584000000047	0.02299025982751557	584.912784	2.3887920000000236	0.06414492781735592	
17A	4	a	590.37288	592.420416	591.055392	2.0475360000000364	0.018935365964705797	591.055392	1.0237680000000182	0.030880883205455012	
17A	4	a	593.102928	599.928048	594.467952	6.82511999999997	0.02144522441878638	596.515488	3.412559999999985	0.11177637161720322	
18A	4	a	1.365024	19.110336	5.460096	17.745312	0.035997648237367175	10.23768	8.872656	0.4082334962030546	
18A	4	a	23.205408	26.617968	23.88792	3.4125600000000027	0.011964213415787128	24.570432	1.7062800000000014	0.02913178641188663	
18A	4	a	27.30048	30.030528	28.665504	2.730048	0.009261510793646677	28.665504	1.365024	0.01782353728748154	
18A	4	a	30.71304	34.1256	30.71304	3.412559999999999	0.013837008781575788	32.078064	1.7062799999999996	0.035762672461916	
18A	4	a	36.173136	70.981248	66.203664	34.808111999999994	0.04995297836699408	53.235936	17.404055999999997	0.9056839486830447	
18A	4	a	71.66376	77.123856	74.393808	5.460096000000007	0.03807148351450107	74.393808	2.7300480000000036	0.15735034833482364	
18A	4	a	81.218928	88.72656	82.583952	7.507632000000001	0.03861059816358137	84.631488	3.7538160000000005	0.25345920725601356	
18A	4	a	89.409072	96.916704	92.13912	7.507632000000001	0.024352304626289234	92.821632	3.7538160000000005	0.1462805278396645	
18A	4	a	97.599216	101.694288	101.011776	4.095072000000002	0.01123774219489393	99.646752	2.047536000000001	0.019924238133760763	
18A	4	a	102.3768	106.471872	103.741824	4.095072000000002	0.024423421281905222	104.424336	2.047536000000001	0.046232865912787746	
18A	4	a	107.154384	121.487136	113.979504	14.332752000000013	0.059603207477968434	113.979504	7.166376000000007	0.46878469788848687	
18A	4	a	124.217184	135.137376	125.582208	10.920191999999986	0.022933934966432146	129.67728	5.460095999999993	0.2043824787513151	
18A	4	a	135.819888	137.867424	135.819888	2.047536000000008	0.013712810964133348	136.5024	1.023768000000004	0.023214925911568818	
18A	4	a	138.549936	168.580464	159.025296	30.030528000000004	0.049282144956494855	153.5652	15.015264000000002	0.8480913297776476	
18A	4	a	169.262976	200.658528	178.818144	31.39555199999998	0.03755946580077918	184.960752	15.69777599999999	0.8794318798240061	
18A	4	a	204.7536	207.483648	206.801136	2.7300479999999823	0.020974994401171454	206.118624	1.3650239999999911	0.023299012469908287	
18A	4	a	208.16616	211.57872	210.213696	3.4125600000000134	0.017533772611205034	209.531184	1.7062800000000067	0.04439142258069517	
18A	4	a	212.261232	220.451376	215.673792	8.190144000000004	0.024865372900083393	216.356304	4.095072000000002	0.22252163493011345	
18A	4	a	221.133888	230.689056	224.546448	9.55516799999998	0.026877852256674384	225.911472	4.77758399999999	0.1797209790935944	
18A	4	a	231.371568	236.149152	232.05408	4.77758399999999	0.014784852013045358	233.419104	2.388791999999995	0.03934557113726134	
18A	4	a	236.831664	238.8792	238.196688	2.047536000000008	0.014652577060962457	237.514176	1.023768000000004	0.021956394902376886	
18A	4	a	241.609248	245.70432	242.974272	4.095071999999988	0.017025936553820786	243.656784	2.047535999999994	0.04708973208402667	
18A	4	a	246.386832	248.434368	246.386832	2.047536000000008	0.010272922200164514	247.069344	1.023768000000004	0.010183619317439163	
18A	4	a	249.11688	273.0048	270.274752	23.88791999999998	0.02481016764368138	260.719584	11.94395999999999	0.4703694710455494	
18A	4	a	273.687312	280.512432	277.099872	6.82511999999997	0.02082922797986586	277.099872	3.412559999999985	0.13442760991698377	
18A	4	a	281.194944	305.082864	298.940256	23.88791999999995	0.030223743696214722	292.797648	11.943959999999976	0.6446905200852909	
18A	4	a	305.765376	323.510688	317.36808	17.745312000000013	0.03101063148195804	314.638032	8.872656000000006	0.35889435472998943	
18A	4	a	324.1932	326.923248	325.558224	2.7300480000000107	0.016460880017717505	325.558224	1.3650240000000053	0.038431051069654165	
18A	4	a	327.60576	331.01832	328.288272	3.412560000000042	0.010311520419570508	328.970784	1.706280000000021	0.023320225420429663	
18A	4	a	331.700832	337.160928	333.748368	5.460096000000021	0.015228010199890951	334.43088	2.7300480000000107	0.06788502746057923	
18A	4	a	337.84344	342.621024	340.573488	4.77758399999999	0.016955155792838683	339.890976	2.388791999999995	0.05222231240130348	
18A	4	a	343.303536	349.446144	347.398608	6.142607999999996	0.016219166743226765	346.033584	3.071303999999998	0.0769316969304531	
18A	4	a	350.128656	355.588752	352.176192	5.460096000000021	0.01982660741993003	352.858704	2.7300480000000107	0.0637427611139485	
18A	4	a	356.271264	362.413872	361.73136	6.1426080000000525	0.01803885405502248	359.001312	3.0713040000000262	0.0775175824784452	
18A	4	a	363.096384	380.159184	375.3816	17.06279999999998	0.027714413697714324	371.286528	8.53139999999999	0.33931956230325067	
18A	4	a	380.841696	388.349328	385.61928	7.507632000000001	0.02101156985594166	384.254256	3.7538160000000005	0.10828448627431964	
18A	4	a	389.03184	401.999568	393.809424	12.967728000000022	0.01728618471087584	395.174448	6.483864000000011	0.18021062488728068	
18A	4	a	402.68208	404.729616	402.68208	2.0475360000000364	0.01417182482937096	403.364592	1.0237680000000182	0.021170461393292594	
18A	4	a	405.412128	408.142176	407.459664	2.7300480000000107	0.010241295270989825	406.777152	1.3650240000000053	0.014802862519996407	
18A	4	a	410.189712	424.522464	415.649808	14.332752000000028	0.03196263279222622	417.014832	7.166376000000014	0.33012295743473596	
18A	4	a	425.204976	427.252512	425.887488	2.0475360000000364	0.021797135578017324	425.887488	1.0237680000000182	0.03205417906794761	
18A	4	a	427.935024	429.98256	429.300048	2.0475359999999796	0.005463004617870082	428.617536	1.0237679999999898	0.005333116115505687	
18A	4	a	430.665072	453.187968	441.585264	22.522896000000003	0.026254687370426355	441.585264	11.261448000000001	0.35632971563770977	
18A	4	a	453.87048	478.440912	468.203232	24.57043200000004	0.037812575783796154	466.155696	12.28521600000002	0.5721352579819221	
18A	4	a	479.123424	487.99608	484.58352	8.872656000000006	0.016679307238355978	483.218496	4.436328000000003	0.11473588261707579	
18A	4	a	490.043616	494.8212	493.456176	4.77758399999999	0.012151018909512867	492.091152	2.388791999999995	0.04460989729440201	
18A	4	a	495.503712	500.281296	496.868736	4.77758399999999	0.011150988771602366	497.551248	2.388791999999995	0.04229999804182205	
18A	4	a	503.011344	505.741392	504.376368	2.7300480000000107	0.018086160450459854	504.376368	1.3650240000000053	0.030468589733434914	
18A	4	a	506.423904	509.153952	507.788928	2.7300480000000107	0.012847816752447505	507.788928	1.3650240000000053	0.030048954805932726	
18A	4	a	509.836464	528.264288	520.074144	18.427823999999987	0.03828544757592378	518.70912	9.213911999999993	0.6605669602301123	
18A	4	a	528.9468	534.406896	532.35936	5.460095999999908	0.01623870946726802	531.676848	2.730047999999954	0.04359860159724316	
18A	4	a	535.089408	538.501968	537.136944	3.412559999999985	0.016474060190103668	536.454432	1.7062799999999925	0.04137532739653471	
18A	4	a	539.18448	552.152208	546.0096	12.967727999999966	0.02953495463274325	545.327088	6.483863999999983	0.24600479820672416	
18A	4	a	552.83472	555.564768	552.83472	2.7300480000000107	0.009471393620522406	554.199744	1.3650240000000053	0.021332745584054735	
18A	4	a	558.977328	577.405152	567.167472	18.427823999999987	0.028676411178542915	567.849984	9.213911999999993	0.3748994680650808	
18A	4	a	578.087664	580.1352	579.452688	2.0475360000000364	0.0181797014999574	578.770176	1.0237680000000182	0.013695216310272817	
18A	4	a	580.817712	583.54776	581.500224	2.7300480000000107	0.01460303094218185	582.182736	1.3650240000000053	0.0245382594607656	
18A	4	a	584.230272	588.325344	586.96032	4.095071999999959	0.015030025149770365	586.277808	2.0475359999999796	0.057499752453208375	
18A	4	a	589.007856	592.420416	591.737904	3.4125600000000986	0.02901702694748698	590.37288	1.7062800000000493	0.06667577042430506	
18A	4	a	593.102928	598.563024	593.78544	5.460096000000021	0.018842151582898703	595.832976	2.7300480000000107	0.07068257026850622	
19A	4	a	1.365024	10.920192	6.82512	9.555168	0.046912867816799375	6.142608	4.777584	0.38031673300457636	
19A	4	a	12.967728	25.935456	21.157872	12.967728	0.04667279438279737	19.110336	6.483864	0.5185141484842293	
19A	4	a	26.617968	32.078064	28.665504	5.4600959999999965	0.03376884596555452	29.348016	2.7300479999999983	0.135961579852114	
19A	4	a	32.760576	34.808112	34.1256	2.047536000000001	0.016429808873452467	33.443088	1.0237680000000005	0.026514658367592814	
19A	4	a	35.490624	61.42608	54.60096	25.935456000000002	0.045676085907680575	48.458352	12.967728000000001	0.9101343425279332	
19A	4	a	62.108592	66.886176	64.156128	4.7775840000000045	0.03649404795107247	64.156128	2.3887920000000022	0.12729020753123543	
19A	4	a	68.933712	73.028784	70.981248	4.095072000000002	0.028018127165257756	70.981248	2.047536000000001	0.0794401256256797	
19A	4	a	77.123856	84.631488	81.218928	7.507632000000001	0.04396362547754662	80.536416	3.7538160000000005	0.22546993909559976	
19A	4	a	85.314	93.504144	92.13912	8.190144000000004	0.038366172873653515	89.409072	4.095072000000002	0.25647253953378724	
19A	4	a	95.55168	105.106848	101.011776	9.555167999999995	0.03955921610785018	100.329264	4.777583999999997	0.17992864224214156	
19A	4	a	105.78936	109.884432	107.154384	4.095072000000002	0.022927453710316792	107.836896	2.047536000000001	0.06561091265297381	
19A	4	a	110.566944	121.487136	116.709552	10.920192	0.04250591591516728	116.02704	5.460096	0.38509171308457235	
19A	4	a	122.169648	135.137376	127.629744	12.967727999999994	0.03929133065800294	128.312256	6.483863999999997	0.5168664913490941	
19A	4	a	135.819888	143.32752	141.279984	7.507632000000001	0.032339230713531286	139.232448	3.7538160000000005	0.17292696748096392	
19A	4	a	144.010032	165.167904	162.437856	21.157871999999998	0.04062630682861257	154.247712	10.578935999999999	0.604983315485768	
19A	4	a	165.850416	192.468384	173.358048	26.61796799999999	0.06175889004281321	178.818144	13.308983999999995	1.2537668013906105	
19A	4	a	193.150896	199.976016	196.563456	6.825119999999998	0.020845843087314186	196.563456	3.412559999999999	0.11604780487523514	
19A	4	a	200.658528	204.071088	201.34104	3.4125600000000134	0.04494845580089546	202.023552	1.7062800000000067	0.07283380479733348	
19A	4	a	204.7536	211.57872	208.848672	6.825119999999998	0.03984341142236203	208.16616	3.412559999999999	0.20949529747098328	
19A	4	a	212.261232	217.038816	216.356304	4.77758399999999	0.023549306200921993	214.308768	2.388791999999995	0.0656735430626807	
19A	4	a	219.086352	223.863936	221.8164	4.77758399999999	0.017769379373381078	221.133888	2.388791999999995	0.06578464865159328	
19A	4	a	224.546448	230.006544	227.959008	5.460095999999993	0.031134907244611876	227.276496	2.7300479999999965	0.09114071286798486	
19A	4	a	230.689056	236.149152	232.05408	5.460095999999993	0.029849937055233866	233.419104	2.7300479999999965	0.1277529018680177	
19A	4	a	236.831664	241.609248	237.514176	4.777584000000019	0.01747635589403651	238.8792	2.3887920000000094	0.04820097930722378	
19A	4	a	242.29176	245.70432	242.974272	3.412559999999985	0.01810699022001616	243.656784	1.7062799999999925	0.029081502781720392	
19A	4	a	246.386832	268.909728	261.402096	22.522895999999974	0.030915066194466156	257.307024	11.261447999999987	0.494572579405124	
19A	4	a	269.59224	273.0048	271.639776	3.412559999999985	0.031688081140644364	270.957264	1.7062799999999925	0.08572900673102868	
19A	4	a	273.687312	281.194944	273.687312	7.507632000000001	0.030725506403737946	277.099872	3.7538160000000005	0.10850056928982554	
19A	4	a	283.24248	292.797648	288.020064	9.55516799999998	0.04327895696992523	288.020064	4.77758399999999	0.3354651052014215	
19A	4	a	293.48016	299.622768	297.575232	6.142607999999996	0.022944726999742038	296.210208	3.071303999999998	0.13478521864153015	
19A	4	a	300.30528	309.177936	306.447888	8.872656000000006	0.03890983129962877	304.400352	4.436328000000003	0.23556701335428842	
19A	4	a	309.860448	316.003056	313.273008	6.142607999999996	0.04076378230997424	312.590496	3.071303999999998	0.19092877239987582	
19A	4	a	316.685568	318.733104	316.685568	2.0475360000000364	0.004020357790177176	317.36808	1.0237680000000182	0.005170991394424562	
19A	4	a	319.415616	356.953776	346.716096	37.538160000000005	0.04450932691759335	337.84344	18.769080000000002	1.1523429530485032	
19A	4	a	357.636288	385.61928	361.73136	27.982992000000024	0.05307557776340466	371.286528	13.991496000000012	1.017964217784244	
19A	4	a	386.301792	428.617536	401.999568	42.315743999999995	0.03946494247740384	407.459664	21.157871999999998	1.0642828683660706	
19A	4	a	432.030096	447.04536	441.585264	15.015264000000002	0.02858319390931774	439.537728	7.507632000000001	0.346025540905205	
19A	4	a	451.822944	458.648064	453.87048	6.82511999999997	0.02345959543127507	455.235504	3.412559999999985	0.0947717019935419	
19A	4	a	459.330576	464.10816	460.6956	4.77758399999999	0.010787212674974178	461.378112	2.388791999999995	0.04477407121513366	
19A	4	a	464.790672	471.615792	468.885744	6.825120000000027	0.024739697067406974	468.203232	3.4125600000000134	0.11697067427530794	
19A	4	a	472.298304	477.075888	475.028352	4.777584000000047	0.025189205625891775	474.34584	2.3887920000000236	0.1112861044539567	
19A	4	a	477.7584	481.853472	479.123424	4.095072000000016	0.016995801149600975	479.805936	2.047536000000008	0.04474807597466046	
19A	4	a	482.535984	485.266032	483.901008	2.7300480000000107	0.02206024623041758	483.901008	1.3650240000000053	0.04292075286670893	
19A	4	a	485.948544	490.726128	487.313568	4.77758399999999	0.026667795791324167	487.99608	2.388791999999995	0.07161966421431565	
19A	4	a	491.40864	497.551248	494.8212	6.142607999999996	0.030308272125458613	494.138688	3.071303999999998	0.14743103176869343	
19A	4	a	498.23376	518.026608	511.201488	19.792847999999992	0.0461319725395426	507.788928	9.896423999999996	0.753547598357382	
19A	4	a	518.70912	538.501968	530.311824	19.79284800000005	0.04663014221044803	528.264288	9.896424000000025	0.7691218567209966	
19A	4	a	539.18448	544.644576	540.549504	5.460096000000021	0.0530748670858423	541.914528	2.7300480000000107	0.2539566596537186	
19A	4	a	545.327088	550.787184	548.739648	5.460096000000021	0.05089062208003026	548.057136	2.7300480000000107	0.1751671642972613	
19A	4	a	551.469696	573.31008	555.564768	21.840383999999972	0.062353671903152996	562.389888	10.920191999999986	0.9436124492533648	
19A	4	a	573.992592	599.928048	591.737904	25.935456000000045	0.05333925779349147	586.96032	12.967728000000022	1.1589806117168349	
