										AB_Unfed#1_Anterograde_evts_formatted.txt
ROI	Quadrant	Direction	Start time (s)	End time (s)	Peak time (s)	Duration (s)	Amplitude	Midpoint (s)	Half Duration(s)	AUC
8A	4	a	0.0	15.674592	6.133536	15.674592	1.27813652514069	7.496544	7.837296	19.32135558108779	
8A	4	a	16.356096	37.48272	23.171136	21.126624	3.68219390576889	26.578656	10.563312	56.05687528405087	
8A	2	b	38.164224	46.342272	43.616256	8.178048000000004	-0.3223658814064567	42.253248	4.089024000000002	-2.383415119043544	
8A	4	a	47.023776	53.838816	47.023776	6.815040000000003	0.19481463957132572	50.431296	3.4075200000000017	0.825662264282927	
8A	4	a	54.52032	77.691456	66.787392	23.171136000000004	1.0303107720562492	66.105888	11.585568000000002	14.144430269067549	
8A	4	a	78.37296	81.78048	79.735968	3.407519999999991	0.0517088981363214	79.735968	1.7037599999999955	0.16223699927824242	
8A	4	a	82.461984	96.773568	91.321536	14.311583999999996	0.3875941437810204	89.277024	7.155791999999998	3.8135977869949915	
8A	4	a	101.544096	103.588608	101.544096	2.0445119999999974	0.03164845494663204	102.2256	1.0222559999999987	0.04031070303340467	
8A	4	a	105.63312	158.108928	132.211776	52.47580799999999	1.0260442778640186	131.530272	26.237903999999993	48.76622259860264	
8A	4	a	160.15344	171.057504	169.012992	10.904064000000005	0.3885591833264268	165.605472	5.452032000000003	2.7008517514578574	
8A	2	b	171.739008	175.146528	173.78352	3.407519999999977	-0.12239605133080822	173.102016	1.7037599999999884	-0.2585271771328266	
8A	4	a	175.828032	202.406688	188.776608	26.578655999999995	3.305664442412972	188.776608	13.289327999999998	68.98635825712122	
8A	2	b	203.088192	231.71136	222.851808	28.62316800000002	-1.7401157798178692	217.399776	14.31158400000001	-44.91576539211433	
8A	4	a	232.392864	252.837984	240.570912	20.445120000000003	2.836032135828904	242.615424	10.222560000000001	55.51835008552201	
8A	2	b	253.519488	278.735136	261.697536	25.215648000000016	-1.7798693832696681	265.78656	12.607824000000008	-38.87289960078115	
8A	4	a	280.779648	318.943872	298.498752	38.16422399999999	7.486260147785904	299.86176	19.082111999999995	186.03499105034373	
8A	4	a	319.625376	323.032896	319.625376	3.407519999999977	0.2563377455220266	320.988384	1.7037599999999884	0.7997270216094412	
8A	2	b	323.7144	335.981472	327.12192	12.267071999999985	-1.1539303183110734	329.847936	6.133535999999992	-14.186587172555631	
8A	4	a	336.662976	347.56704	340.752	10.904064000000005	0.4112269767861747	342.115008	5.452032000000003	3.9554048489485525	
8A	4	a	349.611552	393.909312	359.834112	44.29775999999998	3.967938151895199	371.41968	22.14887999999999	158.31665597581502	
8A	4	a	394.590816	417.761952	412.30992	23.17113599999999	3.1850655891695787	406.176384	11.585567999999995	50.099150469430455	
8A	4	a	418.443456	465.467232	432.75504	47.023776	3.007836416670999	441.614592	23.511888	101.8288751667957	
8A	4	a	470.919264	489.319872	475.008288	18.400607999999977	3.0075663855460313	479.778816	9.200303999999988	46.38875945235378	
8A	2	b	491.364384	498.860928	495.453408	7.4965440000000285	-1.19541054358214	494.771904	3.7482720000000143	-7.865322590172682	
8A	4	a	499.542432	519.306048	513.172512	19.763616000000013	2.1684121822472857	509.083488	9.881808000000007	36.31214974114482	
8A	4	a	519.987552	577.915392	553.381248	57.92783999999995	7.079923718988811	548.61072	28.963919999999973	342.6567856771775	
8A	2	b	578.596896	599.72352	591.545472	21.126623999999993	-5.070112260523426	588.819456	10.563311999999996	-87.10602639934811	
9A	2	b	0.0	2.044512	0.0	2.044512	-0.0770778083624113	0.681504	1.022256	-0.1243140354595289	
9A	4	a	2.726016	5.452032	2.726016	2.726016	0.07952499721887385	4.089024	1.363008	0.10375141710657809	
9A	4	a	6.133536	18.400608	10.904064	12.267071999999999	0.3241496541934814	12.267072	6.133535999999999	2.7843687476272576	
9A	4	a	19.082112	42.934752	23.85264	23.852640000000005	2.9651856222761945	30.66768	11.926320000000002	44.81399772258083	
9A	2	b	43.616256	66.105888	53.838816	22.489631999999993	-0.27240954448554255	54.52032	11.244815999999997	-5.067863402549211	
9A	4	a	66.787392	69.513408	67.468896	2.7260160000000013	0.09517297242088496	68.1504	1.3630080000000007	0.22625847293627666	
9A	4	a	70.194912	75.646944	72.239424	5.452032000000003	0.09676036363567775	72.920928	2.7260160000000013	0.45609865085796675	
9A	4	a	77.691456	81.098976	79.735968	3.407519999999991	0.0435628794470313	79.054464	1.7037599999999955	0.1257478909326879	
9A	4	a	81.78048	85.869504	83.143488	4.089024000000009	0.0706595006641586	83.824992	2.0445120000000045	0.23853874338569714	
9A	4	a	86.551008	98.136576	91.321536	11.58556800000001	0.14965185899399946	92.00304	5.792784000000005	1.228374201348061	
9A	4	a	98.81808	106.314624	101.544096	7.496544	0.26697270240289717	102.2256	3.748272	1.7837393330220987	
9A	2	b	108.359136	110.403648	108.359136	2.0445119999999974	-0.036822125578737985	109.04064	1.0222559999999987	-0.04713459679446852	
9A	4	a	111.085152	115.85568	113.811168	4.770528000000013	0.06710195806094976	113.129664	2.3852640000000065	0.2048174582175799	
9A	4	a	126.07824	158.790432	141.071328	32.712192000000016	0.2654233587692074	142.434336	16.356096000000008	7.274834456959033	
9A	4	a	159.471936	171.057504	169.012992	11.585567999999995	0.10166209957433603	164.923968	5.7927839999999975	0.9359556517002146	
9A	4	a	171.739008	173.78352	172.420512	2.0445119999999974	0.031401231367353954	172.420512	1.0222559999999987	0.04933010687863648	
9A	2	b	174.465024	177.19104	175.828032	2.726015999999987	-0.007812805418502045	175.828032	1.3630079999999936	-0.016713883648918904	
9A	4	a	180.59856	209.221728	199.680672	28.62316800000002	0.18230683979839624	194.910144	14.31158400000001	3.1819899717514613	
9A	4	a	209.903232	213.992256	212.629248	4.089023999999995	0.07937960101043817	211.947744	2.0445119999999974	0.19352931166954757	
9A	4	a	214.67376	218.08128	216.718272	3.407520000000005	0.06566081097864318	216.036768	1.7037600000000026	0.17377578594347343	
9A	4	a	218.762784	230.348352	224.89632	11.585567999999995	0.23104423445250832	224.214816	5.7927839999999975	2.3842039670727546	
9A	4	a	231.029856	248.74896	240.570912	17.719104000000016	0.14245009526392538	239.889408	8.859552000000008	2.1966704998645707	
9A	4	a	249.430464	273.964608	263.742048	24.534143999999998	0.21763242922044057	261.697536	12.267071999999999	3.81912570326418	
9A	4	a	274.646112	277.372128	276.00912	2.7260159999999587	0.05439855734810095	276.00912	1.3630079999999793	0.08918994793581025	
9A	4	a	278.053632	289.6392	283.505664	11.585568000000023	0.11117204088152022	283.505664	5.792784000000012	1.0280459497111367	
9A	4	a	290.320704	295.091232	293.04672	4.770528000000013	0.07087467599188679	292.365216	2.3852640000000065	0.322479529377117	
9A	2	b	295.772736	299.86176	297.135744	4.089023999999995	-0.026094895913290728	297.817248	2.0445119999999974	-0.06636063290464067	
9A	4	a	300.543264	303.26928	302.587776	2.7260159999999587	0.08995684492468214	301.906272	1.3630079999999793	0.13629763495920888	
9A	4	a	303.950784	307.358304	305.995296	3.407519999999977	0.08319111294845616	305.313792	1.7037599999999884	0.16915626278765528	
9A	4	a	308.039808	312.128832	311.447328	4.089023999999995	0.055257491663325276	310.08432	2.0445119999999974	0.11078413917139907	
9A	4	a	312.810336	353.700576	340.752	40.890240000000006	1.5263345604226313	333.255456	20.445120000000003	26.75966461080878	
9A	4	a	354.38208	372.101184	361.878624	17.719104000000016	0.5743892965975226	363.241632	8.859552000000008	8.763493566922477	
9A	2	b	372.782688	411.628416	404.813376	38.84572800000001	-2.272037870682092	391.8648	19.422864000000004	-74.5704277039271	
9A	4	a	412.30992	423.895488	415.035936	11.585568000000023	1.4111408986607046	417.761952	5.792784000000012	14.367669464625614	
9A	4	a	424.576992	438.888576	429.34752	14.311583999999982	1.3829658499956397	431.392032	7.155791999999991	14.466439743565854	
9A	2	b	439.57008	443.659104	440.933088	4.089023999999995	-0.22493377439379536	441.614592	2.0445119999999974	-0.7286007310935254	
9A	4	a	444.340608	455.926176	447.066624	11.585568000000023	0.4898727683789943	449.79264	5.792784000000012	4.958142374220928	
9A	4	a	456.60768	489.319872	475.008288	32.71219199999996	2.7885735157968075	472.963776	16.35609599999998	75.92118858399428	
9A	2	b	490.001376	528.847104	507.038976	38.84572799999995	-1.0530936508381359	509.083488	19.422863999999976	-41.626852358256954	
9A	4	a	529.528608	542.477184	534.299136	12.948576000000003	0.9648598830584039	535.662144	6.474288000000001	11.062876682048032	
9A	4	a	543.158688	549.292224	545.2032	6.133536000000049	0.2349009666093025	545.884704	3.0667680000000246	1.080460437566173	
9A	4	a	549.973728	552.01824	551.336736	2.0445119999999406	0.06607983222364844	550.655232	1.0222559999999703	0.10886218031888095	
9A	4	a	552.699744	557.470272	553.381248	4.770528000000013	0.28906805454859175	554.744256	2.3852640000000065	0.984429706152306	
9A	2	b	558.151776	565.64832	564.285312	7.496543999999972	-0.2844230904536129	561.559296	3.748271999999986	-1.5067670352145957	
9A	4	a	566.329824	580.641408	571.781856	14.311583999999925	1.2921351127211764	573.144864	7.155791999999963	15.482691991214091	
9A	4	a	582.68592	599.72352	590.863968	17.037599999999998	2.346779520211788	590.863968	8.518799999999999	34.095448927057674	
10A	2	b	0.0	6.81504	0.0	6.81504	-0.20524401187646424	3.40752	3.40752	-0.8299998609385104	
10A	4	a	7.496544	18.400608	14.311584	10.904063999999998	0.4470222476069283	12.948576	5.452031999999999	3.8368074102282503	
10A	4	a	19.082112	49.749792	41.571744	30.66768	4.019297220588727	34.0752	15.33384	100.98851772518931	
10A	2	b	52.475808	55.883328	53.838816	3.407519999999998	-0.20158099737060908	53.838816	1.703759999999999	-0.625433955377934	
10A	2	b	59.972352	62.698368	60.653856	2.7260160000000013	-0.08048865032221064	61.33536	1.3630080000000007	-0.17067005973618565	
10A	4	a	63.379872	108.359136	79.054464	44.97926400000001	0.4970434338835057	85.869504	22.489632000000004	20.09225098750607	
10A	4	a	109.04064	124.715232	119.2632	15.674592000000004	0.17233438267414325	116.537184	7.837296000000002	1.8420948496938887	
10A	4	a	125.396736	128.122752	126.759744	2.726015999999987	0.13535042334449665	126.759744	1.3630079999999936	0.33760860647037005	
10A	4	a	130.167264	136.982304	132.211776	6.81504000000001	0.23430752056067572	133.574784	3.407520000000005	1.182829732685482	
10A	4	a	137.663808	161.516448	153.3384	23.852640000000008	0.37776938741194277	149.249376	11.926320000000004	6.382650000802129	
10A	4	a	162.197952	170.376	165.605472	8.178048000000018	0.1097084511823132	166.286976	4.089024000000009	0.8218668049651208	
10A	4	a	171.057504	175.828032	172.420512	4.770528000000013	0.14695945641846153	173.102016	2.3852640000000065	0.43655229987377675	
10A	4	a	176.509536	191.502624	181.961568	14.993088	0.5208209440542872	184.00608	7.496544	4.994555984666146	
10A	4	a	192.184128	218.762784	203.088192	26.578656000000024	0.3974755941215533	205.132704	13.289328000000012	8.529280825702124	
10A	4	a	219.444288	224.89632	221.4888	5.452032000000003	0.2121062895422101	222.170304	2.7260160000000013	0.7698493245597071	
10A	2	b	225.577824	232.392864	230.348352	6.81504000000001	-0.22058855801064237	228.985344	3.407520000000005	-1.2912145226943157	
10A	4	a	233.074368	238.5264	233.755872	5.452032000000003	0.11636388863603075	235.800384	2.7260160000000013	0.5577879935978023	
10A	4	a	239.207904	241.93392	239.889408	2.726015999999987	0.11729680286129085	240.570912	1.3630079999999936	0.20321699190229636	
10A	4	a	242.615424	249.430464	246.704448	6.81504000000001	0.2940882332205379	246.022944	3.407520000000005	1.731755650084467	
10A	4	a	250.111968	273.283104	260.334528	23.17113599999999	0.3159669824658624	261.697536	11.585567999999995	5.755880521307498	
10A	4	a	273.964608	288.957696	279.41664	14.993088	0.20403244966636347	281.461152	7.496544	2.092107408633278	
10A	4	a	289.6392	307.358304	292.365216	17.71910399999996	0.28451063863354564	298.498752	8.85955199999998	4.633107139942551	
10A	4	a	316.217856	352.337568	344.15952	36.11971199999999	1.8050573871561415	333.93696	18.059855999999996	31.757750800860908	
10A	4	a	353.019072	358.471104	355.745088	5.452032000000031	0.27120627472125136	355.745088	2.7260160000000155	1.1914893074791824	
10A	2	b	359.152608	378.916224	370.056672	19.763616000000013	-0.48492341562804686	368.693664	9.881808000000007	-8.325801552702362	
10A	4	a	381.64224	393.909312	386.412768	12.267071999999985	0.17640749362032437	387.775776	6.133535999999992	1.5691755127239067	
10A	4	a	394.590816	410.265408	399.361344	15.674591999999961	0.30290214378583613	402.08736	7.837295999999981	3.1678354516940948	
10A	4	a	410.946912	417.080448	413.672928	6.133535999999992	0.1395152447489445	413.672928	3.066767999999996	0.4113968786801294	
10A	4	a	417.761952	427.984512	420.487968	10.222559999999987	0.13958828301548953	422.53248	5.111279999999994	0.9783409029168058	
10A	4	a	428.666016	444.340608	437.525568	15.674591999999961	0.2835610297847495	436.16256	7.837295999999981	3.5876379487624552	
10A	4	a	445.022112	448.429632	445.022112	3.4075200000000336	0.11954208158382551	446.38512	1.7037600000000168	0.2830626911004641	
10A	4	a	449.111136	472.963776	460.696704	23.852640000000008	0.6773050814699864	460.696704	11.926320000000004	13.245047975724948	
10A	2	b	475.689792	485.230848	479.778816	9.54105599999997	-0.23674200725094874	480.46032	4.770527999999985	-1.4536856991449438	
10A	4	a	485.912352	509.764992	491.364384	23.852640000000008	0.1926257283741486	497.49792	11.926320000000004	2.8509168566052296	
10A	4	a	510.446496	537.025152	520.669056	26.578656000000024	0.5631323773810801	523.395072	13.289328000000012	12.134218681241393	
10A	2	b	539.751168	543.158688	541.114176	3.407519999999977	-0.10070732438854568	541.114176	1.7037599999999884	-0.3361311209082878	
10A	4	a	543.840192	587.456448	575.189376	43.61625600000002	1.2018291765474753	565.64832	21.80812800000001	35.6029371505573	
10A	2	b	588.137952	590.182464	589.50096	2.0445119999999406	-0.062499424934289394	588.819456	1.0222559999999703	-0.08762388613392624	
10A	4	a	590.863968	593.589984	592.226976	2.7260159999999587	0.07542546680924778	592.226976	1.3630079999999793	0.11909705608072829	
10A	2	b	594.271488	599.72352	597.679008	5.452032000000031	-0.31143849702445703	596.997504	2.7260160000000155	-1.6206284488245708	
11A	4	a	0.0	12.948576	0.0	12.948576	0.6792646975447196	6.133536	6.474288	6.959721671690216	
11A	2	b	15.674592	24.534144	22.489632	8.859552	-0.37165063293477596	19.763616	4.429776	-2.8569315123069847	
11A	4	a	25.215648	44.979264	42.253248	19.763616	1.4120377943557942	34.756704	9.881808	20.000618189947883	
11A	4	a	45.660768	66.105888	53.157312	20.445119999999996	0.8113229974448104	55.883328	10.222559999999998	12.667163564315581	
11A	2	b	68.1504	90.640032	81.098976	22.489632	-0.31075567784976377	79.054464	11.244816	-6.26664348360301	
11A	2	b	96.092064	98.136576	96.773568	2.0445120000000117	-0.031733353958434574	96.773568	1.0222560000000058	-0.04960803354728638	
11A	4	a	100.181088	123.352224	110.403648	23.171136000000004	0.22276313507475232	111.766656	11.585568000000002	4.115730465916354	
11A	4	a	124.033728	134.256288	127.441248	10.222560000000016	0.2378274817137047	128.804256	5.111280000000008	1.5696160266099537	
11A	4	a	134.937792	147.204864	138.345312	12.267071999999985	0.1513357681527845	141.071328	6.133535999999992	1.1319889652015442	
11A	2	b	151.293888	153.3384	151.975392	2.0445119999999974	-0.081087235421478	151.975392	1.0222559999999987	-0.1088960896180946	
11A	2	b	154.019904	156.064416	154.701408	2.0445119999999974	-0.04016413743054592	154.701408	1.0222559999999987	-0.059766515435267564	
11A	2	b	159.471936	166.96848	165.605472	7.496544	-0.07564725814632878	162.879456	3.748272	-0.4312671449240415	
11A	4	a	167.649984	179.917056	172.420512	12.267072000000013	0.19665541155207622	173.78352	6.1335360000000065	1.8160729760076768	
11A	4	a	180.59856	192.184128	184.687584	11.585567999999995	0.1558861363411741	186.050592	5.7927839999999975	1.2474046727403187	
11A	4	a	192.865632	209.903232	196.954656	17.037599999999998	0.11677193955894749	201.04368	8.518799999999999	1.2837343887719104	
11A	4	a	210.584736	218.762784	212.629248	8.178048000000018	0.09514282542552399	214.67376	4.089024000000009	0.5716835525767152	
11A	4	a	219.444288	242.615424	220.807296	23.17113599999999	0.16626723986866976	231.029856	11.585567999999995	2.8374274896800564	
11A	4	a	243.296928	249.430464	246.704448	6.133535999999992	0.12354753460926116	246.022944	3.066767999999996	0.5598561648989349	
11A	4	a	250.111968	273.283104	270.557088	23.17113599999999	0.13231813242674262	261.697536	11.585567999999995	2.7021838037096675	
11A	4	a	273.964608	277.372128	275.327616	3.407519999999977	0.029258046028271423	275.327616	1.7037599999999884	0.07412803227583153	
11A	4	a	278.053632	280.098144	279.41664	2.0445119999999974	0.07073541452485888	278.735136	1.0222559999999987	0.06582727969820468	
11A	4	a	280.779648	294.409728	283.505664	13.630079999999964	0.10319430960811227	287.594688	6.815039999999982	0.9921857705757902	
11A	4	a	297.135744	321.669888	305.995296	24.534144000000026	0.24023565781865264	309.402816	12.267072000000013	5.891346797641831	
11A	4	a	322.351392	326.440416	325.077408	4.089024000000052	0.0534373172243634	324.395904	2.044512000000026	0.1724787679467905	
11A	2	b	330.52944	339.388992	335.299968	8.859551999999951	-0.20684735275064492	334.618464	4.4297759999999755	-1.666855666423448	
11A	4	a	340.070496	363.923136	352.337568	23.852640000000008	0.7808489769135667	351.656064	11.926320000000004	15.715013540668949	
11A	4	a	364.60464	380.960736	370.738176	16.35609599999998	0.34859359198224427	372.782688	8.17804799999999	3.219708891131013	
11A	4	a	381.64224	395.27232	387.094272	13.630079999999964	0.2479256725981669	388.45728	6.815039999999982	2.673360553703832	
11A	4	a	395.953824	406.857888	403.450368	10.904064000000005	0.17594076247285972	401.405856	5.452032000000003	1.1853741392049053	
11A	4	a	407.539392	410.265408	408.9024	2.7260159999999587	0.08853050169880028	408.9024	1.3630079999999793	0.16716834360681787	
11A	4	a	410.946912	440.251584	426.621504	29.304671999999982	0.38715482350097474	425.258496	14.652335999999991	9.592877262521695	
11A	4	a	440.933088	451.155648	445.703616	10.222559999999987	0.21018170492914345	445.703616	5.111279999999994	1.3286953040569491	
11A	4	a	451.837152	464.785728	458.652192	12.948576000000003	0.16885746994895712	457.970688	6.474288000000001	1.4020955261565975	
11A	4	a	466.83024	517.94304	501.586944	51.11279999999999	0.4044900722091995	492.045888	25.556399999999996	16.199033967110946	
11A	4	a	518.624544	549.973728	528.847104	31.349184000000037	0.5540881091758894	534.299136	15.674592000000018	12.357073678545127	
11A	4	a	552.01824	592.90848	582.004416	40.89024000000006	0.6530343706930033	572.46336	20.44512000000003	18.219157874876036	
11A	2	b	593.589984	595.634496	594.271488	2.0445120000000543	-0.04085756639430027	594.271488	1.0222560000000271	-0.06980268419449143	
11A	4	a	596.316	599.72352	597.679008	3.407519999999977	0.081967060894657	597.679008	1.7037599999999884	0.1879038712981953	
12A	4	a	0.0	4.770528	2.044512	4.770528	0.11901009267892215	2.044512	2.385264	0.45817455308460975	
12A	4	a	5.452032	17.719104	14.311584	12.267072000000002	0.15307610353090695	11.585568	6.133536000000001	1.0050260787750755	
12A	4	a	20.44512	22.489632	21.126624	2.044512000000001	0.04212277174815471	21.126624	1.0222560000000005	0.06811956150835319	
12A	4	a	23.171136	59.972352	42.934752	36.801216	1.2304231491967101	41.571744	18.400608	20.550333771214955	
12A	4	a	60.653856	66.105888	64.061376	5.4520319999999955	0.11580660260668152	63.379872	2.7260159999999978	0.4229787243322858	
12A	2	b	69.513408	78.37296	76.328448	8.859552000000008	-0.10669157405970875	73.602432	4.429776000000004	-0.7467362758132818	
12A	2	b	79.054464	82.461984	81.098976	3.407520000000005	-0.08663290302296334	80.417472	1.7037600000000026	-0.24043572247791944	
12A	2	b	84.506496	92.684544	87.232512	8.178048000000004	-0.10283913232426345	88.59552	4.089024000000002	-0.6282107734698827	
12A	4	a	94.729056	99.499584	94.729056	4.770527999999999	0.08629270907919606	96.773568	2.3852639999999994	0.33660344932464237	
12A	4	a	100.181088	121.307712	107.677632	21.126623999999993	0.5981336056818529	110.403648	10.563311999999996	8.878837139977914	
12A	4	a	121.989216	134.256288	122.67072	12.267072000000013	0.2688481464698964	128.122752	6.1335360000000065	2.944134466305746	
12A	4	a	134.937792	137.663808	134.937792	2.726015999999987	0.11127144162096947	136.3008	1.3630079999999936	0.1646102918355199	
12A	4	a	138.345312	166.96848	148.567872	28.623167999999993	0.23150432898907614	152.656896	14.311583999999996	5.095592243462303	
12A	4	a	167.649984	169.694496	167.649984	2.0445119999999974	0.07599065065419364	168.331488	1.0222559999999987	0.11484952135832294	
12A	4	a	170.376	188.095104	181.961568	17.719103999999987	0.2244140784047346	179.235552	8.859551999999994	2.724990422305173	
12A	4	a	188.776608	192.184128	189.458112	3.407519999999977	0.14832878063505017	190.139616	1.7037599999999884	0.4062668121577184	
12A	4	a	194.22864	209.903232	196.954656	15.67459199999999	0.1834687917312019	201.725184	7.837295999999995	1.8707422941821346	
12A	4	a	210.584736	217.399776	212.629248	6.81504000000001	0.1878586837610956	213.992256	3.407520000000005	0.8769816723523383	
12A	4	a	219.444288	246.022944	239.207904	26.578655999999995	0.4490635314970981	232.392864	13.289327999999998	7.440486308845789	
12A	4	a	246.704448	251.474976	247.385952	4.770527999999985	0.12804260450231286	248.74896	2.3852639999999923	0.5659136517772934	
12A	2	b	252.15648	256.927008	253.519488	4.770528000000013	-0.17497509906245012	254.200992	2.3852640000000065	-0.695844515625101	
12A	4	a	257.608512	267.831072	260.334528	10.222559999999987	0.1834585341611743	262.37904	5.111279999999994	1.694578582674309	
12A	4	a	268.512576	272.6016	270.557088	4.089023999999995	0.082453495525181	270.557088	2.0445119999999974	0.2953263940398372	
12A	4	a	273.283104	292.365216	288.276192	19.082111999999995	0.22586330576872227	282.82416	9.541055999999998	3.18423641819863	
12A	4	a	293.04672	314.854848	310.765824	21.80812800000001	0.33436372335214903	303.950784	10.904064000000005	5.857727412682585	
12A	4	a	316.89936	363.241632	354.38208	46.34227199999998	1.0311681208616954	340.070496	23.17113599999999	23.492847455922334	
12A	4	a	363.923136	374.145696	366.649152	10.222559999999987	0.13757297987644979	368.693664	5.111279999999994	0.7481451426883892	
12A	4	a	374.8272	380.279232	378.23472	5.452031999999974	0.09509735018485932	377.553216	2.726015999999987	0.4161104586435944	
12A	4	a	383.005248	406.176384	387.094272	23.17113599999999	0.290963662150566	394.590816	11.585567999999995	6.144682865393278	
12A	4	a	406.857888	416.398944	414.354432	9.54105599999997	0.3059870946264236	411.628416	4.770527999999985	2.4394959835537167	
12A	4	a	418.443456	421.850976	419.12496	3.407519999999977	0.16975389265476615	419.806464	1.7037599999999884	0.5455331429629604	
12A	2	b	423.895488	432.75504	427.984512	8.859552000000008	-0.19174111707998698	427.984512	4.429776000000004	-1.316208233970021	
12A	4	a	433.436544	476.371296	471.600768	42.934751999999946	0.6141018615046541	454.563168	21.467375999999973	13.115471672932035	
12A	4	a	477.0528	489.319872	482.504832	12.267071999999985	0.251992424896438	483.186336	6.133535999999992	2.2964013973286006	
12A	2	b	490.001376	494.0904	490.68288	4.089023999999995	-0.08012641202563842	492.045888	2.0445119999999974	-0.22270091657714497	
12A	4	a	500.223936	507.72048	501.586944	7.4965440000000285	0.06638405070670172	503.631456	3.7482720000000143	0.48544462785421527	
12A	2	b	508.401984	510.446496	509.764992	2.0445119999999974	-0.01638892379898893	509.083488	1.0222559999999987	-0.022996988851607947	
12A	4	a	511.128	552.699744	539.069664	41.571744000000024	1.4522640966612963	531.57312	20.785872000000012	32.3383226007638	
12A	4	a	553.381248	564.966816	553.381248	11.585567999999967	0.13750038926675767	558.83328	5.792783999999983	1.072569112922504	
12A	4	a	565.64832	573.826368	571.781856	8.17804799999999	0.15451488409457337	569.737344	4.089023999999995	1.3701508587985307	
12A	4	a	574.507872	591.545472	584.048928	17.037599999999998	0.46538866222548414	582.68592	8.518799999999999	4.611655120726958	
12A	4	a	593.589984	599.72352	595.634496	6.133536000000049	0.4414140691421107	596.316	3.0667680000000246	2.7061860444895807	
13A	4	a	1.363008	18.400608	10.22256	17.037599999999998	0.05490105651887256	9.541056	8.518799999999999	0.8713548466849571	
13A	4	a	19.082112	23.85264	19.763616	4.770528000000002	0.04017758204124511	21.126624	2.385264000000001	0.17255053820189614	
13A	4	a	25.897152	39.527232	32.030688	13.63008	0.0922088958587548	32.712192	6.81504	1.0064497955210412	
13A	4	a	40.208736	53.838816	46.342272	13.63008	0.630001146592045	47.023776	6.81504	6.324848662738503	
13A	4	a	54.52032	66.105888	62.016864	11.585567999999995	0.05198715162460821	59.972352	5.7927839999999975	0.4653272890413248	
13A	4	a	66.787392	69.513408	68.1504	2.7260160000000013	0.03167944243991405	68.1504	1.3630080000000007	0.07637818232153815	
13A	4	a	70.194912	81.098976	71.55792	10.904063999999991	0.051658684095812424	75.646944	5.4520319999999955	0.4422309785821885	
13A	4	a	81.78048	85.188	83.824992	3.407520000000005	0.03324013381577484	83.143488	1.7037600000000026	0.07731956789312555	
13A	4	a	85.869504	98.81808	94.047552	12.948575999999989	0.056772801343893065	92.00304	6.474287999999994	0.4462546877235827	
13A	4	a	99.499584	116.537184	111.766656	17.037599999999998	0.0625175527209596	107.677632	8.518799999999999	0.7173853892540772	
13A	4	a	117.218688	121.307712	119.2632	4.089023999999995	0.04074400459990679	119.2632	2.0445119999999974	0.1418220036227421	
13A	4	a	124.033728	134.256288	127.441248	10.222560000000016	0.0748108889131327	128.804256	5.111280000000008	0.6279362091304675	
13A	4	a	134.937792	143.797344	141.752832	8.859552000000008	0.04491901081092231	139.026816	4.429776000000004	0.37886937678355026	
13A	4	a	145.841856	149.93088	148.567872	4.089023999999995	0.03888327663942048	147.886368	2.0445119999999974	0.11281491758575402	
13A	4	a	152.656896	154.701408	153.3384	2.0445119999999974	0.02874238507701188	153.3384	1.0222559999999987	0.03559457669136401	
13A	4	a	155.382912	157.427424	156.064416	2.0445119999999974	0.027651579813213756	156.064416	1.0222559999999987	0.04033896093070877	
13A	4	a	158.108928	162.197952	158.790432	4.089023999999995	0.019160369449194636	160.15344	2.0445119999999974	0.06587569343795341	
13A	4	a	166.96848	175.828032	171.739008	8.859552000000008	0.04047647938760246	171.057504	4.429776000000004	0.2867616706099927	
13A	4	a	176.509536	195.591648	181.961568	19.082111999999995	0.09280280770394356	186.050592	9.541055999999998	1.1537721731184913	
13A	4	a	196.273152	205.814208	203.088192	9.541055999999998	0.05525920983756172	201.04368	4.770527999999999	0.4034608832054205	
13A	4	a	206.495712	209.221728	207.85872	2.7260160000000155	0.018397474011280668	207.85872	1.3630080000000078	0.035364692524929575	
13A	4	a	211.26624	218.762784	216.036768	7.496544	0.060294109123042894	214.67376	3.748272	0.35565778293262074	
13A	4	a	219.444288	223.533312	220.807296	4.089023999999995	0.05831566647724529	221.4888	2.0445119999999974	0.13199792132855448	
13A	4	a	224.214816	231.029856	224.214816	6.815039999999982	0.05153640320669606	227.622336	3.407519999999991	0.2657620097421327	
13A	4	a	231.71136	249.430464	240.570912	17.719103999999987	0.11259153092545415	240.570912	8.859551999999994	1.3941006666990106	
13A	4	a	250.111968	267.831072	259.653024	17.719104000000016	0.06818710948449036	258.97152	8.859552000000008	0.7119751842475606	
13A	4	a	268.512576	273.964608	271.920096	5.452031999999974	0.04577120777367316	271.238592	2.726015999999987	0.15401869512916633	
13A	4	a	274.646112	297.135744	279.41664	22.489631999999972	0.08209665102271702	285.550176	11.244815999999986	1.2170163743580045	
13A	4	a	297.817248	314.854848	305.995296	17.037599999999998	0.09476451426639709	305.995296	8.518799999999999	1.159373186267155	
13A	4	a	315.536352	320.30688	317.580864	4.770527999999956	0.041514207099738965	317.580864	2.385263999999978	0.12050368828245317	
13A	4	a	320.988384	333.255456	329.166432	12.267071999999985	0.05469904565538153	327.12192	6.133535999999992	0.3933411899768646	
13A	4	a	335.981472	338.707488	336.662976	2.7260160000000155	0.03282180384859945	337.34448	1.3630080000000078	0.06588487460286185	
13A	4	a	339.388992	375.508704	357.7896	36.11971200000005	0.2815827804411868	357.108096	18.059856000000025	4.815072543368024	
13A	4	a	381.64224	404.813376	387.094272	23.17113599999999	0.11790752033232255	393.227808	11.585567999999995	2.2679942043881085	
13A	4	a	405.49488	417.761952	412.30992	12.267071999999985	0.16431331518706416	411.628416	6.133535999999992	1.3668229197981476	
13A	4	a	418.443456	420.487968	419.806464	2.0445119999999974	0.007212818630706552	419.12496	1.0222559999999987	0.007296598738501081	
13A	4	a	422.53248	440.251584	427.303008	17.71910399999996	0.13157262864478714	431.392032	8.85955199999998	1.9097427440869437	
13A	4	a	440.933088	466.148736	458.652192	25.215647999999987	0.06782237443754524	453.20016	12.607823999999994	1.1612828034485378	
13A	4	a	466.83024	472.963776	470.919264	6.133535999999992	0.0354844497671456	469.556256	3.066767999999996	0.22965933351250567	
13A	4	a	473.64528	493.408896	485.912352	19.763616000000013	0.09688760585257827	483.186336	9.881808000000007	1.4867253128614863	
13A	4	a	494.0904	504.31296	494.771904	10.222559999999987	0.04203645578098092	498.860928	5.111279999999994	0.35620328381678434	
13A	4	a	504.994464	519.306048	514.53552	14.311584000000039	0.060036144154135496	511.809504	7.1557920000000195	0.6118659821135148	
13A	4	a	519.987552	552.699744	539.069664	32.71219199999996	0.13537033474643767	536.343648	16.35609599999998	2.940156434516873	
13A	4	a	553.381248	558.83328	556.107264	5.452031999999917	0.04634379027901425	556.107264	2.7260159999999587	0.20314927052940157	
13A	4	a	559.514784	574.507872	567.692832	14.993088000000057	0.049278538372844016	567.011328	7.4965440000000285	0.692397978120237	
13A	4	a	577.233888	589.50096	585.411936	12.267071999999985	0.2589569443384174	583.367424	6.133535999999992	2.1021424509126185	
13A	4	a	590.182464	592.90848	591.545472	2.7260160000000724	0.03705069515883541	591.545472	1.3630080000000362	0.0774074035174025	
13A	4	a	593.589984	599.042016	596.316	5.452032000000031	0.05176864534496217	596.316	2.7260160000000155	0.2500774125616434	
14A	4	a	2.044512	5.452032	3.40752	3.40752	0.034954848405934325	3.40752	1.70376	0.0913616529021023	
14A	4	a	6.133536	18.400608	14.311584	12.267071999999999	0.05320478988677446	12.267072	6.133535999999999	0.4794580897008507	
14A	4	a	19.082112	23.85264	21.126624	4.770528000000002	0.031574302449789426	21.126624	2.385264000000001	0.10850944574795784	
14A	4	a	27.26016	60.653856	49.749792	33.393696	0.48241466230408214	43.616256	16.696848	7.096209106630303	
14A	4	a	61.33536	121.307712	115.85568	59.972351999999994	0.1079285148295257	91.321536	29.986175999999997	4.611094051291234	
14A	4	a	121.989216	138.345312	132.211776	16.356096000000008	0.061311507412250554	130.167264	8.178048000000004	0.6658748186185528	
14A	4	a	139.026816	144.478848	142.434336	5.452032000000003	0.0212442521506504	141.752832	2.7260160000000013	0.11314258693813783	
14A	4	a	145.160352	149.93088	146.52336	4.770528000000013	0.03262477412077458	147.204864	2.3852640000000065	0.09117793043552258	
14A	4	a	153.3384	158.790432	153.3384	5.452032000000003	0.05041357026876603	156.064416	2.7260160000000013	0.16183411505889655	
14A	4	a	159.471936	162.197952	160.834944	2.726015999999987	0.009399683963848382	160.834944	1.3630079999999936	0.010944168489918638	
14A	4	a	162.879456	166.286976	165.605472	3.407520000000005	0.014941739782737828	164.242464	1.7037600000000026	0.03987162029259028	
14A	4	a	166.96848	171.057504	169.012992	4.089023999999995	0.01791545992500887	169.012992	2.0445119999999974	0.06315034060819691	
14A	4	a	171.739008	178.554048	172.420512	6.815039999999982	0.03867066243065298	175.146528	3.407519999999991	0.14172248575419566	
14A	4	a	179.235552	194.22864	181.961568	14.993088	0.0668504149946112	186.732096	7.496544	0.7503070309532511	
14A	4	a	194.910144	205.814208	197.63616	10.904064000000005	0.037215310714761696	200.362176	5.452032000000003	0.34212829974870496	
14A	4	a	207.85872	218.08128	216.036768	10.222559999999987	0.05071033362765509	212.629248	5.111279999999994	0.3505898093520514	
14A	4	a	218.762784	231.029856	220.807296	12.267071999999985	0.0485382016160949	224.89632	6.133535999999992	0.40180607575215177	
14A	4	a	231.71136	249.430464	243.978432	17.719103999999987	0.06016050270230289	240.570912	8.859551999999994	0.7065302724873717	
14A	4	a	250.111968	253.519488	251.474976	3.407520000000005	0.02668854079040628	251.474976	1.7037600000000026	0.06106888775281327	
14A	4	a	254.200992	267.149568	259.653024	12.948575999999974	0.06867875925218825	260.334528	6.474287999999987	0.7554981230829853	
14A	4	a	267.831072	272.6016	271.920096	4.770528000000013	0.04574642476812718	269.875584	2.3852640000000065	0.1465536898127564	
14A	4	a	273.283104	286.913184	279.41664	13.63008000000002	0.04791366848794132	280.098144	6.81504000000001	0.39046804846682204	
14A	4	a	287.594688	289.6392	288.957696	2.0445119999999974	0.02345784757983238	288.276192	1.0222559999999987	0.028855344404934202	
14A	4	a	291.683712	297.135744	295.772736	5.452031999999974	0.02156786861908877	294.409728	2.726015999999987	0.0835339663423722	
14A	4	a	297.817248	314.173344	305.995296	16.35609599999998	0.07847048784829003	305.995296	8.17804799999999	0.7488960791605352	
14A	4	a	314.854848	335.299968	317.580864	20.445119999999974	0.06302229337119014	325.077408	10.222559999999987	0.7391097311572491	
14A	4	a	335.981472	365.967648	357.7896	29.986176	0.15877115151961552	350.97456	14.993088	2.62701986558416	
14A	4	a	368.693664	372.101184	370.738176	3.407519999999977	0.03547262338812107	370.056672	1.7037599999999884	0.08599062089582998	
14A	2	b	374.145696	376.871712	374.145696	2.7260160000000155	-0.03274872902283654	375.508704	1.3630080000000078	-0.02233223386163441	
14A	4	a	377.553216	384.368256	382.323744	6.815039999999954	0.05563670047019853	380.960736	3.407519999999977	0.2736610270614447	
14A	4	a	385.04976	391.8648	385.731264	6.81504000000001	0.030947860815897732	388.45728	3.407520000000005	0.15393870203084103	
14A	4	a	392.546304	421.169472	414.354432	28.623167999999964	0.11995454451427334	406.857888	14.311583999999982	2.479608994578139	
14A	4	a	428.666016	440.251584	432.75504	11.585567999999967	0.04714837825412421	434.118048	5.792783999999983	0.42249608820045015	
14A	4	a	443.659104	448.429632	445.703616	4.770528000000013	0.02918927395536497	445.703616	2.3852640000000065	0.1027515966742395	
14A	4	a	449.111136	455.926176	452.518656	6.81504000000001	0.03431053960979513	452.518656	3.407520000000005	0.18405760121797887	
14A	4	a	456.60768	466.148736	460.696704	9.54105599999997	0.04154260708195223	461.378208	4.770527999999985	0.3389119526600506	
14A	4	a	466.83024	489.319872	481.141824	22.489631999999972	0.09146059748003177	477.734304	11.244815999999986	1.4265566144823634	
14A	4	a	490.001376	499.542432	494.771904	9.541056000000026	0.06183459723466722	494.771904	4.770528000000013	0.3455365024720217	
14A	4	a	500.223936	502.268448	501.586944	2.0445119999999974	0.02814493658346473	500.90544	1.0222559999999987	0.03568992810177718	
14A	4	a	502.949952	541.114176	534.299136	38.16422400000005	0.11486310089544616	522.032064	19.082112000000023	2.415790935602156	
14A	4	a	541.79568	549.292224	545.2032	7.496544000000085	0.02422094619848303	545.2032	3.7482720000000427	0.13091176299367246	
14A	4	a	551.336736	599.72352	587.456448	48.386784000000034	0.23963530982506387	575.189376	24.193392000000017	4.560073642037612	
15A	4	a	0.0	2.044512	0.681504	2.044512	0.007863778863071325	0.681504	1.022256	0.01036245766744337	
15A	4	a	4.089024	18.400608	4.089024	14.311583999999998	0.02079206670374667	10.904064	7.155791999999999	0.2432360201255499	
15A	4	a	19.082112	26.578656	24.534144	7.496544	0.028115486666220546	22.489632	3.748272	0.1552553956870154	
15A	4	a	27.26016	40.208736	35.438208	12.948576000000003	0.03467677602036057	33.393696	6.474288000000001	0.38411475732157696	
15A	4	a	40.89024	61.33536	51.794304	20.445120000000003	0.20318562232744042	51.1128	10.222560000000001	1.7603112990751328	
15A	2	b	63.379872	66.787392	66.105888	3.407519999999998	-0.017154746838407453	64.74288	1.703759999999999	-0.026543437931236924	
15A	4	a	72.239424	75.646944	72.239424	3.407520000000005	0.019527115212671475	73.602432	1.7037600000000026	0.025415736910848308	
15A	4	a	76.328448	78.37296	77.009952	2.0445120000000117	0.016152523843829147	77.009952	1.0222560000000058	0.02267221905690875	
15A	4	a	79.054464	84.506496	83.824992	5.452032000000003	0.01966194113317754	81.78048	2.7260160000000013	0.05855084609479211	
15A	4	a	90.640032	93.366048	92.684544	2.7260160000000013	0.011969690010484202	92.00304	1.3630080000000007	0.023024134722340994	
15A	4	a	100.862592	106.314624	102.907104	5.452031999999988	0.014834481828730928	103.588608	2.726015999999994	0.04497835437759656	
15A	4	a	109.04064	111.766656	109.04064	2.7260160000000013	0.005583011097333168	110.403648	1.3630080000000007	0.010312784102153527	
15A	4	a	112.44816	128.122752	119.2632	15.67459199999999	0.04868241928954209	119.944704	7.837295999999995	0.39202294676644756	
15A	4	a	128.804256	131.530272	129.48576	2.726015999999987	0.014086185938744222	130.167264	1.3630079999999936	0.03463675659622967	
15A	4	a	132.211776	134.256288	132.89328	2.044512000000026	0.021802666342380483	132.89328	1.022256000000013	0.03342877761739915	
15A	4	a	134.937792	149.93088	141.071328	14.993088	0.03592573921490705	142.434336	7.496544	0.41586969141258434	
15A	4	a	150.612384	162.197952	153.3384	11.585567999999995	0.033637827462044134	156.064416	5.7927839999999975	0.2460639429343079	
15A	4	a	162.879456	170.376	169.012992	7.496544	0.02457092696584784	166.286976	3.748272	0.11532241556037115	
15A	4	a	171.057504	174.465024	172.420512	3.407520000000005	0.023693078657247346	172.420512	1.7037600000000026	0.05878018847193078	
15A	4	a	175.146528	177.872544	175.146528	2.7260160000000155	0.021228652430517192	176.509536	1.3630080000000078	0.02458590795763238	
15A	4	a	178.554048	195.591648	184.687584	17.037599999999998	0.04180199513238825	186.732096	8.518799999999999	0.5938781319223112	
15A	4	a	196.273152	200.362176	196.954656	4.089023999999995	0.022690368233281744	198.317664	2.0445119999999974	0.06528448089417116	
15A	4	a	201.04368	205.814208	201.04368	4.770528000000013	0.012037501023656638	203.088192	2.3852640000000065	0.058659541923422376	
15A	4	a	206.495712	209.221728	206.495712	2.7260160000000155	0.011029828726027091	207.85872	1.3630080000000078	0.019103738449986363	
15A	4	a	209.903232	219.444288	216.036768	9.541055999999998	0.03119073071048173	214.67376	4.770527999999999	0.23850943204616015	
15A	4	a	220.125792	223.533312	220.807296	3.407520000000005	0.025786338373061657	221.4888	1.7037600000000026	0.058764556485434216	
15A	4	a	224.214816	231.029856	225.577824	6.815039999999982	0.02420654672813427	227.622336	3.407519999999991	0.12582792058084258	
15A	4	a	231.71136	238.5264	234.437376	6.815039999999982	0.03043321284601741	235.11888	3.407519999999991	0.17346657771626384	
15A	4	a	239.207904	241.93392	240.570912	2.726015999999987	0.02051082226050127	240.570912	1.3630079999999936	0.040748808282044746	
15A	4	a	243.978432	246.022944	243.978432	2.0445119999999974	0.020452629125009558	244.659936	1.0222559999999987	0.03216792770688226	
15A	4	a	246.704448	258.97152	251.474976	12.267071999999985	0.03285133202392254	252.837984	6.133535999999992	0.3657246427879879	
15A	4	a	259.653024	273.283104	271.920096	13.630079999999964	0.027216879790554538	266.468064	6.815039999999982	0.23961579981802672	
15A	4	a	273.964608	291.683712	278.053632	17.719104000000016	0.034772184218989644	282.82416	8.859552000000008	0.40099969468436747	
15A	4	a	292.365216	297.135744	293.728224	4.770528000000013	0.014068275573089428	294.409728	2.3852640000000065	0.052459440726457585	
15A	4	a	297.817248	300.543264	299.86176	2.7260160000000155	0.013377262974420656	299.180256	1.3630080000000078	0.020729767923699183	
15A	4	a	301.224768	311.447328	305.995296	10.222560000000044	0.03660817572295039	305.995296	5.111280000000022	0.252522798397141	
15A	4	a	312.128832	316.89936	315.536352	4.770528000000013	0.015238998449923491	314.173344	2.3852640000000065	0.04154944017427131	
15A	4	a	317.580864	320.30688	317.580864	2.7260159999999587	0.024415969672636928	318.943872	1.3630079999999793	0.038512636000594846	
15A	4	a	322.351392	326.440416	325.758912	4.089024000000052	0.019037482461795596	324.395904	2.044512000000026	0.0529439416163624	
15A	4	a	327.12192	333.255456	330.52944	6.133535999999992	0.022622501995714694	329.847936	3.066767999999996	0.10844404327009516	
15A	4	a	333.93696	348.930048	341.433504	14.993088	0.035805552519913464	341.433504	7.496544	0.4445420264391481	
15A	4	a	349.611552	372.101184	358.471104	22.489631999999972	0.10757239375278527	360.515616	11.244815999999986	1.4959314507313257	
15A	4	a	372.782688	395.27232	383.686752	22.489631999999972	0.04671549432706801	383.686752	11.244815999999986	0.6046034113598314	
15A	4	a	395.953824	398.67984	396.635328	2.7260160000000155	0.02011765151709688	397.316832	1.3630080000000078	0.04661001760222272	
15A	4	a	400.724352	425.258496	416.398944	24.53414399999997	0.06714515140183464	412.991424	12.267071999999985	1.1584565318085085	
15A	4	a	425.94	427.984512	427.303008	2.0445119999999974	0.018847332693551655	426.621504	1.0222559999999987	0.023153766477190252	
15A	4	a	428.666016	436.16256	434.118048	7.496543999999972	0.018474100645453184	432.073536	3.748271999999986	0.11536997514807934	
15A	4	a	436.844064	451.155648	447.066624	14.311583999999982	0.0266802745643151	443.659104	7.155791999999991	0.29590186979193744	
15A	4	a	451.837152	490.68288	475.008288	38.84572800000001	0.0768137937266804	470.919264	19.422864000000004	2.1303248783777935	
15A	4	a	494.771904	499.542432	494.771904	4.770528000000013	0.02299952475995637	496.816416	2.3852640000000065	0.05812569917476318	
15A	4	a	500.223936	509.764992	503.631456	9.541056000000026	0.018121507085955058	504.994464	4.770528000000013	0.13662958938749614	
15A	4	a	510.446496	515.217024	513.854016	4.770528000000013	0.019683128517269166	512.491008	2.3852640000000065	0.07258721090271614	
15A	4	a	515.898528	519.306048	516.580032	3.407519999999977	0.021810828660672854	517.261536	1.7037599999999884	0.047526154305610246	
15A	4	a	519.987552	532.936128	525.439584	12.948576000000003	0.030837578593643444	526.121088	6.474288000000001	0.23100206020309333	
15A	4	a	533.617632	549.973728	539.751168	16.356096000000093	0.03648680612836186	541.79568	8.178048000000047	0.5559427544708729	
15A	4	a	550.655232	575.87088	565.64832	25.2156480000001	0.033027575139755294	562.922304	12.60782400000005	0.7345929302848392	
15A	4	a	576.552384	579.2784	577.915392	2.7260160000000724	0.011390938638917047	577.915392	1.3630080000000362	0.026293267513618157	
15A	4	a	579.959904	599.72352	590.863968	19.763615999999956	0.11024443406410267	589.50096	9.881807999999978	1.4268005412880416	
16A	4	a	1.363008	11.585568	8.859552	10.22256	0.019894748295494757	6.133536	5.11128	0.16276336068162223	
16A	4	a	12.267072	15.674592	14.311584	3.40752	0.018051845746657857	13.63008	1.70376	0.03550424307825273	
16A	4	a	24.534144	40.89024	32.030688	16.356095999999997	0.054656014138215525	32.712192	8.178047999999999	0.6723008491664149	
16A	4	a	41.571744	66.105888	54.52032	24.53414399999999	0.4183891954450456	53.838816	12.267071999999995	4.227060059295441	
16A	4	a	66.787392	87.232512	74.283936	20.445120000000003	0.10842115098460292	77.009952	10.222560000000001	1.5405765104353892	
16A	4	a	87.914016	98.81808	94.729056	10.904063999999991	0.0370385344811317	93.366048	5.4520319999999955	0.22690953404785918	
16A	4	a	99.499584	117.900192	111.085152	18.400608000000005	0.026271884043483906	108.359136	9.200304000000003	0.40445070221343005	
16A	4	a	118.581696	121.307712	119.2632	2.7260160000000013	0.02831560209554529	119.944704	1.3630080000000007	0.07328407455645625	
16A	4	a	121.989216	134.256288	126.759744	12.267072000000013	0.04728708004672755	128.122752	6.1335360000000065	0.40933544013418954	
16A	4	a	134.937792	144.478848	141.752832	9.541055999999998	0.02596830557594787	139.70832	4.770527999999999	0.1660677596956125	
16A	4	a	145.160352	150.612384	148.567872	5.452032000000003	0.024141531383678805	147.886368	2.7260160000000013	0.09547600480926433	
16A	4	a	151.293888	177.872544	163.56096	26.578655999999995	0.040661935074397304	164.242464	13.289327999999998	0.8187501987799206	
16A	4	a	178.554048	198.999168	188.776608	20.445120000000003	0.06133385430068494	188.776608	10.222560000000001	0.8117918276594565	
16A	4	a	199.680672	214.67376	199.680672	14.993088	0.03747173466003706	207.177216	7.496544	0.4026430859409009	
16A	4	a	215.355264	218.08128	216.718272	2.726015999999987	0.021991887203645533	216.718272	1.3630079999999936	0.04924168227155934	
16A	4	a	218.762784	223.533312	220.807296	4.770527999999985	0.02551033985174378	220.807296	2.3852639999999923	0.07109623575512725	
16A	4	a	224.214816	228.985344	224.89632	4.770527999999985	0.01788362518896669	226.259328	2.3852639999999923	0.06349212753726452	
16A	4	a	229.666848	233.755872	231.71136	4.089024000000023	0.01811496078019803	231.71136	2.0445120000000117	0.037705293493194625	
16A	4	a	234.437376	238.5264	236.481888	4.089023999999995	0.02451851041364539	236.481888	2.0445119999999974	0.09786071925161854	
16A	4	a	239.207904	260.334528	251.474976	21.126623999999964	0.08118043288902954	249.430464	10.563311999999982	1.0526862274347106	
16A	4	a	261.016032	265.78656	263.060544	4.770528000000013	0.010435512335312591	263.060544	2.3852640000000065	0.04067758826062162	
16A	4	a	266.468064	273.964608	271.920096	7.496543999999972	0.03714828541605675	269.875584	3.748271999999986	0.18573595936758658	
16A	4	a	274.646112	280.098144	276.00912	5.452031999999974	0.023960295596406223	277.372128	2.726015999999987	0.08475710096995137	
16A	4	a	280.779648	291.683712	285.550176	10.904064000000005	0.02187486637790803	286.23168	5.452032000000003	0.18775504901979712	
16A	4	a	292.365216	300.543264	298.498752	8.178048000000047	0.03146881700830484	296.45424	4.089024000000023	0.15843710548838008	
16A	4	a	302.587776	326.440416	310.765824	23.852640000000008	0.06913114670248377	314.173344	11.926320000000004	1.2227131871076207	
16A	4	a	327.12192	335.299968	331.892448	8.17804799999999	0.02600366109860741	331.210944	4.089023999999995	0.14663802452462804	
16A	4	a	335.981472	342.796512	336.662976	6.81504000000001	0.027797747749273016	339.388992	3.407520000000005	0.1248997573446351	
16A	4	a	343.478016	346.885536	343.478016	3.407519999999977	0.01233738760676184	344.841024	1.7037599999999884	0.025564013741496527	
16A	2	b	351.656064	353.700576	353.019072	2.0445119999999974	-0.005067828235805427	352.337568	1.0222559999999987	-0.0077049943808639165	
16A	4	a	354.38208	388.45728	370.738176	34.07520000000005	0.2762791242681637	371.41968	17.037600000000026	5.515872961111997	
16A	4	a	389.138784	395.27232	393.227808	6.133535999999992	0.022007448557734177	391.8648	3.066767999999996	0.09607411751418127	
16A	4	a	395.953824	407.539392	400.724352	11.585568000000023	0.030804324430742547	401.405856	5.792784000000012	0.25627742610589443	
16A	4	a	408.220896	423.895488	418.443456	15.674592000000018	0.08739425528365685	415.71744	7.837296000000009	0.8789590255838523	
16A	4	a	424.576992	439.57008	430.029024	14.993088	0.03341123798199286	432.073536	7.496544	0.4443151402018729	
16A	4	a	440.251584	446.38512	440.933088	6.133535999999992	0.016228147086887912	442.9776	3.066767999999996	0.08443053672725753	
16A	4	a	452.518656	478.415808	470.919264	25.897152000000006	0.06674150058044526	465.467232	12.948576000000003	1.5973359122852857	
16A	4	a	479.097312	493.408896	488.638368	14.311584000000039	0.058663387353469654	485.912352	7.1557920000000195	0.6261841237790484	
16A	4	a	494.0904	512.491008	500.90544	18.400607999999977	0.026827046317202674	502.949952	9.200303999999988	0.3747572642315061	
16A	4	a	513.172512	519.306048	516.580032	6.133536000000049	0.0330667560531448	515.898528	3.0667680000000246	0.15115367587218176	
16A	4	a	519.987552	533.617632	526.121088	13.630079999999907	0.03632780724268447	526.802592	6.815039999999954	0.39432235429118867	
16A	4	a	534.299136	552.699744	547.247712	18.400608000000034	0.0703702442175802	543.158688	9.200304000000017	0.9356470673365914	
16A	4	a	553.381248	562.2408	554.062752	8.859552000000008	0.032676199373953496	557.470272	4.429776000000004	0.2441238795899725	
16A	4	a	562.922304	579.959904	567.692832	17.037599999999998	0.04343890500715886	571.100352	8.518799999999999	0.5946307235947584	
16A	4	a	580.641408	584.048928	581.322912	3.4075200000000905	0.025929747654520163	582.004416	1.7037600000000452	0.05658750684301084	
16A	4	a	584.730432	599.042016	593.589984	14.311584000000039	0.15529683102498248	591.545472	7.1557920000000195	1.9021156822521492	
17A	4	a	0.0	7.496544	0.0	7.496544	0.07670823262308968	3.40752	3.748272	0.3958835010030376	
17A	4	a	8.178048	26.578656	21.126624	18.400608	0.08282692779338197	17.0376	9.200304	1.018207209143579	
17A	4	a	27.26016	36.801216	29.986176	9.541055999999998	0.02831800710086818	32.030688	4.770527999999999	0.18284130689385714	
17A	4	a	41.571744	47.023776	43.616256	5.4520319999999955	0.043451488971808505	44.29776	2.7260159999999978	0.1997094634782942	
17A	4	a	49.749792	59.972352	55.883328	10.222560000000001	0.16239956107323117	54.52032	5.111280000000001	1.1176349960356045	
17A	4	a	62.016864	72.920928	68.1504	10.904064000000005	0.06468873822985022	67.468896	5.452032000000003	0.4292740718128748	
17A	4	a	78.37296	98.81808	82.461984	20.44511999999999	0.051571467645334046	88.59552	10.222559999999994	0.8176103351016171	
17A	4	a	99.499584	108.359136	101.544096	8.859552000000008	0.0379666270407748	103.588608	4.429776000000004	0.23370031989754358	
17A	4	a	111.085152	117.218688	113.811168	6.1335360000000065	0.02012570129002178	113.811168	3.0667680000000033	0.06488250427090858	
17A	4	a	117.900192	121.307712	119.2632	3.407519999999991	0.030655582755915844	119.2632	1.7037599999999955	0.07672875960467807	
17A	4	a	121.989216	139.026816	127.441248	17.037599999999998	0.05069396222337841	130.167264	8.518799999999999	0.6383384234177327	
17A	4	a	139.70832	143.797344	142.434336	4.089024000000023	0.021052176998666683	141.752832	2.0445120000000117	0.08073451505830187	
17A	4	a	144.478848	149.93088	148.567872	5.452032000000003	0.03307000399331761	147.204864	2.7260160000000013	0.10355372433713694	
17A	4	a	150.612384	180.59856	156.064416	29.986176	0.03674915551758806	165.605472	14.993088	0.6758854777712345	
17A	4	a	181.280064	186.732096	181.961568	5.452032000000003	0.027058048413402647	184.00608	2.7260160000000013	0.11201738226510494	
17A	4	a	187.4136	222.851808	212.629248	35.438208	0.041149077563549685	205.132704	17.719104	0.9769978847398387	
17A	4	a	223.533312	238.5264	235.11888	14.993088	0.021667013252581135	231.029856	7.496544	0.260907713571058	
17A	4	a	239.207904	241.93392	240.570912	2.726015999999987	0.027544806074996986	240.570912	1.3630079999999936	0.03709075832972886	
17A	4	a	242.615424	249.430464	243.296928	6.81504000000001	0.02079620705944807	246.022944	3.407520000000005	0.12162527752215035	
17A	4	a	250.111968	261.697536	256.927008	11.585568000000023	0.023015819621714062	255.564	5.792784000000012	0.21538641568072214	
17A	4	a	262.37904	268.512576	267.831072	6.133536000000049	0.010760516049469704	265.105056	3.0667680000000246	0.051382317823834955	
17A	4	a	269.19408	273.283104	271.920096	4.089023999999995	0.02474100569540405	271.238592	2.0445119999999974	0.04911557395432509	
17A	4	a	273.964608	293.04672	279.41664	19.082111999999995	0.024307312576581586	283.505664	9.541055999999998	0.34586948647937354	
17A	4	a	293.728224	321.669888	317.580864	27.941664000000003	0.0352045707748625	307.358304	13.970832000000001	0.6735961476492045	
17A	4	a	322.351392	348.930048	325.758912	26.578656000000024	0.03048445176667869	335.299968	13.289328000000012	0.5619447138890554	
17A	4	a	349.611552	352.337568	349.611552	2.7260159999999587	0.01590596456619009	350.97456	1.3630079999999793	0.014001838945830736	
17A	4	a	354.38208	370.056672	359.834112	15.674592000000018	0.08209810205141332	361.878624	7.837296000000009	0.9587422694162165	
17A	4	a	370.738176	385.04976	380.960736	14.311583999999982	0.036684495370264525	377.553216	7.155791999999991	0.41179400225529417	
17A	4	a	385.731264	395.27232	392.546304	9.54105599999997	0.02383267516441534	390.501792	4.770527999999985	0.1758465242044135	
17A	4	a	395.953824	398.67984	397.998336	2.7260160000000155	0.011031332194169297	397.316832	1.3630080000000078	0.022790206972087113	
17A	4	a	400.724352	407.539392	403.450368	6.81504000000001	0.018676567200815786	404.131872	3.407520000000005	0.07705077895299939	
17A	4	a	412.991424	429.34752	418.443456	16.35609599999998	0.05227263971415064	421.169472	8.17804799999999	0.7662971535823385	
17A	4	a	430.029024	442.296096	437.525568	12.267071999999985	0.05570859749369239	436.16256	6.133535999999992	0.5742012441111212	
17A	4	a	442.9776	493.408896	488.638368	50.43129600000003	0.0938701428026536	468.193248	25.215648000000016	4.063332453233528	
17A	4	a	494.0904	502.268448	494.771904	8.17804799999999	0.02138577301935074	498.179424	4.089023999999995	0.14386916176131126	
17A	4	a	502.949952	505.675968	503.631456	2.7260160000000155	0.014184891000419864	504.31296	1.3630080000000078	0.024609180822938503	
17A	4	a	506.357472	515.217024	508.401984	8.859552000000065	0.01636449457618694	510.446496	4.429776000000032	0.1157767886183465	
17A	4	a	515.898528	519.306048	517.261536	3.407519999999977	0.01772832521174572	517.261536	1.7037599999999884	0.03791656256479525	
17A	4	a	519.987552	526.802592	526.121088	6.815039999999954	0.023432256160500264	523.395072	3.407519999999977	0.128870551964813	
17A	4	a	528.847104	537.706656	531.57312	8.859552000000008	0.024912176411576947	532.936128	4.429776000000004	0.18621120573127514	
17A	4	a	538.38816	558.83328	546.566208	20.445119999999974	0.055622919743421484	548.61072	10.222559999999987	0.8914326728601331	
17A	4	a	559.514784	567.692832	560.877792	8.17804799999999	0.011932600029522344	563.603808	4.089023999999995	0.06041251296184735	
17A	2	b	569.737344	571.781856	569.737344	2.0445119999999406	-0.0061094745547431994	570.418848	1.0222559999999703	-0.010799495844058704	
17A	4	a	573.826368	576.552384	575.189376	2.7260159999999587	0.008170823710918373	575.189376	1.3630079999999793	0.018767235875166044	
17A	2	b	577.233888	581.322912	579.959904	4.089023999999995	-0.021782158293242038	579.2784	2.0445119999999974	-0.05281194911455822	
17A	2	b	582.004416	586.774944	583.367424	4.770528000000013	-0.02396929967766548	584.048928	2.3852640000000065	-0.0699678754913372	
17A	4	a	587.456448	599.72352	590.182464	12.267071999999985	0.1137494190767776	593.589984	6.133535999999992	1.1955132466185088	
18A	2	b	1.363008	6.133536	2.726016	4.7705280000000005	-0.03699067918588095	3.40752	2.3852640000000003	-0.1338301625373738	
18A	4	a	6.81504	23.85264	17.719104	17.0376	0.04585590450856625	14.993088	8.5188	0.6997150647330425	
18A	4	a	24.534144	34.0752	31.349184	9.541056000000001	0.04010919579089345	29.304672	4.7705280000000005	0.2977563107258602	
18A	4	a	34.756704	46.342272	38.845728	11.585568000000002	0.047689993315429335	40.208736	5.792784000000001	0.23624446933734722	
18A	4	a	47.023776	49.068288	47.023776	2.0445120000000045	0.007546631336957432	47.70528	1.0222560000000023	0.008642491230263949	
18A	4	a	49.749792	70.876416	53.157312	21.126624000000007	0.09794850635529628	59.972352	10.563312000000003	1.0722309473264118	
18A	4	a	71.55792	84.506496	77.009952	12.948576000000003	0.036915320214177205	77.691456	6.474288000000001	0.37347276087898706	
18A	4	a	86.551008	98.81808	96.773568	12.267071999999999	0.03623018549508217	92.684544	6.133535999999999	0.33148518165053664	
18A	4	a	99.499584	108.359136	106.996128	8.859552000000008	0.018991961290135917	103.588608	4.429776000000004	0.11139611975030339	
18A	4	a	113.129664	117.218688	113.811168	4.089023999999995	0.010693731662677841	115.174176	2.0445119999999974	0.03167758868891002	
18A	4	a	117.900192	124.715232	122.67072	6.815039999999996	0.029560294334784798	121.307712	3.407519999999998	0.15048738366545822	
18A	4	a	128.804256	136.3008	133.574784	7.496544	0.037055357107759423	132.211776	3.748272	0.16185156748237262	
18A	4	a	136.982304	139.026816	136.982304	2.0445119999999974	0.018463311779665537	137.663808	1.0222559999999987	0.030740744894484084	
18A	4	a	139.70832	143.797344	141.752832	4.089024000000023	0.017799769583701774	141.752832	2.0445120000000117	0.05755862497305686	
18A	4	a	144.478848	149.93088	148.567872	5.452032000000003	0.024082552682859637	147.204864	2.7260160000000013	0.06890720726814714	
18A	4	a	150.612384	155.382912	153.3384	4.770528000000013	0.020994108492686347	152.656896	2.3852640000000065	0.0887413770891109	
18A	4	a	156.064416	173.78352	156.74592	17.719104000000016	0.023299105170650147	164.923968	8.859552000000008	0.2472344495519646	
18A	4	a	174.465024	178.554048	175.146528	4.089023999999995	0.012535208356770244	176.509536	2.0445119999999974	0.03935528729158583	
18A	4	a	181.280064	194.22864	181.961568	12.948576000000003	0.02296544223491459	187.4136	6.474288000000001	0.17471140409442404	
18A	4	a	194.910144	198.999168	196.954656	4.089023999999995	0.012383344990791745	196.954656	2.0445119999999974	0.04125016905620621	
18A	4	a	201.04368	203.769696	201.04368	2.7260160000000155	0.012844940038124864	202.406688	1.3630080000000078	0.029293342553900037	
18A	4	a	204.4512	209.903232	207.177216	5.452032000000003	0.018784910183656023	207.177216	2.7260160000000013	0.08750378672346498	
18A	4	a	210.584736	218.762784	212.629248	8.178048000000018	0.02025818583789052	214.67376	4.089024000000009	0.14721215963119666	
18A	4	a	219.444288	222.851808	220.807296	3.407520000000005	0.016035988310343807	220.807296	1.7037600000000026	0.04477061198460136	
18A	4	a	224.89632	228.30384	225.577824	3.407520000000005	0.013478996507588326	226.259328	1.7037600000000026	0.031124972868895373	
18A	4	a	228.985344	233.755872	232.392864	4.770528000000013	0.020899024518476805	231.029856	2.3852640000000065	0.0656572853678491	
18A	4	a	234.437376	238.5264	235.800384	4.089023999999995	0.017880581067635903	236.481888	2.0445119999999974	0.06720670240825499	
18A	4	a	239.207904	243.296928	240.570912	4.089023999999995	0.015860506345007908	241.252416	2.0445119999999974	0.044958741631429266	
18A	4	a	243.978432	249.430464	244.659936	5.452032000000003	0.010116649035827763	246.704448	2.7260160000000013	0.04613176205532615	
18A	4	a	252.837984	269.19408	256.927008	16.35609599999998	0.020750440036516937	261.016032	8.17804799999999	0.2304870470165108	
18A	4	a	269.875584	273.964608	271.920096	4.089023999999995	0.020203863780089315	271.920096	2.0445119999999974	0.0611996023137677	
18A	4	a	276.00912	286.913184	276.00912	10.904064000000005	0.029015261266282732	281.461152	5.452032000000003	0.1735826348290947	
18A	4	a	288.957696	292.365216	288.957696	3.407519999999977	0.01639912128345178	290.320704	1.7037599999999884	0.027373157894937106	
18A	4	a	293.04672	295.091232	294.409728	2.0445119999999974	0.012533964534704789	293.728224	1.0222559999999987	0.01274414686946257	
18A	4	a	295.772736	300.543264	297.817248	4.770528000000013	0.022184995632648197	297.817248	2.3852640000000065	0.07197151182856804	
18A	4	a	301.224768	304.632288	303.950784	3.4075200000000336	0.012683646957509231	302.587776	1.7037600000000168	0.020498321435435063	
18A	4	a	305.313792	312.128832	310.765824	6.81504000000001	0.019275389458680348	308.721312	3.407520000000005	0.10916789697210988	
18A	4	a	312.810336	316.89936	315.536352	4.089023999999995	0.010305239307939251	314.854848	2.0445119999999974	0.030302355067289122	
18A	4	a	317.580864	322.351392	317.580864	4.770527999999956	0.03044238167914992	319.625376	2.385263999999978	0.05267868957360561	
18A	4	a	323.032896	335.299968	325.758912	12.267071999999985	0.024038686411754107	329.166432	6.133535999999992	0.19280378425824296	
18A	4	a	335.981472	340.752	336.662976	4.770528000000013	0.024554048655017202	338.025984	2.3852640000000065	0.06850517325883049	
18A	4	a	341.433504	348.930048	348.248544	7.496543999999972	0.015331627988463659	344.841024	3.748271999999986	0.07861220190918083	
18A	4	a	350.97456	355.063584	350.97456	4.089023999999995	0.006106905089878101	353.019072	2.0445119999999974	0.023491743523208597	
18A	4	a	357.108096	366.649152	362.560128	9.541056000000026	0.06577048855480783	361.878624	4.770528000000013	0.4761126840852454	
18A	4	a	367.330656	376.190208	371.41968	8.859552000000008	0.021260931360585378	371.41968	4.429776000000004	0.1418786172312297	
18A	4	a	376.871712	393.909312	383.686752	17.037599999999998	0.025675925820685563	385.04976	8.518799999999999	0.3261216884600866	
18A	4	a	396.635328	399.361344	397.998336	2.7260159999999587	0.025582645768039924	397.998336	1.3630079999999793	0.04346142876329839	
18A	4	a	402.08736	406.857888	403.450368	4.770528000000013	0.01761562125867977	404.131872	2.3852640000000065	0.03884364499129622	
18A	2	b	409.583904	412.30992	411.628416	2.7260159999999587	-0.020000175343152793	410.946912	1.3630079999999793	-0.020709801429541763	
18A	2	b	414.354432	421.850976	414.354432	7.4965440000000285	-0.01960509662473786	417.761952	3.7482720000000143	-0.10479245152241867	
18A	4	a	422.53248	442.296096	427.303008	19.763615999999956	0.04738532494173642	432.073536	9.881807999999978	0.7469731845444096	
18A	4	a	442.9776	446.38512	444.340608	3.407519999999977	0.018056316961980734	444.340608	1.7037599999999884	0.03643393590237887	
18A	4	a	447.066624	455.926176	452.518656	8.859552000000008	0.035939613463719766	451.155648	4.429776000000004	0.27763803571291434	
18A	4	a	456.60768	468.874752	464.104224	12.267071999999985	0.05696126202040108	462.741216	6.133535999999992	0.5871925420058997	
18A	4	a	470.919264	479.778816	477.0528	8.859552000000008	0.04406870410380592	475.008288	4.429776000000004	0.22891820728731938	
18A	4	a	480.46032	499.542432	487.27536	19.082111999999995	0.060433935314184395	490.001376	9.541055999999998	0.6800236242613631	
18A	4	a	500.223936	519.306048	516.580032	19.082112000000052	0.025643894637019993	509.764992	9.541056000000026	0.3907325051207616	
18A	4	a	519.987552	535.662144	531.57312	15.674591999999961	0.02952472662571326	527.484096	7.837295999999981	0.36252157775532234	
18A	4	a	536.343648	559.514784	552.01824	23.171135999999933	0.02430643119662046	547.929216	11.585567999999967	0.3740982041026259	
18A	4	a	560.196288	563.603808	561.559296	3.407519999999977	0.010360069695532048	561.559296	1.7037599999999884	0.020427578250343192	
18A	4	a	564.285312	569.05584	565.64832	4.770528000000013	0.018507804596023303	566.329824	2.3852640000000065	0.05753523985385628	
18A	4	a	569.737344	574.507872	572.46336	4.770528000000013	0.012137633758395938	571.781856	2.3852640000000065	0.03284312818036972	
18A	4	a	575.189376	579.959904	579.2784	4.770528000000013	0.01597230021702456	577.233888	2.3852640000000065	0.059768377107820736	
18A	4	a	580.641408	590.863968	581.322912	10.222560000000044	0.023190479317485524	585.411936	5.111280000000022	0.2309761474481885	
18A	4	a	591.545472	599.72352	596.997504	8.17804799999999	0.03398551265032068	595.634496	4.089023999999995	0.2537381993013541	
19A	2	b	0.0	6.133536	0.681504	6.133536	-0.05106665559511003	2.726016	3.066768	-0.22333679232337322	
19A	2	b	9.541056	14.311584	10.904064	4.7705280000000005	-0.011186873329875668	11.585568	2.3852640000000003	-0.045132172702970874	
19A	4	a	16.356096	18.400608	17.719104	2.0445119999999974	0.024071366686075013	17.0376	1.0222559999999987	0.040676594447323966	
19A	4	a	20.44512	30.66768	24.534144	10.222560000000001	0.05182882545797174	25.215648	5.111280000000001	0.3139128873472241	
19A	4	a	31.349184	38.164224	36.119712	6.815039999999996	0.035573092031424336	34.756704	3.407519999999998	0.24355855766883228	
19A	4	a	38.845728	44.979264	44.29776	6.133535999999999	0.023971988448132642	41.571744	3.0667679999999997	0.06674478705647491	
19A	4	a	45.660768	47.70528	46.342272	2.0445120000000045	0.010107587659333728	46.342272	1.0222560000000023	0.013392364761007136	
19A	4	a	49.749792	51.794304	49.749792	2.0445119999999974	0.007185033868036816	50.431296	1.0222559999999987	0.006657348307960276	
19A	4	a	56.564832	78.37296	63.379872	21.808128000000004	0.0709274209953592	67.468896	10.904064000000002	1.2626662480030544	
19A	4	a	79.054464	85.869504	80.417472	6.81504000000001	0.019211300327172554	82.461984	3.407520000000005	0.08833988100804024	
19A	4	a	87.914016	90.640032	88.59552	2.7260160000000013	0.0080614649964863	89.277024	1.3630080000000007	0.016991441104112548	
19A	4	a	91.321536	98.81808	92.684544	7.496544	0.019285391323372814	94.729056	3.748272	0.10861445361053157	
19A	4	a	101.544096	106.314624	102.907104	4.770527999999999	0.016912338076860323	103.588608	2.3852639999999994	0.06510956967448367	
19A	4	a	106.996128	113.129664	107.677632	6.1335360000000065	0.023031160036229403	109.722144	3.0667680000000033	0.09260949324719936	
19A	4	a	113.811168	121.307712	119.944704	7.496544	0.021370366952796704	117.218688	3.748272	0.09322234186324174	
19A	4	a	121.989216	124.715232	121.989216	2.7260160000000013	0.01981608145089009	123.352224	1.3630080000000007	0.042787129399060264	
19A	4	a	125.396736	139.026816	133.574784	13.630079999999992	0.024790218506251294	132.211776	6.815039999999996	0.20809500528159064	
19A	4	a	139.70832	145.841856	142.434336	6.133536000000021	0.016757171019918693	142.434336	3.0667680000000104	0.0779748261067097	
19A	4	a	146.52336	149.249376	148.567872	2.7260160000000155	0.014978116740573477	147.886368	1.3630080000000078	0.016303673807916808	
19A	4	a	149.93088	152.656896	151.293888	2.726015999999987	0.008855445352925262	151.293888	1.3630079999999936	0.01672799959720389	
19A	4	a	153.3384	155.382912	153.3384	2.0445119999999974	0.01238326828683911	154.019904	1.0222559999999987	0.01739162319716636	
19A	4	a	159.471936	162.197952	161.516448	2.726015999999987	0.013261906165273118	160.834944	1.3630079999999936	0.024336034854118782	
19A	4	a	162.879456	165.605472	163.56096	2.726015999999987	0.014112273803895903	164.242464	1.3630079999999936	0.02228263442637085	
19A	4	a	166.286976	177.872544	175.146528	11.585567999999995	0.01862180819801429	171.739008	5.7927839999999975	0.1331184065591028	
19A	4	a	178.554048	180.59856	179.235552	2.0445119999999974	0.009801741796550578	179.235552	1.0222559999999987	0.01614062540049116	
19A	4	a	181.280064	198.999168	195.591648	17.719103999999987	0.02154184837092432	190.139616	8.859551999999994	0.2748739775702455	
19A	4	a	201.725184	203.769696	202.406688	2.0445119999999974	0.018111444326569193	202.406688	1.0222559999999987	0.024259079808763684	
19A	4	a	204.4512	215.355264	205.132704	10.904064000000005	0.015472559286536458	209.903232	5.452032000000003	0.13599888077957706	
19A	4	a	216.036768	220.125792	217.399776	4.089023999999995	0.013565754356667403	218.08128	2.0445119999999974	0.032522029258388596	
19A	4	a	220.807296	228.30384	224.214816	7.496544	0.01925520634011013	224.214816	3.748272	0.11023202060857379	
19A	4	a	228.985344	233.755872	231.71136	4.770528000000013	0.014510209196995305	231.029856	2.3852640000000065	0.052899050627501054	
19A	4	a	234.437376	238.5264	235.800384	4.089023999999995	0.013397083803885157	236.481888	2.0445119999999974	0.056334025640849716	
19A	4	a	239.207904	250.793472	247.385952	11.585567999999995	0.022893152960184793	244.659936	5.7927839999999975	0.23960895844758567	
19A	4	a	251.474976	258.97152	252.837984	7.496544	0.02429975667314843	254.882496	3.748272	0.14203256285739796	
19A	4	a	259.653024	264.423552	260.334528	4.770527999999956	0.021898676599636513	261.697536	2.385263999999978	0.09609410253941186	
19A	4	a	265.105056	273.964608	271.920096	8.859552000000008	0.03148560506895337	269.19408	4.429776000000004	0.18945114953880526	
19A	4	a	274.646112	287.594688	279.41664	12.948576000000003	0.026645852881283516	280.779648	6.474288000000001	0.2575834964152048	
19A	4	a	288.276192	291.683712	288.957696	3.4075200000000336	0.025828819370552925	289.6392	1.7037600000000168	0.06319369694357785	
19A	4	a	292.365216	301.906272	299.86176	9.541056000000026	0.02280573074233483	297.135744	4.770528000000013	0.21005226042587527	
19A	4	a	302.587776	304.632288	303.26928	2.0445119999999974	0.018688630775780313	303.26928	1.0222559999999987	0.02733109396289174	
19A	4	a	305.313792	313.49184	310.765824	8.178048000000047	0.03006226785916377	309.402816	4.089024000000023	0.17466521468037915	
19A	4	a	314.173344	316.217856	315.536352	2.0445119999999974	0.019664926514816994	314.854848	1.0222559999999987	0.025072585468569497	
19A	4	a	316.89936	321.669888	317.580864	4.770528000000013	0.023667023957022026	318.943872	2.3852640000000065	0.07107499612435719	
19A	4	a	322.351392	328.484928	325.758912	6.133536000000049	0.019235076237246407	325.077408	3.0667680000000246	0.05323311777049039	
19A	4	a	329.166432	339.388992	329.166432	10.222559999999987	0.021841471250700906	333.93696	5.111279999999994	0.17082963070524948	
19A	2	b	354.38208	359.834112	359.152608	5.452032000000031	-0.01526481626828946	357.108096	2.7260160000000155	-0.05472329343023241	
19A	4	a	360.515616	379.597728	370.738176	19.082111999999995	0.0345693184706084	370.056672	9.541055999999998	0.6170654943558038	
19A	4	a	380.279232	388.45728	380.960736	8.178048000000047	0.025278347373015597	384.368256	4.089024000000023	0.150983075092608	
19A	4	a	389.138784	395.27232	390.501792	6.133535999999992	0.011049430661305149	391.8648	3.066767999999996	0.052799955049629754	
19A	4	a	400.724352	402.768864	400.724352	2.0445119999999974	0.01441214971085325	401.405856	1.0222559999999987	0.009318304837454772	
19A	4	a	405.49488	407.539392	405.49488	2.0445119999999974	0.018897853998648517	406.176384	1.0222559999999987	0.02354733638302786	
19A	4	a	409.583904	411.628416	410.946912	2.0445119999999974	0.01663166579422537	410.265408	1.0222559999999987	0.024422296706975377	
19A	4	a	412.30992	419.806464	412.30992	7.4965440000000285	0.02351489587362554	415.71744	3.7482720000000143	0.1314235856438583	
19A	4	a	421.850976	425.258496	422.53248	3.407519999999977	0.016232466678084645	423.213984	1.7037599999999884	0.05092630885512661	
19A	4	a	425.94	436.16256	430.029024	10.222559999999987	0.04525455361863162	430.710528	5.111279999999994	0.369269592312371	
19A	4	a	436.844064	451.155648	444.340608	14.311583999999982	0.0400759424763254	443.659104	7.155791999999991	0.4798377926872259	
19A	4	a	451.837152	462.741216	458.652192	10.904064000000005	0.02961960126479002	457.289184	5.452032000000003	0.19333999411519148	
19A	4	a	463.42272	470.23776	464.104224	6.815039999999954	0.022105887807884916	466.83024	3.407519999999977	0.10418181488041262	
19A	4	a	470.919264	472.963776	471.600768	2.0445119999999974	0.016085445676262577	471.600768	1.0222559999999987	0.029966482741183298	
19A	4	a	473.64528	479.097312	477.0528	5.452031999999974	0.019041805493853703	476.371296	2.726015999999987	0.06860094886028534	
19A	4	a	479.778816	502.268448	496.134912	22.489631999999972	0.05063626208516303	490.68288	11.244815999999986	0.8374706543155148	
19A	4	a	502.949952	507.038976	503.631456	4.089023999999995	0.033014951492985056	504.994464	2.0445119999999974	0.0996153773064441	
19A	4	a	507.72048	519.306048	514.53552	11.585568000000023	0.028648725874807157	513.172512	5.792784000000012	0.2263552805613594	
19A	4	a	519.987552	530.210112	526.121088	10.22255999999993	0.021376997244105578	524.75808	5.111279999999965	0.1783923951418756	
19A	4	a	530.891616	532.936128	531.57312	2.0445120000000543	0.009068113376885512	531.57312	1.0222560000000271	0.012551363447534436	
19A	4	a	533.617632	535.662144	534.299136	2.0445120000000543	0.016944752308946542	534.299136	1.0222560000000271	0.020265719817697092	
19A	4	a	536.343648	539.751168	539.069664	3.407519999999977	0.012857555554700695	537.706656	1.7037599999999884	0.028708458678880888	
19A	4	a	540.432672	549.973728	545.2032	9.541056000000026	0.019914794197477215	545.2032	4.770528000000013	0.1295861110937489	
19A	4	a	550.655232	552.699744	552.01824	2.0445120000000543	0.01829376611944078	551.336736	1.0222560000000271	0.029012719583249413	
19A	4	a	553.381248	569.05584	557.470272	15.674591999999961	0.028432847894080293	560.877792	7.837295999999981	0.32002503483544864	
19A	4	a	569.737344	579.959904	573.144864	10.222560000000044	0.02861872148346789	574.507872	5.111280000000022	0.1492636926061987	
19A	4	a	580.641408	584.048928	582.004416	3.4075200000000905	0.02037959394393285	582.004416	1.7037600000000452	0.044362170546634716	
19A	4	a	584.730432	589.50096	585.411936	4.770528000000013	0.012270773893503173	586.774944	2.3852640000000065	0.053998722931798415	
19A	4	a	590.182464	592.90848	592.226976	2.7260160000000724	0.010203365234593531	591.545472	1.3630080000000362	0.012956214678135458	
19A	4	a	593.589984	596.997504	594.952992	3.4075200000000905	0.012011732365871608	594.952992	1.7037600000000452	0.030526229424396478	
19A	4	a	597.679008	599.72352	597.679008	2.0445120000000543	0.011054514657578007	598.360512	1.0222560000000271	0.014016837994190068	
