										AB_Unfed#4_Retrograde_evts_formatted.txt
ROI	Quadrant	Direction	Start time (s)	End time (s)	Peak time (s)	Duration (s)	Amplitude	Midpoint (s)	Half Duration(s)	AUC
1A	2	b	0.0	31.07988	4.143984	31.07988	-2.1953564967465073	15.194608	15.53994	-62.90606070026198	
1A	2	b	31.770544	37.98652	31.770544	6.215975999999998	-1.5920323161545298	34.5332	3.107987999999999	-7.581537714442882	
1A	2	b	38.677184	52.490464	46.274488	13.813280000000006	-1.1504967961115433	45.583824	6.906640000000003	-10.390147028263172	
1A	2	b	57.325112	65.61308	60.778432	8.287968	-1.1934885424276231	61.469096	4.143984	-6.766446088382281	
1A	2	b	66.303744	69.757064	66.994408	3.453320000000005	-1.1164112567004807	67.685072	1.7266600000000025	-2.5630549850219664	
1A	2	b	70.447728	74.591712	72.51972	4.143984000000003	-1.0999871940127122	72.51972	2.0719920000000016	-3.1809481338230867	
1A	2	b	75.282376	86.333	80.807688	11.050624	-1.5774986007977319	80.807688	5.525312	-11.043831130848597	
1A	2	b	87.023664	89.78632	87.714328	2.762656000000007	-1.3440578824979426	88.404992	1.3813280000000034	-2.721984177978517	
1A	2	b	90.476984	101.527608	94.620968	11.050624	-1.7375366968954875	96.002296	5.525312	-11.702994502679555	
1A	2	b	102.218272	118.103544	111.196904	15.885272	-1.337633685613504	109.815576	7.942636	-11.803182953329436	
1A	2	b	118.794208	120.8662	120.175536	2.0719920000000087	-0.8438004201945102	119.484872	1.0359960000000044	-0.7074695348904232	
1A	2	b	121.556864	125.010184	123.628856	3.453319999999991	-0.6655084983367221	122.938192	1.7266599999999954	-1.378576760944707	
1A	2	b	125.700848	133.298152	132.607488	7.597303999999994	-1.079395082391713	129.154168	3.798651999999997	-5.328343061884853	
1A	2	b	133.988816	143.658112	138.1328	9.669295999999974	-1.0884713117410723	138.823464	4.834647999999987	-7.415689731461076	
1A	2	b	144.348776	159.543384	149.874088	15.194608000000017	-1.4557746217007637	151.94608	7.597304000000008	-16.96778977190653	
1A	2	b	160.234048	176.809984	174.737992	16.575935999999984	-1.7854542204176074	168.522016	8.287967999999992	-16.59979835676912	
1A	2	b	177.500648	202.364552	190.623264	24.86390399999999	-3.615795445873319	189.9326	12.431951999999995	-55.88247807381032	
1A	2	b	203.055216	227.228456	211.343184	24.173239999999993	-2.7211907054293327	214.796504	12.086619999999996	-53.07545611815704	
1A	2	b	227.91912	239.660408	236.207088	11.741287999999997	-2.6782049777825474	233.444432	5.870643999999999	-30.26633396167263	
1A	2	b	240.351072	247.257712	242.423064	6.90664000000001	-1.3982971553712247	243.804392	3.453320000000005	-7.47745480579894	
1A	2	b	247.948376	250.020368	249.329704	2.0719919999999945	-0.7631278069507399	248.63904	1.0359959999999973	-1.2145928629568044	
1A	2	b	252.09236	262.45232	255.54568	10.359959999999973	-2.1856476340621143	256.927008	5.179979999999986	-15.786345707956293	
1A	2	b	266.596304	276.956264	270.740288	10.359960000000001	-1.1124103135505674	271.430952	5.1799800000000005	-9.259041021186206	
1A	2	b	277.646928	286.62556	285.244232	8.978632000000005	-1.3980224642320405	281.790912	4.489316000000002	-8.65923958523306	
1A	2	b	287.316224	291.460208	288.697552	4.143984000000046	-1.1782734687642087	289.388216	2.071992000000023	-3.979986731195665	
1A	2	b	292.150872	329.446728	309.417472	37.295856000000015	-2.098370710713546	310.7988	18.647928000000007	-58.76041517735021	
1A	2	b	330.137392	336.353368	331.51872	6.215976000000012	-1.582505753679742	332.900048	3.107988000000006	-5.707133341925912	
1A	2	b	337.044032	343.950672	342.569344	6.906639999999982	-1.197279625357032	340.497352	3.453319999999991	-6.6056976794526046	
1A	2	b	344.641336	352.23864	346.713328	7.597303999999951	-1.5172399147607134	348.094656	3.7986519999999757	-8.89600135799962	
1A	2	b	352.929304	355.001296	352.929304	2.071992000000023	-0.9638654973468164	353.619968	1.0359960000000115	-0.9566894152005565	
1A	2	b	357.073288	368.814576	365.361256	11.741287999999997	-1.2947846303045374	362.5986	5.870643999999999	-11.0223125325241	
1A	2	b	372.95856	395.750472	382.627856	22.791912000000025	-1.839782490215855	384.009184	11.395956000000012	-33.681247447829094	
1A	2	b	396.441136	398.513128	397.822464	2.071992000000023	-0.9892957148317247	397.1318	1.0359960000000115	-0.6129799246395216	
1A	2	b	399.203792	404.729104	401.275784	5.525311999999985	-1.1369855850721091	401.966448	2.7626559999999927	-4.903429852626076	
1A	2	b	405.419768	410.94508	408.182424	5.525312000000042	-0.803880505891998	408.182424	2.762656000000021	-2.0239990365181466	
1A	2	b	411.635744	419.923712	416.470392	8.287968000000035	-1.1776112807089447	415.779728	4.143984000000017	-7.97822404268838	
1A	2	b	420.614376	424.75836	424.067696	4.143983999999989	-1.0610883347821236	422.686368	2.0719919999999945	-3.6291439939267107	
1A	2	b	425.449024	439.952968	428.21168	14.50394399999999	-1.874814658065473	432.355664	7.251971999999995	-23.9061936801131	
1A	2	b	442.02496	450.312928	445.47828	8.287967999999978	-1.6703582981432863	446.168944	4.143983999999989	-11.486656165357399	
1A	2	b	451.003592	462.74488	457.219568	11.741287999999997	-1.6068844318498332	456.528904	5.870643999999999	-15.327899593023602	
1A	2	b	463.435544	470.342184	468.270192	6.906639999999982	-1.353313898173651	466.888864	3.453319999999991	-6.36885837690818	
1A	2	b	473.10484	475.176832	474.486168	2.071991999999966	-0.7428759194872683	473.795504	1.035995999999983	-0.667345600133955	
1A	2	b	475.867496	477.939488	475.867496	2.071991999999966	-0.9302324055751789	476.55816	1.035995999999983	-0.6496975735095054	
1A	2	b	478.630152	481.392808	478.630152	2.7626559999999927	-1.0186918521589252	480.01148	1.3813279999999963	-1.7508430648109181	
1A	2	b	482.083472	484.846128	482.774136	2.7626560000000495	-0.5922428198203704	483.4648	1.3813280000000248	-1.5363807438706516	
1A	2	b	485.536792	497.27808	491.062104	11.741287999999997	-1.2627741594095596	491.062104	5.870643999999999	-8.106731424510222	
1A	2	b	497.968744	500.7314	497.968744	2.7626559999999927	-0.7274279417891201	499.350072	1.3813279999999963	-0.8407145679409727	
1A	2	b	501.422064	505.566048	502.112728	4.143984000000046	-0.9120926263415701	503.494056	2.071992000000023	-2.691721984372916	
1A	2	b	506.256712	510.400696	507.63804	4.143983999999989	-1.3790692031890508	508.328704	2.0719919999999945	-4.518804354365296	
1A	2	b	511.09136	516.616672	514.54468	5.525311999999985	-1.561672258965789	513.854016	2.7626559999999927	-5.934976547358233	
1A	2	b	517.307336	521.45132	518.688664	4.143984000000046	-0.9544267309710399	519.379328	2.071992000000023	-2.391044730753544	
1A	2	b	522.141984	524.90464	524.213976	2.7626559999999927	-0.7956640408813218	523.523312	1.3813279999999963	-2.162965719269807	
1A	2	b	526.976632	535.2646	531.81128	8.287967999999978	-1.1360971833746714	531.120616	4.143983999999989	-5.892543085162531	
1A	2	b	535.955264	539.408584	538.71792	3.4533199999999624	-0.5026427490867267	537.336592	1.7266599999999812	-1.2106347160979212	
1A	2	b	540.099248	543.552568	540.789912	3.4533199999999624	-1.0054603696109226	541.480576	1.7266599999999812	-3.0493023862667314	
1A	2	b	544.243232	546.315224	544.243232	2.0719919999999092	-0.997721092582367	544.933896	1.0359959999999546	-1.1900872975418286	
1A	2	b	547.005888	557.365848	550.459208	10.359960000000001	-1.6327060984847108	551.840536	5.1799800000000005	-11.917283512004754	
1A	2	b	560.128504	573.25112	571.869792	13.122615999999994	-1.5728265594202	566.34448	6.561307999999997	-14.86320091642486	
1A	2	b	575.323112	577.395104	575.323112	2.0719919999999092	-0.8193057887862576	576.013776	1.0359959999999546	-0.8670547960331474	
1A	2	b	578.085768	585.683072	579.467096	7.597304000000008	-1.3007392394319428	581.539088	3.798652000000004	-7.536837942867728	
1A	2	b	586.373736	599.496352	591.899048	13.122615999999994	-1.4974975353449604	592.589712	6.561307999999997	-9.993727986138037	
2A	2	b	0.0	2.071992	0.0	2.071992	-1.880451381088319	0.690664	1.035996	-1.2750669468311928	
2A	2	b	2.762656	4.834648	3.45332	2.071992	-0.8234918807284544	3.45332	1.035996	-1.4555279032087896	
2A	2	b	6.90664	8.978632	8.287968	2.071991999999999	-0.679395753823524	7.597304	1.0359959999999995	-0.9204693495477816	
2A	2	b	9.669296	15.194608	14.503944	5.525312000000001	-1.2943301131921672	12.431952	2.7626560000000007	-4.957950630555494	
2A	2	b	15.885272	29.698552	18.647928	13.813279999999999	-2.083537913875034	22.791912	6.9066399999999994	-23.66306162875925	
2A	2	b	30.389216	35.223864	31.770544	4.834647999999998	-1.5311832501522744	32.461208	2.417323999999999	-5.702822861774944	
2A	2	b	37.295856	41.43984	40.058512	4.143983999999996	-1.0783033235314505	39.367848	2.071991999999998	-3.1759863969271223	
2A	2	b	42.130504	49.037144	45.583824	6.906639999999996	-2.3236376597641275	45.583824	3.453319999999998	-7.148326614423821	
2A	2	b	49.727808	52.490464	51.7998	2.762656	-1.0400992949103056	51.109136	1.381328	-1.986412989109688	
2A	2	b	54.562456	58.015776	55.943784	3.453320000000005	-1.508066208808092	55.943784	1.7266600000000025	-3.116127605849922	
2A	2	b	60.087768	63.541088	60.087768	3.453320000000005	-1.5649412444426893	61.469096	1.7266600000000025	-3.372960296196311	
2A	2	b	64.231752	66.994408	65.61308	2.762656000000007	-1.389583432558041	65.61308	1.3813280000000034	-2.5019304893316985	
2A	2	b	67.685072	72.51972	71.829056	4.834648000000001	-0.777471612992656	69.757064	2.4173240000000007	-3.090865144643306	
2A	2	b	75.282376	77.354368	76.663704	2.0719919999999945	-0.8158744298496963	75.97304	1.0359959999999973	-0.9843779510262483	
2A	2	b	78.045032	80.807688	79.42636	2.7626559999999927	-1.1082242477593454	79.42636	1.3813279999999963	-2.9006213271535124	
2A	2	b	86.333	89.78632	88.404992	3.453320000000005	-0.7376995172826746	87.714328	1.7266600000000025	-2.839499641516378	
2A	2	b	90.476984	93.23964	91.167648	2.7626559999999927	-0.5349106854692351	91.858312	1.3813279999999963	-1.1581135673118919	
2A	2	b	93.930304	98.074288	95.311632	4.143983999999989	-1.4674033574559147	96.002296	2.0719919999999945	-5.105398095654509	
2A	2	b	98.764952	103.5996	100.14628	4.834648000000001	-1.4504362751261795	100.836944	2.4173240000000007	-6.522811754589986	
2A	2	b	104.290264	108.434248	107.743584	4.143984000000003	-1.132077182700563	106.362256	2.0719920000000016	-3.0707780418296906	
2A	2	b	109.124912	111.196904	109.124912	2.0719920000000087	-1.2598743017905356	109.815576	1.0359960000000044	-0.9906771620143733	
2A	2	b	111.887568	113.95956	113.268896	2.0719919999999945	-1.2725630617122903	112.578232	1.0359959999999973	-1.5472762836183431	
2A	2	b	114.650224	116.722216	116.031552	2.0719920000000087	-1.8249889483662898	115.340888	1.0359960000000044	-2.406033678097529	
2A	2	b	117.41288	121.556864	118.794208	4.143984000000003	-2.24036064606679	119.484872	2.0719920000000016	-6.646635427347654	
2A	2	b	122.247528	125.010184	122.247528	2.7626559999999927	-1.4423331022968569	123.628856	1.3813279999999963	-2.7191340788075617	
2A	2	b	125.700848	131.916824	128.463504	6.215975999999998	-2.3522597178667226	128.463504	3.107987999999999	-8.12200414049527	
2A	2	b	132.607488	138.823464	135.370144	6.215976000000012	-1.334926900265991	135.370144	3.107988000000006	-7.494548921408738	
2A	2	b	141.58612	143.658112	142.967448	2.0719919999999945	-0.7596790087623653	142.276784	1.0359959999999973	-0.549360931249609	
2A	2	b	147.111432	152.636744	149.183424	5.525311999999985	-1.7114358094464635	149.874088	2.7626559999999927	-7.697918065425142	
2A	2	b	153.327408	160.234048	154.708736	6.90664000000001	-1.8638548270265503	156.780728	3.453320000000005	-10.76833000868478	
2A	2	b	164.378032	171.975336	167.140688	7.597304000000008	-2.7961735051752843	167.831352	3.798652000000004	-15.325303954951542	
2A	2	b	172.666	180.953968	176.809984	8.287968000000006	-1.6545458143291647	176.809984	4.143984000000003	-11.774440211282222	
2A	2	b	181.644632	194.767248	187.169944	13.122615999999994	-4.506766338455645	187.860608	6.561307999999997	-40.485730049357045	
2A	2	b	195.457912	202.364552	195.457912	6.90664000000001	-3.355768020128071	198.911232	3.453320000000005	-15.8234183472881	
2A	2	b	205.127208	223.775136	208.580528	18.647928000000007	-6.904879311798382	214.10584	9.323964000000004	-78.38325579738887	
2A	2	b	224.4658	239.660408	231.37244	15.194607999999988	-6.400963729732814	232.063104	7.597303999999994	-60.11409525365889	
2A	2	b	240.351072	249.329704	242.423064	8.978632000000005	-2.141366869281928	244.495056	4.489316000000002	-11.793427155687521	
2A	2	b	250.020368	263.833648	252.783024	13.813279999999992	-4.7523373551624495	256.927008	6.906639999999996	-40.90681748008045	
2A	2	b	264.524312	277.646928	267.977632	13.122615999999994	-1.9325024854237718	270.740288	6.561307999999997	-19.34734129646384	
2A	2	b	278.337592	285.244232	279.71892	6.9066400000000385	-1.9493582540436059	281.790912	3.4533200000000193	-7.688445215300922	
2A	2	b	285.934896	298.366848	294.222864	12.431952000000024	-1.5216510187973604	292.150872	6.215976000000012	-16.40537035893803	
2A	2	b	299.057512	302.510832	301.820168	3.4533200000000193	-1.1377891566850735	300.43884	1.7266600000000096	-2.3547356142780806	
2A	2	b	303.201496	319.777432	317.014776	16.575935999999956	-2.62099418191098	311.489464	8.287967999999978	-33.72200647886947	
2A	2	b	320.468096	330.137392	323.921416	9.669295999999974	-1.9085959935742558	325.302744	4.834647999999987	-16.361063812250805	
2A	2	b	330.828056	334.97204	333.590712	4.143983999999989	-1.3601014816683161	332.900048	2.0719919999999945	-5.827618512003632	
2A	2	b	335.662704	347.403992	338.42536	11.741287999999997	-2.0649850932207414	341.188016	5.870643999999999	-16.483093759680234	
2A	2	b	348.094656	358.454616	352.23864	10.359960000000001	-2.775316406297481	352.929304	5.1799800000000005	-18.450448238013713	
2A	2	b	359.14528	368.814576	366.05192	9.669295999999974	-3.1724242643843183	363.979928	4.834647999999987	-24.107076202465255	
2A	2	b	369.50524	381.937192	377.793208	12.431951999999967	-3.106367849325075	375.721216	6.2159759999999835	-30.008193534833772	
2A	2	b	382.627856	398.513128	392.297152	15.885271999999986	-2.954843482133935	390.22516	7.942635999999993	-39.58214286812754	
2A	2	b	399.203792	451.003592	403.347776	51.799800000000005	-3.000993139891513	424.75836	25.899900000000002	-112.3871738331032	
2A	2	b	453.075584	459.29156	456.528904	6.215976000000012	-1.5922732540510864	455.83824	3.107988000000006	-6.818603532110684	
2A	2	b	461.363552	478.630152	469.65152	17.266599999999983	-1.794900868250938	469.65152	8.633299999999991	-17.039068988241695	
2A	2	b	479.320816	482.774136	480.702144	3.4533200000000193	-1.455792979164702	480.702144	1.7266600000000096	-4.192937640857213	
2A	2	b	483.4648	513.163352	488.990112	29.698552000000007	-2.683023422109402	497.968744	14.849276000000003	-54.20297529483433	
2A	2	b	513.854016	516.616672	515.235344	2.7626559999999927	-2.0018633357804454	515.235344	1.3813279999999963	-3.9150613534979968	
2A	2	b	517.307336	520.760656	517.307336	3.453320000000076	-1.7831482356449513	518.688664	1.726660000000038	-3.9609437471140776	
2A	2	b	521.45132	529.048624	524.213976	7.597304000000008	-1.7106132607064097	524.90464	3.798652000000004	-9.640508951358802	
2A	2	b	529.739288	562.89116	555.98452	33.151872000000026	-2.4745736514544454	546.315224	16.575936000000013	-59.25094616512219	
2A	2	b	563.581824	582.920416	580.848424	19.338592000000062	-1.8141075655384817	573.25112	9.669296000000031	-33.366501730687034	
2A	2	b	583.61108	587.0644	584.301744	3.4533199999999624	-1.5462292917054423	584.992408	1.7266599999999812	-3.442487155585786	
2A	2	b	587.755064	594.661704	591.899048	6.9066400000000385	-1.8814550564616486	591.208384	3.4533200000000193	-11.071450023235446	
2A	2	b	596.733696	599.496352	598.115024	2.7626559999999927	-1.2529000996689206	598.115024	1.3813279999999963	-2.4629532670237744	
3A	2	b	2.071992	6.215976	4.834648	4.143984000000001	-1.1079420229422858	4.143984	2.0719920000000003	-4.362091586747926	
3A	2	b	10.35996	15.194608	12.431952	4.834648000000001	-1.9575893687506785	12.431952	2.4173240000000007	-5.21638803711628	
3A	2	b	15.885272	20.029256	18.647928	4.143984	-1.7484028284460145	17.957264	2.071992	-5.995599580648138	
3A	2	b	20.71992	32.461208	21.410584	11.741288	-2.5224949477713245	26.245232	5.870644	-18.73744628087615	
3A	2	b	35.914528	48.34648	38.677184	12.431952000000003	-1.7776923716937212	42.130504	6.215976000000001	-16.08622281749596	
3A	2	b	49.037144	51.109136	50.418472	2.0719920000000016	-0.9631042706922877	49.727808	1.0359960000000008	-1.510777621322676	
3A	2	b	51.7998	58.015776	54.562456	6.215976000000005	-1.692364009693101	54.562456	3.1079880000000024	-9.227400599145637	
3A	2	b	58.70644	67.685072	62.850424	8.978632000000005	-1.8264053064554773	62.850424	4.489316000000002	-12.530869082357718	
3A	2	b	68.375736	76.663704	75.97304	8.287967999999992	-1.74060993605206	72.51972	4.143983999999996	-9.22228494526235	
3A	2	b	77.354368	95.311632	84.951672	17.95726400000001	-2.1577993369337634	86.333	8.978632000000005	-35.87013788666401	
3A	2	b	98.074288	108.434248	104.290264	10.359960000000001	-2.4196599896723647	102.908936	5.1799800000000005	-18.537995583544305	
3A	2	b	109.124912	116.722216	111.196904	7.597304000000008	-1.7167201373570578	112.578232	3.798652000000004	-9.241157331352285	
3A	2	b	117.41288	121.556864	119.484872	4.143984000000003	-1.6335522004193024	119.484872	2.0719920000000016	-4.398426090689968	
3A	2	b	122.247528	144.348776	126.391512	22.101247999999984	-2.4614246551016166	133.298152	11.050623999999992	-43.847426786883354	
3A	2	b	147.111432	149.874088	147.802096	2.7626559999999927	-1.1928424591648898	148.49276	1.3813279999999963	-2.996533630834712	
3A	2	b	150.564752	157.471392	151.255416	6.90664000000001	-1.7991348245234775	154.018072	3.453320000000005	-8.753713748957946	
3A	2	b	158.162056	172.666	161.615376	14.50394399999999	-2.6182233761435505	165.068696	7.251971999999995	-23.19356042383944	
3A	2	b	173.356664	176.11932	174.047328	2.7626559999999927	-2.3884167294421808	174.737992	1.3813279999999963	-5.767498200356416	
3A	2	b	176.809984	187.169944	176.809984	10.359960000000001	-2.6414048004288375	181.644632	5.1799800000000005	-23.750339302017757	
3A	2	b	187.860608	190.623264	189.9326	2.7626559999999927	-0.634844545953527	189.241936	1.3813279999999963	-1.2647891032607728	
3A	2	b	192.695256	198.220568	193.38592	5.525311999999985	-1.6857694591687782	195.457912	2.7626559999999927	-5.7953468322966994	
3A	2	b	198.911232	201.673888	199.601896	2.7626559999999927	-1.10466243882626	200.29256	1.3813279999999963	-1.8403406470249344	
3A	2	b	202.364552	211.343184	205.817872	8.978632000000005	-5.012161787521819	206.508536	4.489316000000002	-32.72480104128449	
3A	2	b	212.033848	214.10584	213.415176	2.0719919999999945	-0.9744718847614955	212.724512	1.0359959999999973	-1.2376253767205387	
3A	2	b	214.796504	238.969744	226.537792	24.173239999999993	-3.82035057054987	226.537792	12.086619999999996	-62.5392858554354	
3A	2	b	239.660408	244.495056	241.7324	4.834648000000016	-1.7733900962013038	241.7324	2.417324000000008	-6.472694437413589	
3A	2	b	245.18572	256.236344	250.020368	11.05062399999997	-2.450854411801206	250.711032	5.525311999999985	-24.763058642538695	
3A	2	b	258.308336	262.45232	261.761656	4.143983999999989	-1.7323902816442	260.380328	2.0719919999999945	-3.7705477762931743	
3A	2	b	263.142984	278.337592	269.35896	15.19460799999996	-2.4355825125307753	270.740288	7.59730399999998	-25.454307181569817	
3A	2	b	279.028256	282.481576	281.100248	3.4533200000000193	-1.2721504182319414	280.409584	1.7266600000000096	-3.1953467182145445	
3A	2	b	286.62556	294.222864	292.841536	7.597304000000008	-1.740879458366937	290.07888	3.798652000000004	-11.544689151017424	
3A	2	b	294.913528	298.366848	296.294856	3.4533200000000193	-1.5862239769579567	296.294856	1.7266600000000096	-4.424826462221802	
3A	2	b	302.510832	308.726808	308.036144	6.215976000000012	-1.4167621908464696	305.273488	3.107988000000006	-5.011740420294551	
3A	2	b	312.180128	314.25212	312.870792	2.071991999999966	-0.6990736928494385	312.870792	1.035995999999983	-1.1323216726651335	
3A	2	b	314.942784	317.70544	315.633448	2.7626559999999927	-1.064097823574457	316.324112	1.3813279999999963	-1.2537199816018472	
3A	2	b	322.540088	328.0654	326.684072	5.525311999999985	-1.5563041001505695	325.302744	2.7626559999999927	-6.584812797258483	
3A	2	b	330.137392	332.900048	332.209384	2.7626560000000495	-1.3265040572666713	331.51872	1.3813280000000248	-2.6398375293235024	
3A	2	b	334.97204	342.569344	337.044032	7.597304000000008	-2.025678117738156	338.42536	3.798652000000004	-11.73612893955318	
3A	2	b	346.713328	370.195904	355.001296	23.482575999999995	-2.4614591837618	358.454616	11.741287999999997	-39.498234122340534	
3A	2	b	379.8652	384.699848	382.627856	4.834647999999959	-1.0351057566359003	381.937192	2.4173239999999794	-3.5027487594983846	
3A	2	b	388.153168	396.441136	393.67848	8.287967999999978	-2.0826192134137465	392.297152	4.143983999999989	-11.595967492026638	
3A	2	b	397.1318	422.686368	408.873088	25.554568000000017	-2.316507744023543	409.563752	12.777284000000009	-36.573028679114074	
3A	2	b	423.377032	459.29156	430.974336	35.91452800000002	-2.290657088224645	441.334296	17.95726400000001	-63.52919573172713	
3A	2	b	464.126208	473.795504	464.126208	9.669295999999974	-1.464573082919145	468.960856	4.834647999999987	-10.963352716224355	
3A	2	b	474.486168	481.392808	477.939488	6.906639999999982	-1.8678994549286116	477.939488	3.453319999999991	-9.916025318717978	
3A	2	b	482.083472	495.206088	486.227456	13.12261600000005	-2.4931273798902716	488.299448	6.561308000000025	-26.836289289809795	
3A	2	b	497.968744	516.616672	498.659408	18.64792799999998	-2.148661290416989	506.947376	9.32396399999999	-33.67750879143279	
3A	2	b	517.307336	528.35796	517.307336	11.050624000000084	-1.907842954961236	522.832648	5.525312000000042	-16.047294054282904	
3A	2	b	529.048624	545.62456	531.120616	16.575935999999956	-1.9040222901039243	537.336592	8.287967999999978	-23.64245723061078	
3A	2	b	546.315224	554.603192	553.912528	8.287968000000092	-1.7947191377243357	550.459208	4.143984000000046	-10.686091744794211	
3A	2	b	555.293856	560.128504	555.293856	4.834648000000016	-1.3835278983726305	557.365848	2.417324000000008	-5.363822011747455	
3A	2	b	560.819168	562.89116	562.200496	2.071992000000023	-1.3286820782834	561.509832	1.0359960000000115	-2.1592776490009147	
3A	2	b	563.581824	582.229752	564.272488	18.64792799999998	-2.098989067005064	572.560456	9.32396399999999	-29.28711176714844	
3A	2	b	582.920416	596.733696	589.136392	13.813279999999963	-2.500665924600572	589.827056	6.906639999999982	-14.678921396635758	
3A	2	b	597.42436	599.496352	597.42436	2.071992000000023	-1.452868547612244	598.115024	1.0359960000000115	-1.3789499134225416	
4A	4	a	0.0	3.45332	0.690664	3.45332	0.6945564814489025	1.381328	1.72666	1.515032464665719	
4A	2	b	4.143984	6.215976	5.525312	2.0719920000000007	-0.4541592070612914	4.834648	1.0359960000000004	-0.27890079492839526	
4A	2	b	8.978632	43.511832	21.410584	34.5332	-1.1947058793356717	26.245232	17.2666	-32.026268575651386	
4A	2	b	44.202496	53.871792	48.34648	9.669296000000003	-0.8848185872964933	49.037144	4.834648000000001	-7.691457817274554	
4A	2	b	54.562456	68.375736	60.087768	13.813280000000006	-1.3314127008477499	61.469096	6.906640000000003	-14.00248844109516	
4A	2	b	69.0664	74.591712	71.829056	5.525312	-1.1208730319961155	71.829056	2.762656	-4.173929243570443	
4A	2	b	75.282376	78.045032	76.663704	2.762656000000007	-0.41162059552549124	76.663704	1.3813280000000034	-0.8312641602620339	
4A	2	b	78.735696	82.189016	80.807688	3.453319999999991	-0.5204605975220069	80.117024	1.7266599999999954	-1.1868448984692783	
4A	2	b	82.87968	86.333	84.951672	3.453320000000005	-0.8379202033351163	84.261008	1.7266600000000025	-1.8790328920922335	
4A	2	b	87.023664	98.074288	94.620968	11.050624	-1.0004675492790902	92.548976	5.525312	-6.269520323618574	
4A	2	b	98.764952	111.196904	100.836944	12.43195200000001	-0.7338718156409421	104.980928	6.215976000000005	-7.02258259615906	
4A	2	b	111.887568	115.340888	113.95956	3.453320000000005	-0.4219094539942212	113.268896	1.7266600000000025	-1.0403905170911347	
4A	2	b	117.41288	175.428656	159.543384	58.01577599999999	-8.178533699005989	146.420768	29.007887999999994	-135.766908594462	
4A	2	b	176.11932	194.767248	180.263304	18.647928000000007	-6.4156425228874205	185.097952	9.323964000000004	-73.947832139839	
4A	4	a	196.83924	198.911232	196.83924	2.071992000000023	0.38200850043937606	197.529904	1.0359960000000115	0.5549106499616787	
4A	2	b	199.601896	211.343184	202.364552	11.741287999999997	-8.22702241432577	205.127208	5.870643999999999	-62.11274318157733	
4A	2	b	212.033848	236.897752	223.775136	24.86390399999999	-9.542305786555112	224.4658	12.431951999999995	-121.42712299334988	
4A	2	b	241.041736	258.999	245.876384	17.957264000000038	-9.72426084020237	250.020368	8.978632000000019	-100.4634303898147	
4A	2	b	259.689664	278.337592	264.524312	18.64792799999998	-7.1912621315135965	268.668296	9.32396399999999	-86.34496969857008	
4A	2	b	281.790912	294.913528	284.553568	13.122615999999994	-5.654593924336371	288.006888	6.561307999999997	-50.049681167578235	
4A	2	b	295.604192	312.870792	303.89216	17.266599999999983	-2.05118709985954	303.89216	8.633299999999991	-18.565796394531084	
4A	2	b	313.561456	315.633448	313.561456	2.071991999999966	-0.4663583015603123	314.25212	1.035995999999983	-0.4753164475692966	
4A	2	b	317.70544	341.87868	322.540088	24.173239999999964	-4.520163221953553	329.446728	12.086619999999982	-59.8444229427343	
4A	2	b	342.569344	362.5986	346.713328	20.029255999999975	-2.914601722490911	352.23864	10.014627999999988	-33.78088654041634	
4A	2	b	363.289264	383.31852	372.267896	20.029255999999975	-2.5077161814669644	372.95856	10.014627999999988	-29.0229209693448	
4A	2	b	384.009184	394.369144	386.081176	10.359960000000001	-1.1878524688851648	388.843832	5.1799800000000005	-7.675321077826416	
4A	4	a	397.822464	403.347776	398.513128	5.525311999999985	0.5441031485541856	400.58512	2.7626559999999927	1.812416319728463	
4A	4	a	404.03844	406.801096	404.03844	2.7626559999999927	0.42459187818162647	405.419768	1.3813279999999963	0.28920065909925086	
4A	2	b	410.94508	423.377032	413.017072	12.431951999999967	-0.7396760835791305	417.161056	6.2159759999999835	-5.759085401783249	
4A	2	b	425.449024	497.27808	486.227456	71.82905599999998	-1.4717769160714411	461.363552	35.91452799999999	-70.69911056502694	
4A	2	b	497.968744	502.803392	499.350072	4.834647999999959	-1.0125876397781184	500.040736	2.4173239999999794	-3.2133870083761114	
4A	2	b	504.875384	560.128504	520.760656	55.253120000000024	-1.160152815386354	532.501944	27.626560000000012	-45.783814791796786	
4A	2	b	566.34448	582.920416	578.085768	16.57593600000007	-0.9645652328327472	574.632448	8.287968000000035	-11.24729294309761	
4A	2	b	583.61108	592.589712	588.445728	8.978631999999948	-0.974148601956319	587.755064	4.489315999999974	-7.647917479184818	
4A	2	b	593.280376	599.496352	598.805688	6.215975999999955	-0.7280493511699468	596.043032	3.1079879999999775	-3.2429104063395897	
5A	2	b	2.071992	8.287968	5.525312	6.2159759999999995	-0.27104104894116077	4.834648	3.1079879999999998	-1.2058071881087686	
5A	2	b	10.35996	31.770544	16.575936	21.410584	-0.7462754634488338	20.71992	10.705292	-8.755423302550325	
5A	2	b	32.461208	37.295856	32.461208	4.834648000000001	-0.2596969141236709	34.5332	2.4173240000000007	-0.7776481943580729	
5A	2	b	37.98652	43.511832	38.677184	5.525312	-0.23906731952525462	40.749176	2.762656	-0.8271514003023199	
5A	2	b	44.202496	46.274488	44.202496	2.0719920000000016	-0.24253324446340763	44.89316	1.0359960000000008	-0.40184936483344114	
5A	2	b	46.965152	75.97304	60.087768	29.007887999999994	-0.637091115532268	61.469096	14.503943999999997	-14.49156499905665	
5A	2	b	76.663704	80.117024	76.663704	3.453320000000005	-0.128047248002785	78.045032	1.7266600000000025	-0.282593352347388	
5A	2	b	82.189016	134.67948	117.41288	52.49046400000002	-0.7202467466100604	108.434248	26.24523200000001	-25.358161528550816	
5A	2	b	135.370144	149.183424	138.1328	13.813279999999992	-1.9549935941088528	142.276784	6.906639999999996	-13.704441902218438	
5A	2	b	149.874088	196.83924	178.881976	46.96515199999999	-3.81798146748479	173.356664	23.482575999999995	-110.86943737519942	
5A	2	b	197.529904	210.65252	200.983224	13.122616000000022	-3.1373458753669983	203.74588	6.561308000000011	-28.64064590907835	
5A	2	b	211.343184	277.646928	221.703144	66.303744	-4.855853399227167	244.495056	33.151872	-236.5692993725904	
5A	2	b	279.71892	290.769544	283.17224	11.05062399999997	-1.363483515289035	285.244232	5.525311999999985	-11.782083911990938	
5A	2	b	293.5322	315.633448	303.89216	22.101248	-1.3401920617310696	304.582824	11.050624	-21.590300361027126	
5A	2	b	316.324112	329.446728	320.468096	13.122615999999994	-1.2009362603864684	322.540088	6.561307999999997	-11.650040715404208	
5A	2	b	330.137392	340.497352	334.281376	10.359960000000001	-0.39859804145143585	334.97204	5.1799800000000005	-3.1946356593353427	
5A	2	b	341.188016	366.742584	346.713328	25.554568000000017	-1.2266103413299172	353.619968	12.777284000000009	-21.692039806155172	
5A	2	b	367.433248	381.937192	372.267896	14.50394399999999	-1.3125690630514706	374.339888	7.251971999999995	-12.602155311674325	
5A	4	a	382.627856	386.081176	383.31852	3.4533200000000193	0.2938611992362059	384.009184	1.7266600000000096	0.7788851844826077	
5A	2	b	386.77184	393.67848	390.915824	6.906639999999982	-0.219781523200119	390.22516	3.453319999999991	-1.018411870816402	
5A	4	a	394.369144	430.283672	401.275784	35.91452800000002	0.8909546108543882	412.326408	17.95726400000001	28.81661457571117	
5A	2	b	433.046328	437.880976	433.736992	4.834647999999959	-0.2112914755463624	435.11832	2.4173239999999794	-1.020767591209185	
5A	2	b	438.57164	444.787616	440.643632	6.215976000000012	-0.1752318709783598	441.334296	3.107988000000006	-0.5263630464958089	
5A	2	b	447.550272	449.622264	448.240936	2.071991999999966	-0.06932840945382068	448.240936	1.035995999999983	-0.10893741199215778	
5A	2	b	453.075584	462.74488	453.766248	9.669296000000031	-0.3690493878386736	457.910232	4.834648000000016	-2.415308449202919	
5A	2	b	464.816872	496.587416	478.630152	31.77054400000003	-0.9491970349109975	480.702144	15.885272000000015	-20.460119412788657	
5A	2	b	497.27808	511.782024	503.494056	14.50394399999999	-0.6773007748329487	504.18472	7.251971999999995	-5.703600059854754	
5A	2	b	512.472688	520.069992	513.854016	7.597304000000008	-0.24336225840982095	515.926008	3.798652000000004	-0.991914065315405	
5A	2	b	520.760656	531.81128	526.976632	11.05062399999997	-0.40954611682133724	526.285968	5.525311999999985	-2.896431162196117	
5A	2	b	532.501944	540.789912	537.336592	8.287967999999978	-0.4017182812699396	536.645928	4.143983999999989	-2.4229446688375527	
5A	2	b	541.480576	551.149872	549.07788	9.669295999999918	-0.2316112716955967	546.315224	4.834647999999959	-1.4202418962443626	
5A	2	b	551.840536	569.107136	554.603192	17.266599999999926	-0.49370326865139447	560.128504	8.633299999999963	-5.597852522347411	
5A	2	b	569.7978	598.115024	584.301744	28.317223999999896	-0.46689233851110057	583.61108	14.158611999999948	-7.861334427279722	
6A	2	b	2.071992	8.287968	2.762656	6.2159759999999995	-0.6685862108091314	4.834648	3.1079879999999998	-2.975021599200696	
6A	2	b	8.978632	13.81328	12.431952	4.834648000000001	-0.513162851003333	11.050624	2.4173240000000007	-1.1864135635554245	
6A	2	b	14.503944	69.0664	46.965152	54.562456	-1.0967103105706926	41.43984	27.281228	-52.87641557122128	
6A	2	b	69.757064	75.97304	71.829056	6.215975999999998	-0.580575541808976	72.51972	3.107987999999999	-2.2727548923966	
6A	2	b	76.663704	120.8662	94.620968	44.20249600000001	-0.9126370140666076	98.764952	22.101248000000005	-28.358518436980592	
6A	2	b	121.556864	124.31952	123.628856	2.7626559999999927	-0.3962727005629425	122.938192	1.3813279999999963	-0.6107666458395009	
6A	2	b	125.010184	147.111432	132.607488	22.101248000000012	-0.7413210032755799	136.060808	11.050624000000006	-10.588815472745331	
6A	2	b	147.802096	151.94608	149.183424	4.143983999999989	-0.2596034427249556	149.874088	2.0719919999999945	-1.0087030960391186	
6A	2	b	154.018072	158.85272	156.090064	4.834648000000016	-0.456325151208258	156.090064	2.417324000000008	-1.5239414271977516	
6A	2	b	167.140688	171.284672	168.522016	4.143983999999989	-0.34519348062788424	169.21268	2.0719919999999945	-0.6919892997943933	
6A	2	b	173.356664	181.644632	174.737992	8.287968000000006	-0.42458556995588737	177.500648	4.143984000000003	-2.2211055768848293	
6A	2	b	182.335296	184.407288	183.716624	2.0719919999999945	-0.31257848453196146	183.02596	1.0359959999999973	-0.4086264426611983	
6A	2	b	185.097952	204.436544	195.457912	19.338592000000006	-1.0721970831352579	194.767248	9.669296000000003	-16.762650099041245	
6A	2	b	205.127208	214.10584	206.508536	8.978632000000005	-0.36427977346106744	209.271192	4.489316000000002	-2.137647750056699	
6A	2	b	214.796504	226.537792	221.01248	11.741287999999997	-2.090557658880776	220.321816	5.870643999999999	-16.241883906198858	
6A	2	b	232.753768	267.286968	240.351072	34.533199999999994	-4.22087346605986	250.020368	17.266599999999997	-101.14700385399078	
6A	2	b	267.977632	327.374736	281.100248	59.397103999999956	-6.1278641682557815	297.676184	29.698551999999978	-250.21110991177403	
6A	2	b	328.0654	348.78532	338.42536	20.719920000000002	-3.563565456950913	338.42536	10.359960000000001	-49.721464433376106	
6A	2	b	349.475984	367.433248	352.929304	17.95726400000001	-0.8132380621684199	358.454616	8.978632000000005	-11.894943434005569	
6A	2	b	371.577232	374.339888	372.267896	2.7626559999999927	-0.2619823847877054	372.95856	1.3813279999999963	-0.5285731615115399	
6A	4	a	375.030552	377.102544	376.41188	2.071992000000023	0.22276972921156002	375.721216	1.0359960000000115	0.28611660956711926	
6A	4	a	379.174536	386.081176	383.31852	6.9066400000000385	0.6534103980642065	382.627856	3.4533200000000193	3.35951284339375	
6A	2	b	388.153168	423.377032	397.1318	35.22386399999999	-2.6513932642273357	405.419768	17.611931999999996	-64.58456294526341	
6A	2	b	424.067696	430.283672	425.449024	6.215976000000012	-0.09270050722584777	426.830352	3.107988000000006	-0.4293034042451662	
6A	4	a	430.974336	459.982224	449.622264	29.00788799999998	1.4140911693919378	445.47828	14.50394399999999	32.528406778280434	
6A	2	b	460.672888	462.74488	460.672888	2.071992000000023	-0.3641604115244661	461.363552	1.0359960000000115	-0.4233429452821875	
6A	4	a	463.435544	465.507536	463.435544	2.071992000000023	0.5626476751855645	464.126208	1.0359960000000115	0.851977379314806	
6A	2	b	466.1982	468.270192	467.579528	2.071992000000023	-0.1822851688920153	466.888864	1.0359960000000115	-0.2363892002850303	
6A	4	a	468.960856	471.723512	469.65152	2.7626560000000495	0.40101609358663026	470.342184	1.3813280000000248	0.7831980003881807	
6A	2	b	472.414176	490.37144	479.320816	17.95726400000001	-1.6693998285093752	481.392808	8.978632000000005	-24.178467518786196	
6A	2	b	492.443432	511.09136	503.494056	18.647928000000036	-1.130096718141683	501.422064	9.323964000000018	-13.593744692476225	
6A	2	b	511.782024	544.933896	537.336592	33.151872000000026	-1.4006849786282611	528.35796	16.575936000000013	-30.27649421736507	
6A	2	b	545.62456	551.149872	547.005888	5.525311999999985	-0.5232780276861853	548.387216	2.7626559999999927	-2.4025277193921983	
6A	2	b	551.840536	560.128504	555.98452	8.287967999999978	-0.435524774231963	555.98452	4.143983999999989	-3.064136568733236	
6A	2	b	560.819168	570.488464	564.963152	9.669296000000031	-0.8423054195291826	565.653816	4.834648000000016	-6.6231534167290365	
6A	4	a	571.179128	573.25112	571.869792	2.071992000000023	0.06856782388395999	571.869792	1.0359960000000115	0.09100543198422617	
6A	2	b	573.941784	599.496352	581.539088	25.554568000000017	-2.578781166016727	586.373736	12.777284000000009	-41.0509714673292	
7A	2	b	2.071992	8.287968	2.762656	6.2159759999999995	-0.7158796238044793	4.834648	3.1079879999999998	-3.102336651023194	
7A	2	b	8.978632	69.0664	51.109136	60.087768000000004	-1.2612545355082716	38.677184	30.043884000000002	-63.58706541400382	
7A	2	b	69.757064	75.97304	71.829056	6.215975999999998	-0.7045656311792357	72.51972	3.107987999999999	-2.828255470461741	
7A	2	b	76.663704	82.189016	80.807688	5.525312	-0.5050786856741816	79.42636	2.762656	-2.1193763252818325	
7A	2	b	82.87968	115.340888	98.764952	32.46120800000001	-0.7349922007407237	98.764952	16.230604000000007	-15.93187416729859	
7A	2	b	116.031552	120.175536	118.794208	4.143983999999989	-0.44364988759377155	118.103544	2.0719919999999945	-1.0783405035993763	
7A	2	b	125.700848	127.77284	127.082176	2.0719920000000087	-0.2581523604463847	126.391512	1.0359960000000044	-0.23610439590228793	
7A	2	b	128.463504	131.22616	129.844832	2.7626559999999927	-0.3512426098500292	129.844832	1.3813279999999963	-0.6859023583578843	
7A	2	b	131.916824	145.03944	142.967448	13.122616000000022	-0.587657294986851	138.1328	6.561308000000011	-5.237865025868272	
7A	2	b	145.730104	153.327408	150.564752	7.59730399999998	-0.4469032297684379	149.183424	3.79865199999999	-2.7631899865638214	
7A	2	b	154.018072	158.85272	154.018072	4.834648000000016	-0.7339560770846489	156.090064	2.417324000000008	-2.5718286383861084	
7A	2	b	165.068696	181.644632	170.594008	16.575936000000013	-0.6880727202065238	173.356664	8.287968000000006	-6.841971343291002	
7A	2	b	182.335296	184.407288	183.716624	2.0719919999999945	-0.3305582767032078	183.02596	1.0359959999999973	-0.31674017423351053	
7A	2	b	186.47928	224.4658	216.868496	37.98652000000001	-1.247292664887759	205.127208	18.993260000000006	-30.57638834273635	
7A	2	b	225.156464	234.82576	232.753768	9.669296000000003	-0.38944288752261613	229.991112	4.834648000000001	-3.1185467465993852	
7A	2	b	235.516424	246.567048	241.7324	11.050624	-0.7925381498966289	241.041736	5.525312	-6.451540848633282	
7A	4	a	247.257712	250.711032	247.257712	3.453319999999991	0.3853291169688866	248.63904	1.7266599999999954	0.8315814843392388	
7A	2	b	251.401696	257.617672	252.783024	6.21597600000004	-0.8887268931123593	254.164352	3.10798800000002	-3.195980194052705	
7A	2	b	259.689664	265.214976	261.070992	5.525311999999985	-0.7083649375087759	262.45232	2.7626559999999927	-2.4693467817617076	
7A	2	b	267.286968	271.430952	269.35896	4.143983999999989	-0.4236270039216201	269.35896	2.0719919999999945	-1.2984546057458548	
7A	2	b	273.502944	303.201496	279.71892	29.698552000000007	-3.0505489144937634	288.006888	14.849276000000003	-65.18018171968093	
7A	2	b	306.654816	309.417472	308.036144	2.7626559999999927	-0.19743495196097882	308.036144	1.3813279999999963	-0.37921107968641543	
7A	4	a	310.108136	313.561456	311.489464	3.4533200000000193	0.30269689439472813	311.489464	1.7266600000000096	0.7356473360867835	
7A	2	b	315.633448	319.086768	318.396104	3.4533200000000193	-0.2140503257603399	317.014776	1.7266600000000096	-0.5440013058651889	
7A	4	a	319.777432	334.97204	332.900048	15.194608000000017	0.9058741474893459	327.374736	7.597304000000008	11.629853050303815	
7A	2	b	335.662704	369.50524	341.188016	33.842535999999996	-4.674625840074835	352.23864	16.921267999999998	-107.11393868746491	
7A	2	b	370.195904	391.606488	373.649224	21.41058400000003	-0.8977036130644009	380.555864	10.705292000000014	-15.068769069424503	
7A	2	b	392.297152	434.427656	403.347776	42.13050400000003	-5.6441781225246785	413.017072	21.065252000000015	-196.89036543871035	
7A	2	b	435.11832	454.456912	445.47828	19.338592000000006	-1.4780880423874514	444.787616	9.669296000000003	-18.305631881004906	
7A	2	b	455.147576	466.888864	464.126208	11.741287999999997	-0.8145048548461347	460.672888	5.870643999999999	-8.072352502252667	
7A	4	a	467.579528	483.4648	475.176832	15.885272000000043	0.7189463740007191	475.176832	7.942636000000022	9.537628863136378	
7A	2	b	484.155464	486.91812	484.846128	2.7626559999999927	-0.6254139135114976	485.536792	1.3813279999999963	-1.577869896913425	
7A	4	a	487.608784	492.443432	490.37144	4.834647999999959	0.42249732334122214	489.680776	2.4173239999999794	1.274553225879723	
7A	4	a	493.134096	497.27808	495.896752	4.143983999999989	0.18158723740903682	495.206088	2.0719919999999945	0.59656758649305	
7A	2	b	497.968744	505.566048	498.659408	7.597304000000008	-1.6890738302981987	501.422064	3.798652000000004	-6.384147163318767	
7A	2	b	506.256712	516.616672	510.400696	10.359960000000001	-0.5874814696709834	511.09136	5.1799800000000005	-5.7228889674129615	
7A	2	b	517.307336	526.285968	520.760656	8.978632000000061	-0.38076657186657314	521.45132	4.489316000000031	-2.508924722109505	
7A	2	b	526.976632	535.955264	532.501944	8.978632000000061	-0.38133052615419416	531.120616	4.489316000000031	-2.364050546216573	
7A	2	b	536.645928	540.789912	537.336592	4.143983999999932	-0.2877048379646787	538.71792	2.071991999999966	-0.5262136649824516	
7A	2	b	541.480576	544.933896	543.552568	3.4533199999999624	-0.14898226302167572	542.861904	1.7266599999999812	-0.44173241129539953	
7A	4	a	547.696552	550.459208	548.387216	2.7626559999999927	0.22408473116957595	549.07788	1.3813279999999963	0.42675387857740255	
7A	4	a	551.149872	553.221864	551.840536	2.071992000000023	0.03511417974049991	551.840536	1.0359960000000115	0.056963588685663424	
7A	2	b	555.293856	566.34448	558.747176	11.05062399999997	-0.5142671829658845	560.819168	5.525311999999985	-4.166987688850563	
7A	2	b	567.035144	570.488464	567.035144	3.453320000000076	-0.27255410724922413	568.416472	1.726660000000038	-0.622166363626814	
7A	2	b	571.179128	575.323112	574.632448	4.143984000000046	-0.284417229597679	573.25112	2.071992000000023	-0.8165464733586187	
7A	2	b	576.013776	599.496352	584.301744	23.482575999999995	-0.6810679658444094	587.755064	11.741287999999997	-11.01635511679041	
