										Kaede_Unfed#14_Anterograde_evts_formatted.txt
ROI	Quadrant	Direction	Start time (s)	End time (s)	Peak time (s)	Duration (s)	Amplitude	Midpoint (s)	Half Duration(s)	AUC
8A	2	b	0.0	7.253928	0.0	7.253928	-0.8913930958595504	3.29724	3.626964	-4.088375381131085	
8A	4	a	9.89172	20.442888	15.167304	10.551168	1.196265637773208	15.167304	5.275584	10.07827556898639	
8A	2	b	21.102336	23.08068	22.421232	1.9783439999999999	-0.03448599736453861	21.761784	0.9891719999999999	-0.057492204759691745	
8A	4	a	23.740128	63.307008	59.35032	39.566880000000005	0.6378499978255343	43.523568	19.783440000000002	17.38631269570468	
8A	4	a	63.966456	81.771552	76.495968	17.805096	1.0969868841521602	72.53928	8.902548	13.782667815077746	
8A	4	a	82.431	86.387688	83.749896	3.9566879999999998	0.06196537844163563	84.409344	1.9783439999999999	0.16368110396312896	
8A	4	a	87.047136	114.084504	102.873888	27.037368	0.3489708227727597	100.236096	13.518684	7.09593218652382	
8A	4	a	114.743952	135.18684	127.273464	20.442887999999996	1.7346190848555305	124.635672	10.221443999999998	14.283247239471592	
8A	4	a	139.143528	187.94268	179.369856	48.79915199999999	1.2934766584466946	163.543104	24.399575999999996	40.30308320911771	
8A	2	b	189.921024	193.218264	191.23992	3.2972400000000164	-0.04795128186369846	191.23992	1.6486200000000082	-0.14711519931258232	
8A	4	a	193.877712	222.893424	213.001704	29.015712000000008	0.4009246264692674	208.385568	14.507856000000004	9.210552322337664	
8A	4	a	223.552872	242.676864	237.40128	19.123991999999987	1.4362075007036355	232.785144	9.561995999999994	16.78325086639504	
8A	2	b	243.336312	245.974104	244.655208	2.637792000000019	-0.01827941539039557	244.655208	1.3188960000000094	-0.03986954300874901	
8A	2	b	248.611896	252.568584	249.271344	3.9566879999999855	-0.10361283120533837	250.59024	1.9783439999999928	-0.2644476999421461	
8A	4	a	253.228032	277.627608	264.438648	24.399575999999996	0.3514244386627552	265.098096	12.199787999999998	6.415957921492589	
8A	4	a	278.287056	298.070496	290.15712	19.783439999999985	1.3349203767288236	288.178776	9.891719999999992	15.490240929188197	
8A	4	a	300.04884	346.2102	335.659032	46.16136	1.2619682328247728	323.12952	23.08068	41.59357747989803	
8A	2	b	346.869648	356.761368	349.50744	9.89172000000002	-0.3302093889366837	351.485784	4.94586000000001	-3.3553169447317597	
8A	4	a	357.420816	373.907016	365.334192	16.486199999999997	0.97165323339678	365.334192	8.243099999999998	13.439572284378865	
8A	4	a	374.566464	384.458184	378.523152	9.89172000000002	0.6400180077797568	379.1826	4.94586000000001	5.242499882266518	
8A	4	a	385.117632	397.647144	389.07432	12.529512000000011	0.6687773756204654	391.052664	6.2647560000000055	6.618535104431585	
8A	2	b	400.944384	404.241624	402.922728	3.297239999999988	-0.051323819173714647	402.26328	1.648619999999994	-0.11744156455250421	
8A	4	a	404.901072	434.576232	418.74948	29.675160000000005	0.65074762377346	419.408928	14.837580000000003	14.287330990497637	
8A	4	a	435.23568	458.975808	449.743536	23.74012799999997	1.4613074662594419	447.105744	11.870063999999985	18.730294317286237	
8A	4	a	460.954152	496.564344	470.186424	35.610191999999984	0.8119324147936129	478.759248	17.805095999999992	26.59593886418455	
8A	4	a	497.223792	512.391096	504.47772	15.167303999999945	0.8502097247764602	504.47772	7.583651999999972	10.391249532718685	
8A	4	a	513.050544	524.920608	521.623368	11.87006400000007	0.4171504956180394	518.985576	5.935032000000035	3.505785605773057	
8A	4	a	526.898952	549.979632	534.812328	23.08068000000003	0.5183762921521495	538.109568	11.540340000000015	11.078334741962607	
8A	4	a	550.63908	562.509144	553.93632	11.870063999999957	0.4663842254156356	556.574112	5.935031999999978	4.823242674829351	
8A	4	a	563.168592	565.806384	563.82804	2.6377919999999904	0.01743301638017325	564.487488	1.3188959999999952	0.02593094535797147	
8A	4	a	566.465832	600.09768	598.778784	33.63184799999999	3.5200123264299483	582.952032	16.815923999999995	91.2631504378596	
9A	4	a	0.0	29.015712	17.145648	29.015712	1.4666458114002165	14.507856	14.507856	35.599421156594886	
9A	2	b	30.994056	34.950744	31.653504	3.9566879999999998	-0.08259380139775496	32.9724	1.9783439999999999	-0.2233044123786534	
9A	4	a	40.226328	82.431	77.155416	42.204671999999995	0.3256411791919409	61.328664	21.102335999999998	8.038110376390495	
9A	2	b	85.068792	87.706584	85.72824	2.6377920000000046	-0.09239180928095525	86.387688	1.3188960000000023	-0.19060401214400335	
9A	4	a	90.344376	140.462424	130.570704	50.118048	1.0573718601882218	115.4034	25.059024	24.153867996039903	
9A	4	a	141.121872	192.558816	182.667096	51.43694400000001	0.43814189360600064	166.840344	25.718472000000006	13.726889681240392	
9A	4	a	193.218264	203.769432	197.8344	10.55116799999999	0.18667948221120234	198.493848	5.275583999999995	1.7138298522510789	
9A	4	a	204.42888	214.980048	211.682808	10.551168000000018	0.14927565154964073	209.704464	5.275584000000009	1.5135586614865744	
9A	4	a	215.639496	222.893424	219.596184	7.253928000000002	0.09217986621197216	218.936736	3.626964000000001	0.4588148951838449	
9A	4	a	223.552872	250.59024	239.379624	27.037367999999987	0.887697773174918	236.741832	13.518683999999993	11.236406093832851	
9A	4	a	253.228032	300.04884	292.135464	46.82080799999997	0.8292693247703435	276.308712	23.410403999999986	23.968957399042836	
9A	2	b	300.708288	303.34608	302.686632	2.6377919999999904	-0.03356013961915583	302.027184	1.3188959999999952	-0.044008452531018705	
9A	4	a	304.005528	327.745656	311.259456	23.74012799999997	0.34721305564899163	315.875592	11.870063999999985	7.24915414162839	
9A	4	a	328.405104	352.80468	342.253512	24.399576000000025	1.4023878911221725	340.275168	12.199788000000012	21.953514644297783	
9A	4	a	356.10192	374.566464	359.39916	18.46454399999999	0.41536905468929763	365.334192	9.232271999999995	5.808788466632177	
9A	4	a	375.225912	402.922728	392.37156	27.696816000000013	0.9757452547906209	389.07432	13.848408000000006	17.690802292845632	
9A	4	a	403.582176	464.251392	452.381328	60.669216000000006	1.461530910546288	433.916784	30.334608000000003	49.65237042424689	
9A	4	a	464.91084	519.645024	507.115512	54.73418400000003	1.056283004759912	491.948208	27.367092000000014	34.19550338092473	
9A	2	b	520.304472	529.536744	526.898952	9.232271999999966	-0.1471407812535901	524.920608	4.616135999999983	-0.9466649333781287	
9A	4	a	530.196192	543.385152	534.15288	13.188959999999952	0.18739075832280339	536.790672	6.594479999999976	1.8575598012920875	
9A	4	a	544.0446	570.42252	563.82804	26.377920000000017	0.7311640928781507	557.23356	13.188960000000009	13.022385971314431	
9A	4	a	573.71976	600.09768	600.09768	26.377920000000017	1.3321669971662708	586.90872	13.188960000000009	29.613392462828262	
10A	4	a	0.0	5.935032	0.659448	5.935032	0.16890265828771645	2.637792	2.967516	0.7224631737037821	
10A	4	a	6.59448	33.631848	21.761784	27.037367999999997	1.8116508191532028	19.78344	13.518683999999999	31.31823226984124	
10A	2	b	34.291296	44.183016	38.247984	9.89172	-0.4810720645522557	38.907432	4.94586	-3.889520665811161	
10A	4	a	44.842464	73.858176	46.820808	29.015712	0.3313669228816396	59.35032	14.507856	6.414016655912341	
10A	2	b	75.83652	78.474312	75.83652	2.6377920000000046	-0.015010042127491463	77.155416	1.3188960000000023	-0.029247794121979753	
10A	4	a	79.13376	82.431	79.793208	3.297240000000002	0.07644266355970686	80.452656	1.648620000000001	0.20294821252852246	
10A	4	a	83.090448	86.387688	84.409344	3.297240000000002	0.07215955907903293	84.409344	1.648620000000001	0.21032945511510737	
10A	2	b	87.047136	90.344376	87.047136	3.297240000000002	-0.05208270037720952	88.366032	1.648620000000001	-0.1394533645175262	
10A	2	b	93.641616	104.192784	98.257752	10.551168000000004	-0.17975400922470564	98.9172	5.275584000000002	-1.406143257433279	
10A	4	a	104.852232	120.678984	116.062848	15.826751999999999	0.12190566829926697	112.765608	7.9133759999999995	1.8757471015162879	
10A	4	a	129.251808	149.035248	135.846288	19.783439999999985	0.8653431441614816	139.143528	9.891719999999992	11.54778251786718	
10A	4	a	151.013592	174.094272	160.245864	23.08068	0.18609279111356036	162.224208	11.54034	4.216405044987352	
10A	4	a	174.75372	201.791088	191.23992	27.037368000000015	0.552842559127805	187.94268	13.518684000000007	10.463568104262134	
10A	4	a	205.747776	213.661152	207.72612	7.9133759999999995	0.14341512224086284	209.704464	3.9566879999999998	0.9900074135479249	
10A	4	a	215.639496	221.574528	215.639496	5.935031999999978	0.05241377118606305	218.277288	2.967515999999989	0.225318570136954	
10A	4	a	225.531216	237.40128	235.422936	11.870064000000013	0.08118599559656126	231.466248	5.935032000000007	0.7627222759535752	
10A	4	a	238.060728	257.844168	245.314656	19.783440000000013	1.2602069959938547	247.952448	9.891720000000007	14.495352593497692	
10A	2	b	258.503616	267.735888	261.800856	9.232271999999966	-0.16519627292763772	263.119752	4.616135999999983	-1.4346201948298518	
10A	4	a	268.395336	270.37368	269.054784	1.9783439999999928	0.030474420141929137	269.054784	0.9891719999999964	0.04198031150956538	
10A	4	a	272.352024	292.794912	283.56264	20.44288800000004	0.11629228517591805	282.243744	10.22144400000002	1.7656815246468271	
10A	4	a	293.45436	308.621664	298.729944	15.167304000000001	0.8953059796030072	300.708288	7.583652000000001	8.101065421918898	
10A	4	a	309.281112	328.405104	319.172832	19.123991999999987	0.1943395415532807	318.513384	9.561995999999994	2.5320424753096367	
10A	4	a	329.064552	334.999584	329.064552	5.935032000000035	0.04311709561701971	331.702344	2.9675160000000176	0.1472864065179238	
10A	4	a	337.637376	360.058608	350.166888	22.421231999999975	1.35909458881649	348.847992	11.210615999999987	18.759936447501197	
10A	4	a	360.718056	373.907016	367.971984	13.188960000000009	0.32627307071416656	367.312536	6.594480000000004	3.359495208744195	
10A	4	a	374.566464	377.204256	374.566464	2.6377919999999904	0.032443817844707734	375.88536	1.3188959999999952	0.03354863649161954	
10A	4	a	377.863704	379.842048	378.523152	1.9783439999999928	0.047493060852835	378.523152	0.9891719999999964	0.06359152852094763	
10A	4	a	380.501496	407.538864	399.625488	27.037368000000015	0.9378259918216005	393.690456	13.518684000000007	11.86384574481357	
10A	4	a	408.198312	424.025064	415.45224	15.826751999999999	0.30223975011976156	416.111688	7.9133759999999995	3.76152406617535	
10A	4	a	424.684512	450.402984	440.511264	25.71847200000002	0.19913436496939552	437.214024	12.85923600000001	4.952418628058458	
10A	4	a	451.062432	469.526976	457.656912	18.46454399999999	1.5113693682653846	460.294704	9.232271999999995	15.626646083883102	
10A	4	a	470.186424	476.780904	474.80256	6.594480000000033	0.07011307959813617	473.483664	3.2972400000000164	0.35249839050723186	
10A	4	a	477.440352	495.245448	484.034832	17.805095999999992	0.09900278317957634	486.013176	8.902547999999996	1.4560095296866113	
10A	4	a	499.861584	526.239504	517.66668	26.377920000000017	1.161449676284402	513.050544	13.188960000000009	19.49866547949928	
10A	2	b	526.898952	529.536744	527.5584	2.6377919999999904	-0.054369053199699646	528.217848	1.3188959999999952	-0.13726258398463798	
10A	4	a	530.196192	544.704048	534.15288	14.507855999999947	0.3405590841363342	537.45012	7.2539279999999735	3.743515797447636	
10A	4	a	545.363496	553.93632	549.320184	8.572823999999969	0.09193265263199324	549.320184	4.286411999999984	0.5351300370675747	
10A	4	a	554.595768	577.676448	570.42252	23.08068000000003	0.9417737249810236	565.806384	11.540340000000015	9.695267789252354	
10A	4	a	578.335896	596.80044	587.568168	18.464543999999933	0.16581452750723802	587.568168	9.232271999999966	2.618685439176808	
10A	4	a	597.459888	600.09768	597.459888	2.6377919999999904	0.06251998335322062	598.778784	1.3188959999999952	0.1607143182286257	
11A	4	a	0.0	4.616136	0.0	4.616136	0.6148615748414255	1.978344	2.308068	2.6517296597923634	
11A	4	a	6.59448	9.89172	9.232272	3.2972399999999995	0.10474102692318521	7.913376	1.6486199999999998	0.1893727553383009	
11A	4	a	11.870064	36.929088	28.356264	25.059024	1.5959560167688736	24.399576	12.529512	34.69435909813104	
11A	4	a	37.588536	50.118048	42.204672	12.529512000000004	1.6490666013980402	43.523568	6.264756000000002	19.816249841391667	
11A	4	a	50.777496	54.734184	51.436944	3.9566879999999998	0.09704905612706494	52.75584	1.9783439999999999	0.2392315705807091	
11A	4	a	55.393632	94.960512	87.706584	39.56688	1.0913250083550992	75.177072	19.78344	17.01080861065843	
11A	4	a	95.61996	113.425056	98.257752	17.805095999999992	0.8601327594896997	104.192784	8.902547999999996	12.362557906993995	
11A	4	a	115.4034	117.381744	116.062848	1.9783439999999928	0.07993546339684343	116.062848	0.9891719999999964	0.09821416613510991	
11A	4	a	118.041192	120.019536	118.041192	1.978344000000007	0.028568591938286758	118.70064	0.9891720000000035	0.031629618445760066	
11A	2	b	120.678984	125.954568	124.635672	5.275583999999995	-0.09198675751732432	123.316776	2.6377919999999975	-0.3701374587102326	
11A	2	b	126.614016	130.570704	127.932912	3.9566879999999998	-0.16009487442725456	128.59236	1.9783439999999999	-0.6149051251518467	
11A	4	a	131.230152	147.716352	144.419112	16.486199999999997	1.4039408753012816	139.143528	8.243099999999998	21.378746847169673	
11A	4	a	148.3758	168.15924	151.67304	19.783440000000013	0.35203996671962523	158.26752	9.891720000000007	5.170513829205966	
11A	4	a	168.818688	174.094272	168.818688	5.275583999999981	0.05982551454274665	171.45648	2.6377919999999904	0.23304926239631452	
11A	4	a	174.75372	180.688752	176.732064	5.935032000000007	0.09460828020984424	177.391512	2.9675160000000034	0.3985989365090472	
11A	4	a	181.3482	209.045016	197.8344	27.696816000000013	0.5673972146901236	195.196608	13.848408000000006	9.228627509581772	
11A	4	a	209.704464	222.233976	214.3206	12.529512000000011	0.21130690472716962	215.639496	6.2647560000000055	1.9186056158049785	
11A	2	b	224.21232	228.828456	226.190664	4.616135999999983	-0.06389641681775515	226.190664	2.3080679999999916	-0.20084643543500325	
11A	4	a	231.466248	234.10404	233.444592	2.6377919999999904	0.037502908245150124	232.785144	1.3188959999999952	0.07024085541721159	
11A	4	a	234.763488	237.40128	236.741832	2.637792000000019	0.05963393849960452	236.082384	1.3188960000000094	0.13634752058714605	
11A	4	a	240.039072	242.676864	240.039072	2.6377919999999904	0.031909434371212075	241.357968	1.3188959999999952	0.06795914225295152	
11A	4	a	243.336312	265.098096	249.930792	21.761784000000006	1.299372661875787	253.88748	10.880892000000003	20.869232297807006	
11A	4	a	267.07644	291.476016	273.67092	24.399576000000025	0.24045742266702996	278.946504	12.199788000000012	4.931810752644234	
11A	4	a	292.135464	296.092152	292.135464	3.9566879999999855	0.08437813678281758	294.113808	1.9783439999999928	0.2700855522511596	
11A	4	a	296.7516	308.621664	303.34608	11.870064000000013	0.7800749284119859	302.686632	5.935032000000007	7.026561644404979	
11A	4	a	309.281112	333.02124	318.513384	23.74012799999997	0.24541994239114384	321.151176	11.870063999999985	4.826072266051041	
11A	4	a	334.999584	365.99364	354.783024	30.994056	1.3675739600273826	350.166888	15.497028	18.011667830711062	
11A	4	a	367.971984	377.204256	371.269224	9.232271999999966	0.12202026086688988	372.58812	4.616135999999983	0.9464996075138945	
11A	4	a	377.863704	417.430584	405.56052	39.566880000000026	1.3164560458315369	397.647144	19.783440000000013	19.956294762978843	
11A	2	b	418.090032	426.662856	422.04672	8.572823999999969	-0.24673119867477755	422.04672	4.286411999999984	-1.8758850770388151	
11A	4	a	427.322304	431.278992	429.960096	3.9566880000000424	0.07443799327851242	429.300648	1.9783440000000212	0.2630860112326714	
11A	4	a	433.257336	447.765192	441.170712	14.507856000000004	0.11656182511914004	440.511264	7.253928000000002	1.767340846525852	
11A	2	b	449.743536	455.01912	453.040776	5.275583999999981	-0.15206557497194328	452.381328	2.6377919999999904	-0.7318517024443967	
11A	4	a	455.678568	474.143112	460.294704	18.46454399999999	1.6855770086065047	464.91084	9.232271999999995	26.487026451159547	
11A	2	b	476.121456	513.709992	497.223792	37.58853600000003	-0.5159856917750503	494.586	18.794268000000017	-19.26346870189994	
11A	4	a	514.36944	536.790672	518.326128	22.421231999999918	1.0876502100625443	525.580056	11.210615999999959	10.93730594183674	
11A	4	a	537.45012	540.087912	537.45012	2.6377919999999904	0.029466586752082247	538.769016	1.3188959999999952	0.054282862345877536	
11A	2	b	540.74736	567.784728	546.682392	27.037368000000015	-0.185126599317881	553.93632	13.518684000000007	-4.038029980420777	
11A	4	a	568.444176	578.995344	573.71976	10.551168000000075	0.4261837024521875	573.71976	5.275584000000038	3.0517692163461896	
11A	4	a	579.654792	600.09768	587.568168	20.442887999999925	0.20501777589580072	589.546512	10.221443999999963	3.7475425853189885	
12A	4	a	1.318896	3.956688	1.978344	2.637792	0.1234723263541131	2.637792	1.318896	0.21737087663112442	
12A	4	a	4.616136	14.507856	9.232272	9.89172	0.2323595509204628	9.232272	4.94586	1.9221088578783903	
12A	4	a	15.167304	45.501912	34.950744	30.334607999999996	1.5322819935081915	30.334608	15.167303999999998	35.69320900224614	
12A	4	a	46.16136	61.328664	49.4586	15.167304000000001	0.647616636529091	53.415288	7.583652000000001	6.871170826210275	
12A	4	a	61.988112	81.771552	72.53928	19.78344	0.20419893004263656	71.879832	9.89172	3.422792934288108	
12A	4	a	82.431	112.765608	94.301064	30.334608000000003	1.0116794785700716	97.598304	15.167304000000001	25.754137479442154	
12A	4	a	114.743952	118.041192	116.062848	3.297240000000002	0.0964136035176626	116.062848	1.648620000000001	0.1713309920287296	
12A	2	b	118.70064	139.802976	132.549048	21.102335999999994	-0.3443483639294609	129.251808	10.551167999999997	-5.641884613775651	
12A	4	a	140.462424	165.521448	147.056904	25.059023999999994	0.9763051986258215	152.991936	12.529511999999997	16.591351725980456	
12A	4	a	166.180896	168.15924	166.180896	1.9783440000000212	0.09693280033958995	166.840344	0.9891720000000106	0.1087854566415194	
12A	4	a	168.818688	174.094272	170.137584	5.275583999999981	0.06225632334499753	171.45648	2.6377919999999904	0.27685809281217866	
12A	2	b	174.75372	202.450536	197.174952	27.696816000000013	-0.23612978413342178	188.602128	13.848408000000006	-5.086041448034345	
12A	4	a	203.109984	218.277288	209.704464	15.167304000000001	0.5480058674377544	210.363912	7.583652000000001	6.391992369389715	
12A	4	a	218.936736	222.233976	219.596184	3.2972400000000164	0.08491547299670099	220.255632	1.6486200000000082	0.2316107613697409	
12A	2	b	225.531216	253.228032	245.974104	27.696816000000013	-0.4272170056112903	239.379624	13.848408000000006	-11.451432741367562	
12A	4	a	253.88748	277.627608	262.460304	23.740128	1.0721970919795534	265.757544	11.870064	19.723706462372338	
12A	4	a	278.287056	280.2654	278.287056	1.9783439999999928	0.023816320611195874	278.946504	0.9891719999999964	0.028704826027477592	
12A	2	b	280.924848	305.983872	300.04884	25.059024000000022	-0.2351974160576784	293.45436	12.529512000000011	-4.0942696848557905	
12A	4	a	306.64332	323.12952	315.216144	16.486199999999997	0.5769444769261018	314.556696	8.243099999999998	7.249048259626797	
12A	4	a	323.788968	325.767312	325.107864	1.9783439999999928	0.065314388302951	324.448416	0.9891719999999964	0.0430461639977473	
12A	2	b	326.42676	356.10192	349.50744	29.675160000000005	-0.4455060792189225	340.934616	14.837580000000003	-11.173428478846214	
12A	4	a	356.761368	375.225912	365.334192	18.46454399999999	1.5336914766491594	365.99364	9.232271999999995	22.91691651537147	
12A	4	a	375.88536	383.798736	378.523152	7.913376000000028	0.07701826157602243	379.842048	3.956688000000014	0.3874438144445993	
12A	2	b	384.458184	404.901072	401.603832	20.442887999999982	-0.35725953767180885	394.349904	10.221443999999991	-6.458270859136838	
12A	4	a	405.56052	422.706168	415.45224	17.145647999999994	0.6395087687162486	414.133344	8.572823999999997	7.701608994646006	
12A	4	a	423.365616	427.981752	425.34396	4.616135999999983	0.12349761806930415	425.34396	2.3080679999999916	0.42086536702993005	
12A	2	b	428.6412	463.591944	453.700224	34.950743999999986	-0.618079652495501	445.786848	17.475371999999993	-20.48812882758665	
12A	4	a	464.251392	484.034832	468.20808	19.783439999999985	1.2029866158768243	474.143112	9.891719999999992	17.76387074916197	
12A	2	b	487.332072	508.434408	489.969864	21.102336000000037	-0.1839949691634155	497.88324	10.551168000000018	-3.058878032725737	
12A	4	a	509.093856	517.007232	514.36944	7.913376000000028	0.2191881476702089	513.050544	3.956688000000014	1.3810244776730498	
12A	4	a	517.66668	536.790672	522.282816	19.12399199999993	0.7306604886495593	526.898952	9.561995999999965	12.496709613979355	
12A	4	a	540.087912	555.914664	550.63908	15.826752000000056	0.12763103044391633	548.001288	7.913376000000028	1.3463786471507722	
12A	4	a	556.574112	561.190248	557.23356	4.616135999999983	0.06397614183024558	558.552456	2.3080679999999916	0.2841305719197418	
12A	4	a	563.82804	565.806384	563.82804	1.9783439999999928	0.03267973357427323	564.487488	0.9891719999999964	0.047522726577248875	
12A	4	a	566.465832	600.09768	582.952032	33.63184799999999	0.2593044168442642	582.952032	16.815923999999995	4.924267333213322	
13A	4	a	0.0	4.616136	0.659448	4.616136	0.33615743427892664	1.978344	2.308068	1.473096984276488	
13A	4	a	5.275584	10.551168	6.59448	5.275584	0.09859130467346944	7.913376	2.637792	0.439556430185438	
13A	4	a	11.210616	43.523568	36.929088	32.312951999999996	3.022621091200625	27.037368	16.156475999999998	50.67881927077917	
13A	4	a	44.183016	80.452656	49.4586	36.26964	0.7926792051268081	61.988112	18.13482	24.88112436881515	
13A	4	a	81.112104	103.533336	94.960512	22.421232000000003	0.5390579307273562	92.32272	11.210616000000002	4.873423234065562	
13A	4	a	105.51168	111.446712	108.80892	5.935032000000007	0.33614717712175457	108.149472	2.9675160000000034	1.855524882895013	
13A	4	a	112.10616	120.019536	118.70064	7.9133759999999995	0.08782182147691708	116.062848	3.9566879999999998	0.553755133326479	
13A	4	a	120.678984	132.549048	121.338432	11.870064	0.10875270469552678	126.614016	5.935032	0.9313367851727115	
13A	4	a	133.208496	137.165184	133.208496	3.956688000000014	0.0985422721451168	135.18684	1.978344000000007	0.20315983628001266	
13A	2	b	140.462424	143.759664	140.462424	3.297239999999988	-0.044805533780435614	141.78132	1.648619999999994	-0.085410527590289	
13A	4	a	144.419112	160.905312	149.694696	16.486199999999997	0.9245504717144568	152.332488	8.243099999999998	10.279710671432639	
13A	4	a	161.56476	190.580472	172.115928	29.01571199999998	0.30225244459777434	176.072616	14.50785599999999	6.75908046658679	
13A	4	a	191.23992	216.958392	207.066672	25.71847199999999	0.34876231288623405	203.769432	12.859235999999996	7.585109771043864	
13A	4	a	217.61784	231.466248	220.91508	13.848408000000006	0.286677363415063	224.21232	6.924204000000003	3.0311362074681765	
13A	4	a	232.125696	239.379624	234.10404	7.253928000000002	0.09953418134862524	235.422936	3.626964000000001	0.7071993534211609	
13A	4	a	240.039072	243.99576	240.69852	3.9566879999999855	0.06414398537216615	242.017416	1.9783439999999928	0.20394629171119583	
13A	4	a	244.655208	246.633552	244.655208	1.9783440000000212	0.056411619603581986	245.314656	0.9891720000000106	0.0750840222473943	
13A	2	b	247.293	252.568584	247.293	5.275583999999981	-0.05489992802346633	249.930792	2.6377919999999904	-0.16697600181187222	
13A	4	a	253.228032	300.04884	271.692576	46.82080799999997	0.4339672026168584	276.308712	23.410403999999986	17.38849986982956	
13A	4	a	300.708288	344.231856	325.107864	43.52356800000001	0.4234958838727021	322.470072	21.761784000000006	12.54586807266237	
13A	2	b	344.891304	346.869648	346.2102	1.9783439999999928	-0.023958746655301955	345.550752	0.9891719999999964	-0.02357854567518536	
13A	2	b	347.529096	358.739712	355.442472	11.210616000000016	-0.16427443774625994	352.80468	5.605308000000008	-1.377794035349224	
13A	4	a	359.39916	393.690456	364.674744	34.29129599999999	0.9191720957157226	376.544808	17.145647999999994	23.917146099298584	
13A	4	a	394.349904	396.328248	395.6688	1.9783439999999928	0.06199059642103011	395.009352	0.9891719999999964	0.11055823903889195	
13A	4	a	396.987696	398.96604	396.987696	1.9783439999999928	0.034068532634536464	397.647144	0.9891719999999964	0.03480867781320107	
13A	2	b	399.625488	411.495552	407.538864	11.870063999999957	-0.19744507211723228	405.56052	5.935031999999978	-1.899798084338009	
13A	4	a	412.155	433.257336	418.74948	21.102336000000037	0.6247980314747608	422.706168	10.551168000000018	10.513878833280195	
13A	2	b	433.916784	468.867528	459.635256	34.950743999999986	-0.6005798627233783	451.062432	17.475371999999993	-16.84451181114773	
13A	4	a	469.526976	495.904896	476.780904	26.377920000000017	0.7348253661182627	482.715936	13.188960000000009	16.831852866071227	
13A	4	a	496.564344	502.499376	498.542688	5.935031999999978	0.11805737898100599	499.202136	2.967515999999989	0.3562714860317735	
13A	2	b	503.158824	525.580056	518.985576	22.421232000000032	-0.23510239381211528	514.36944	11.210616000000016	-3.279374099011817	
13A	4	a	526.239504	565.806384	527.5584	39.56687999999997	0.3464679104651194	546.022944	19.783439999999985	8.997355771420278	
13A	4	a	566.465832	572.400864	567.784728	5.935031999999978	0.045735592390303115	569.103624	2.967515999999989	0.22545312760986036	
13A	2	b	577.676448	581.633136	578.995344	3.9566879999999855	-0.09296199294135654	579.654792	1.9783439999999928	-0.24075244274635987	
13A	4	a	582.292584	595.481544	582.292584	13.188959999999952	0.14772598080579113	588.887064	6.594479999999976	1.8026845820298556	
13A	4	a	596.140992	600.09768	598.119336	3.9566879999999855	0.08172424875910078	598.119336	1.9783439999999928	0.2642226253221178	
14A	2	b	0.0	5.275584	0.659448	5.275584	-0.24862613228845287	2.637792	2.637792	-1.1147648006311741	
14A	4	a	5.935032	8.572824	6.59448	2.637792000000001	0.08184832644457218	7.253928	1.3188960000000005	0.11742915070224202	
14A	4	a	10.551168	14.507856	13.848408	3.9566879999999998	0.03088532344155137	12.529512	1.9783439999999999	0.06438584088709898	
14A	4	a	15.167304	19.123992	15.826752	3.9566880000000015	0.06338412030524321	17.145648	1.9783440000000008	0.16335845112228187	
14A	4	a	21.761784	24.399576	23.08068	2.637792000000001	0.0344208961596415	23.08068	1.3188960000000005	0.06158861469661092	
14A	4	a	26.37792	44.842464	38.247984	18.464544	2.293608907145137	35.610192	9.232272	19.62092297504086	
14A	4	a	45.501912	59.35032	56.05308	13.848408000000006	0.4787001704192706	52.096392	6.924204000000003	5.80119564808706	
14A	4	a	60.009768	87.047136	75.83652	27.037367999999994	0.19487809602228268	73.198728	13.518683999999997	3.970449698031129	
14A	4	a	87.706584	105.51168	96.279408	17.805095999999992	0.9099160471680863	96.279408	8.902547999999996	8.263262373192237	
14A	4	a	106.171128	112.765608	108.80892	6.594480000000004	0.2533745900885318	109.468368	3.297240000000002	1.3233971280388515	
14A	4	a	113.425056	127.932912	120.019536	14.507856000000004	0.19420621187331344	120.678984	7.253928000000002	2.7596447927564567	
14A	4	a	128.59236	131.8896	130.570704	3.297239999999988	0.07482695426626451	129.911256	1.648619999999994	0.2134708359758779	
14A	4	a	132.549048	160.905312	152.332488	28.35626400000001	1.0937924969765969	146.397456	14.178132000000005	12.851028949291617	
14A	4	a	161.56476	191.899368	174.75372	30.334608000000003	0.3279711992626648	176.732064	15.167304000000001	8.55172172485103	
14A	4	a	192.558816	194.53716	193.877712	1.9783439999999928	0.1031918337079687	193.218264	0.9891719999999964	0.13567249008231141	
14A	4	a	195.196608	203.109984	197.8344	7.9133759999999995	0.06285978690931904	199.153296	3.9566879999999998	0.3978055545223613	
14A	4	a	203.769432	211.02336	207.066672	7.253928000000002	0.24017151090245958	207.066672	3.626964000000001	1.2022200633126823	
14A	4	a	213.001704	237.40128	219.596184	24.399576000000025	0.43809312932643296	224.871768	12.199788000000012	9.119968722335166	
14A	4	a	238.060728	263.119752	259.822512	25.059023999999994	0.45946975908391074	250.59024	12.529511999999997	9.260040390721016	
14A	4	a	263.7792	267.735888	265.757544	3.9566879999999855	0.0733809478081926	265.757544	1.9783439999999928	0.23444615755590026	
14A	2	b	268.395336	270.37368	268.395336	1.9783439999999928	-0.08727780695623366	269.054784	0.9891719999999964	-0.10724127865719435	
14A	4	a	271.033128	292.794912	273.011472	21.761784000000034	0.21807546187185833	281.584296	10.880892000000017	4.128256695376916	
14A	4	a	293.45436	296.092152	295.432704	2.6377919999999904	0.05638495029043433	294.773256	1.3188959999999952	0.12117824701416002	
14A	4	a	296.7516	315.875592	312.578352	19.123991999999987	0.2604839334612201	305.983872	9.561995999999994	3.1791395039171326	
14A	4	a	316.53504	322.470072	318.513384	5.935032000000035	0.1877056839096105	319.172832	2.9675160000000176	0.8989315159217259	
14A	4	a	323.12952	346.2102	325.107864	23.080679999999973	0.3147494363811929	334.340136	11.540339999999986	5.421707744584217	
14A	4	a	346.869648	355.442472	346.869648	8.572824000000026	0.0799575638015626	350.826336	4.286412000000013	0.6448675814257201	
14A	4	a	356.10192	358.080264	357.420816	1.9783439999999928	0.07294955610133869	356.761368	0.9891719999999964	0.1281455887684937	
14A	4	a	360.718056	384.458184	371.269224	23.740128000000027	0.4294153661173348	372.58812	11.870064000000013	8.482915399258307	
14A	4	a	385.117632	391.052664	389.07432	5.935031999999978	0.08978181555329767	387.755424	2.967515999999989	0.41025824307257674	
14A	4	a	396.987696	403.582176	401.603832	6.594479999999976	0.06271272591959542	400.284936	3.297239999999988	0.2520323520326593	
14A	4	a	404.241624	407.538864	405.56052	3.297239999999988	0.06251238011154348	405.56052	1.648619999999994	0.18360009451910297	
14A	4	a	408.198312	414.133344	412.155	5.935032000000035	0.09699868754642393	410.836104	2.9675160000000176	0.5290253770186935	
14A	4	a	414.792792	430.619544	426.662856	15.826751999999999	0.15612228357922042	422.706168	7.9133759999999995	1.7382479414245844	
14A	4	a	431.278992	441.83016	435.23568	10.551167999999961	0.15159926830133585	436.554576	5.275583999999981	1.0497246882343079	
14A	4	a	442.489608	464.251392	448.42464	21.761784000000034	0.10137581604918022	453.040776	10.880892000000017	1.297439747778713	
14A	4	a	464.91084	485.353728	474.143112	20.442887999999982	0.44532631626373753	474.80256	10.221443999999991	6.499922690995017	
14A	4	a	486.013176	495.904896	491.28876	9.89172000000002	0.1891927791518544	490.629312	4.94586000000001	1.8071874106450334	
14A	4	a	496.564344	502.499376	497.88324	5.935031999999978	0.1295681066719485	499.202136	2.967515999999989	0.5256778265117237	
14A	4	a	503.158824	517.007232	509.093856	13.848408000000063	0.12529147648119876	509.753304	6.9242040000000316	1.6127778367138024	
14A	4	a	517.66668	540.087912	528.877296	22.421231999999918	0.3202460637320357	528.877296	11.210615999999959	5.18234883232788	
14A	4	a	540.74736	551.957976	549.320184	11.210616000000073	0.14927467040468345	546.022944	5.605308000000036	1.0445155059758147	
14A	4	a	552.617424	555.914664	553.93632	3.297239999999988	0.03884200922341874	553.93632	1.648619999999994	0.07301106756612685	
14A	4	a	558.552456	564.487488	563.168592	5.935031999999978	0.0673863224512048	561.190248	2.967515999999989	0.28880919549717743	
14A	4	a	565.146936	567.784728	567.12528	2.6377919999999904	0.052640138885857723	566.465832	1.3188959999999952	0.08100483808355596	
14A	4	a	568.444176	581.633136	576.357552	13.188960000000066	0.0955289401234718	575.038656	6.594480000000033	0.8022245182488676	
14A	4	a	582.292584	600.09768	588.227616	17.805095999999935	0.18992535529072407	590.865408	8.902547999999967	3.1663957885907914	
15A	4	a	0.0	1.978344	0.659448	1.978344	0.09392811363138254	0.659448	0.989172	0.14800002658283073	
15A	4	a	5.275584	10.551168	6.59448	5.275584	0.10217806874312885	7.913376	2.637792	0.4419649672997643	
15A	4	a	12.529512	16.4862	13.848408	3.9566879999999998	0.08910666464014394	14.507856	1.9783439999999999	0.2932025533978275	
15A	4	a	25.059024	32.312952	28.356264	7.253928000000002	0.09903939289725816	28.356264	3.626964000000001	0.49932336551843015	
15A	2	b	34.950744	36.929088	36.26964	1.9783439999999999	-0.01521459107787404	35.610192	0.9891719999999999	-0.023448194953284318	
15A	4	a	37.588536	50.777496	39.56688	13.188960000000002	2.0853032492596677	44.183016	6.594480000000001	19.389560269333366	
15A	4	a	51.436944	85.068792	54.074736	33.631848000000005	0.45717751523268646	67.923144	16.815924000000003	9.884488967410114	
15A	2	b	87.706584	90.344376	89.684928	2.6377919999999904	-0.027879285194302383	89.02548	1.3188959999999952	-0.05518433420722513	
15A	2	b	91.003824	100.236096	94.960512	9.232272000000009	-0.09298256340044375	95.61996	4.6161360000000045	-0.6576696782825877	
15A	4	a	100.895544	124.635672	102.873888	23.740128	0.48308374631904627	112.765608	11.870064	9.611355771313265	
15A	2	b	126.614016	152.991936	151.013592	26.377920000000003	-0.38972621593277346	139.802976	13.188960000000002	-9.170882369934136	
15A	4	a	153.651384	172.115928	155.629728	18.46454399999999	1.0820757464389112	162.883656	9.232271999999995	10.2475120513755	
15A	4	a	172.775376	188.602128	176.732064	15.826751999999999	0.2266500956005677	180.688752	7.9133759999999995	2.1949582030125825	
15A	2	b	195.856056	201.13164	199.812744	5.275584000000009	-0.0839210496454097	198.493848	2.6377920000000046	-0.15752733508414885	
15A	2	b	201.791088	207.72612	206.407224	5.935032000000007	-0.11343116300508438	204.42888	2.9675160000000034	-0.5629754927919812	
15A	4	a	208.385568	238.060728	223.552872	29.675160000000005	0.18160596280985253	222.893424	14.837580000000003	3.7110658830202383	
15A	4	a	241.357968	247.952448	242.017416	6.594480000000004	0.07110360721661291	244.655208	3.297240000000002	0.2578303215066793	
15A	4	a	249.930792	253.228032	249.930792	3.2972400000000164	0.057758536265906546	251.249688	1.6486200000000082	0.09591638749137843	
15A	4	a	253.88748	258.503616	257.18472	4.616136000000012	0.08676847611896799	255.865824	2.308068000000006	0.3159742748453873	
15A	4	a	259.163064	273.011472	265.757544	13.848408000000006	0.3137086844869019	265.757544	6.924204000000003	3.8409730787166527	
15A	4	a	273.67092	280.2654	276.308712	6.594479999999976	0.26628509114484267	276.96816	3.297239999999988	1.5189253642213745	
15A	4	a	280.924848	286.200432	283.56264	5.275583999999981	0.07886739014903066	283.56264	2.6377919999999904	0.28896049828520876	
15A	4	a	286.85988	288.838224	286.85988	1.9783440000000496	0.052215425890238976	287.519328	0.9891720000000248	0.050485158612191494	
15A	4	a	289.497672	291.476016	289.497672	1.9783439999999928	0.07313131189466571	290.15712	0.9891719999999964	0.08670620425868236	
15A	4	a	292.135464	296.092152	294.113808	3.9566879999999855	0.11476291923871074	294.113808	1.9783439999999928	0.30908324919820584	
15A	4	a	296.7516	302.686632	301.367736	5.935031999999978	0.12423842333988855	299.389392	2.967515999999989	0.625704530698729	
15A	4	a	303.34608	311.918904	309.281112	8.572824000000026	0.11797627384735332	307.302768	4.286412000000013	0.6134039039728851	
15A	4	a	312.578352	323.12952	316.53504	10.551168000000018	0.21155219846654783	317.853936	5.275584000000009	2.08589565950999	
15A	4	a	323.788968	332.361792	327.086208	8.572823999999969	0.11962420203775803	327.745656	4.286411999999984	0.846458740863614	
15A	4	a	334.340136	338.956272	337.637376	4.61613600000004	0.08798204069034776	336.31848	2.30806800000002	0.3053831590118803	
15A	4	a	339.61572	342.91296	342.253512	3.297239999999988	0.05984309185090275	340.934616	1.648619999999994	0.102391935448924	
15A	4	a	344.891304	351.485784	350.166888	6.594480000000033	0.07477004667087606	348.188544	3.2972400000000164	0.43845927279365804	
15A	4	a	352.145232	354.783024	352.80468	2.6377919999999904	0.06753361047225814	353.464128	1.3188959999999952	0.1407446813371469	
15A	4	a	355.442472	360.058608	358.739712	4.616135999999983	0.08180354199536044	357.420816	2.3080679999999916	0.31266579938967554	
15A	4	a	360.718056	379.842048	373.247568	19.123991999999987	0.20218233191008173	369.950328	9.561995999999994	3.497987784188953	
15A	4	a	380.501496	383.139288	381.820392	2.637792000000047	0.0573286349893003	381.820392	1.3188960000000236	0.11792046502162257	
15A	4	a	383.798736	396.328248	385.77708	12.529511999999954	0.1072086968336059	389.733768	6.264755999999977	0.9722692940915243	
15A	4	a	396.987696	406.219968	403.582176	9.232271999999966	0.10828481857859984	401.603832	4.616135999999983	0.8771848413116867	
15A	4	a	406.879416	416.111688	412.155	9.232272000000023	0.10956469028093618	411.495552	4.616136000000012	0.8747002024831434	
15A	4	a	416.771136	447.765192	432.597888	30.994056	0.29701258903506966	431.93844	15.497028	7.701304789153406	
15A	4	a	448.42464	456.997464	451.062432	8.572823999999969	0.12122715232222658	452.381328	4.286411999999984	0.5201363836348099	
15A	4	a	457.656912	463.591944	457.656912	5.935032000000035	0.07270819608377677	460.294704	2.9675160000000176	0.2973172736281491	
15A	4	a	464.251392	469.526976	468.20808	5.275583999999981	0.0837293888223738	466.889184	2.6377919999999904	0.33566852395485247	
15A	4	a	470.186424	482.715936	476.121456	12.529512000000011	0.33525148141203376	476.121456	6.2647560000000055	3.1399884625072536	
15A	4	a	483.375384	495.245448	491.28876	11.870064000000013	0.13820796875982921	489.310416	5.935032000000007	1.213477130214	
15A	4	a	495.904896	502.499376	497.88324	6.594479999999976	0.11493635692936177	499.202136	3.297239999999988	0.5478137632410425	
15A	4	a	503.158824	511.0722	505.137168	7.913376000000028	0.09305087447113003	507.115512	3.956688000000014	0.5768102032968387	
15A	4	a	511.731648	518.985576	518.326128	7.25392800000003	0.08548789111020971	515.028888	3.626964000000015	0.52804026783334	
15A	4	a	519.645024	524.920608	522.282816	5.275583999999981	0.12766532169172873	522.282816	2.6377919999999904	0.5870123143957242	
15A	4	a	525.580056	540.087912	534.15288	14.507855999999947	0.26614375844310834	532.833984	7.2539279999999735	3.2432814947418787	
15A	4	a	540.74736	572.400864	549.320184	31.653503999999998	0.2238908640298356	556.574112	15.826751999999999	5.148469230187098	
15A	4	a	573.060312	600.09768	598.119336	27.037368000000015	0.5981638629473034	586.249272	13.518684000000007	10.988421328057546	
16A	4	a	0.0	2.637792	0.0	2.637792	0.5163019635313884	1.318896	1.318896	0.8984118804637973	
16A	4	a	4.616136	10.551168	5.935032	5.9350320000000005	0.18957385275901206	7.253928	2.9675160000000003	1.0088317446680133	
16A	4	a	11.210616	15.167304	12.529512	3.9566879999999998	0.10372509516572048	13.18896	1.9783439999999999	0.31748199522263976	
16A	4	a	15.826752	17.805096	15.826752	1.978343999999998	0.04690042913652448	16.4862	0.989171999999999	0.041525550366853015	
16A	4	a	18.464544	22.421232	21.761784	3.9566879999999998	0.06775781659470415	20.442888	1.9783439999999999	0.20528684456371282	
16A	4	a	29.015712	30.994056	30.334608	1.9783439999999999	0.056045938392617956	29.67516	0.9891719999999999	0.07378424620518853	
16A	4	a	31.653504	34.291296	32.9724	2.637792000000001	0.14445931089410102	32.9724	1.3188960000000005	0.2796313908889827	
16A	4	a	34.950744	58.690872	44.183016	23.740128	2.1436315868969666	46.820808	11.870064	38.20541673954319	
16A	4	a	59.35032	112.765608	61.988112	53.415288	0.5190698899424016	85.72824	26.707644	20.369866366899164	
16A	4	a	113.425056	124.635672	116.062848	11.210616000000002	0.17630397800292652	118.70064	5.605308000000001	1.098452511587932	
16A	4	a	125.29512	127.932912	125.954568	2.6377920000000046	0.13387285110358071	126.614016	1.3188960000000023	0.1912697041835174	
16A	4	a	128.59236	131.8896	130.570704	3.297239999999988	0.13717626954978845	129.911256	1.648619999999994	0.32016612967187164	
16A	4	a	132.549048	137.165184	134.527392	4.616136000000012	0.11094724085454066	134.527392	2.308068000000006	0.518808310183819	
16A	4	a	137.824632	152.332488	139.802976	14.507856000000004	0.1015152151623111	145.07856	7.253928000000002	1.0526439065263657	
16A	4	a	157.608072	166.840344	160.245864	9.232271999999995	1.0504535828401593	162.224208	4.616135999999997	7.575268303864599	
16A	4	a	167.499792	171.45648	168.818688	3.9566879999999855	0.3840961952386799	169.478136	1.9783439999999928	1.0860263557040346	
16A	4	a	172.115928	222.893424	213.001704	50.77749600000001	0.6140552328543434	197.174952	25.388748000000007	25.26857182063327	
16A	4	a	223.552872	237.40128	226.190664	13.848408000000006	0.44361269991275165	230.147352	6.924204000000003	4.614521768428402	
16A	4	a	240.039072	243.336312	242.017416	3.297239999999988	0.06661315310735638	241.357968	1.648619999999994	0.17403332294310792	
16A	4	a	243.99576	249.271344	245.974104	5.275584000000009	0.05296837410273447	246.633552	2.6377920000000046	0.28818889062125574	
16A	4	a	251.249688	255.206376	253.88748	3.956688000000014	0.07264324821386925	253.228032	1.978344000000007	0.2340165066703328	
16A	4	a	260.48196	275.649264	267.735888	15.167304000000001	0.3446749278372714	267.735888	7.583652000000001	4.083941626937698	
16A	4	a	276.308712	284.222088	280.924848	7.913375999999971	0.11206699117457308	280.2654	3.9566879999999855	0.704111963572462	
16A	4	a	286.200432	289.497672	286.85988	3.297240000000045	0.05780378600085356	287.519328	1.6486200000000224	0.16168297321030956	
16A	4	a	290.15712	293.45436	292.135464	3.297239999999988	0.09409145811991415	291.476016	1.648619999999994	0.301299561260596	
16A	4	a	294.113808	302.686632	294.773256	8.572823999999969	0.124959330064919	298.070496	4.286411999999984	0.7357002462853637	
16A	4	a	303.34608	308.621664	303.34608	5.275584000000038	0.12403016124249167	305.983872	2.637792000000019	0.423788871317055	
16A	4	a	309.281112	312.578352	309.94056	3.297239999999988	0.08726331613972604	310.600008	1.648619999999994	0.28978651912671083	
16A	4	a	313.2378	330.383448	314.556696	17.145647999999994	0.25907267394677724	321.810624	8.572823999999997	3.9754064353461387	
16A	4	a	331.042896	346.2102	331.702344	15.167304000000001	0.10809055998844652	338.296824	7.583652000000001	1.3623086783048626	
16A	4	a	346.869648	350.166888	347.529096	3.297239999999988	0.0692832653217188	348.188544	1.648619999999994	0.19025784920577937	
16A	4	a	352.145232	355.442472	352.80468	3.297239999999988	0.06837134289067937	353.464128	1.648619999999994	0.20259912872298003	
16A	4	a	356.10192	365.99364	356.10192	9.89172000000002	0.11804881854229254	360.718056	4.94586000000001	0.6850886214284508	
16A	4	a	366.653088	383.798736	373.247568	17.145647999999994	0.27246403641800976	375.225912	8.572823999999997	3.9131131144326643	
16A	4	a	384.458184	386.436528	385.77708	1.9783439999999928	0.06000028735380081	385.117632	0.9891719999999964	0.0888734423619515	
16A	4	a	387.095976	389.733768	389.07432	2.6377919999999904	0.05788772534100772	388.414872	1.3188959999999952	0.12776775322693723	
16A	4	a	390.393216	392.37156	391.052664	1.9783439999999928	0.03690076227101713	391.052664	0.9891719999999964	0.05416410013511053	
16A	4	a	393.031008	399.625488	396.987696	6.594480000000033	0.13584603511550686	396.328248	3.2972400000000164	0.5149902718644603	
16A	4	a	400.284936	402.26328	400.944384	1.9783439999999928	0.04331871478037019	400.944384	0.9891719999999964	0.06580879107775628	
16A	4	a	402.922728	415.45224	409.517208	12.529512000000011	0.07884112133873344	408.85776	6.2647560000000055	0.7711909099686285	
16A	4	a	418.74948	429.300648	426.003408	10.551168000000018	0.25017495140966295	424.025064	5.275584000000009	2.3174375548547204	
16A	4	a	429.960096	433.916784	431.278992	3.9566879999999855	0.20520406406027192	431.93844	1.9783439999999928	0.7899832238176607	
16A	4	a	434.576232	443.149056	436.554576	8.572823999999969	0.2916880535984232	438.53292	4.286411999999984	2.23493127980607	
16A	4	a	443.808504	450.402984	448.42464	6.594479999999976	0.05591394518512871	447.105744	3.297239999999988	0.2573037132381213	
16A	4	a	451.062432	453.040776	451.062432	1.9783439999999928	0.10066033613526404	451.72188	0.9891719999999964	0.12600004857475433	
16A	4	a	453.700224	459.635256	457.656912	5.935032000000035	0.06865097040981372	456.338016	2.9675160000000176	0.3549226548415019	
16A	4	a	460.294704	463.591944	462.932496	3.297239999999988	0.07429063320523932	461.6136	1.648619999999994	0.16667135114074783	
16A	4	a	464.251392	472.164768	468.20808	7.913375999999971	0.0775655723934272	468.20808	3.9566879999999855	0.35819164494604716	
16A	4	a	472.824216	490.629312	477.440352	17.80509600000005	0.384438756308525	481.39704	8.902548000000024	4.737239318600238	
16A	4	a	491.28876	509.093856	493.926552	17.805095999999992	0.2613315445703486	499.861584	8.902547999999996	3.7592025691246285	
16A	4	a	509.753304	517.007232	514.36944	7.25392800000003	0.12479124442184064	513.050544	3.626964000000015	0.6059650322761085	
16A	4	a	517.66668	525.580056	520.96392	7.913375999999971	0.10237266014855217	521.623368	3.9566879999999855	0.6678531303647284	
16A	4	a	526.239504	528.217848	526.239504	1.9783439999999928	0.06345723233099498	526.898952	0.9891719999999964	0.0851722354542721	
16A	4	a	528.877296	539.428464	534.15288	10.551167999999961	0.24235169212281527	534.15288	5.275583999999981	2.6772667742027796	
16A	4	a	540.087912	543.385152	542.066256	3.297239999999988	0.0877822599409579	541.406808	1.648619999999994	0.21151519037704936	
16A	4	a	544.0446	569.763072	550.63908	25.71847200000002	0.21043374874889542	556.574112	12.85923600000001	4.2170490892080075	
16A	4	a	570.42252	572.400864	571.081968	1.9783439999999928	0.0756995834337233	571.081968	0.9891719999999964	0.12421574836181981	
16A	4	a	573.060312	577.017	573.71976	3.9566880000000992	0.07886962945855869	575.038656	1.9783440000000496	0.2585817718673822	
16A	4	a	579.654792	584.930376	579.654792	5.275583999999981	0.07633816952595263	582.292584	2.6377919999999904	0.17317486951280414	
16A	4	a	585.589824	600.09768	599.438232	14.507855999999947	0.41931407157870604	592.843752	7.2539279999999735	3.397539289387531	
17A	4	a	1.318896	10.551168	7.913376	9.232272	0.3183447343521033	5.935032	4.616136	3.248158793251939	
17A	4	a	11.210616	15.167304	12.529512	3.9566879999999998	0.10136788068794012	13.18896	1.9783439999999999	0.37541977969351814	
17A	2	b	15.826752	28.356264	24.399576	12.529511999999999	-0.3423193074316284	21.761784	6.264755999999999	-3.444111098530158	
17A	4	a	29.015712	30.994056	29.67516	1.9783439999999999	0.06656553222903261	29.67516	0.9891719999999999	0.1108441205845947	
17A	2	b	31.653504	40.885776	39.56688	9.232271999999998	-0.3928535391185415	36.26964	4.616135999999999	-3.832492337793006	
17A	4	a	41.545224	60.009768	48.799152	18.464544000000004	2.0905827127985606	50.777496	9.232272000000002	29.532757280350577	
17A	2	b	64.625904	75.83652	74.517624	11.210615999999987	-0.22498746489358235	69.901488	5.605307999999994	-1.751765782394273	
17A	4	a	78.474312	99.576648	83.090448	21.102336000000008	0.19530291446570036	89.02548	10.551168000000004	3.2883634522672027	
17A	4	a	100.236096	118.041192	110.787264	17.805095999999992	0.4064053304771371	108.80892	8.902547999999996	5.954071647569257	
17A	4	a	118.70064	131.8896	121.338432	13.188959999999994	0.3125214728489105	125.29512	6.594479999999997	2.6934343575349775	
17A	4	a	133.867944	137.165184	134.527392	3.2972400000000164	0.0445333835359647	135.18684	1.6486200000000082	0.07678276086255198	
17A	2	b	139.143528	161.56476	158.26752	22.421232000000003	-0.25612599481163345	150.354144	11.210616000000002	-4.539295791940215	
17A	4	a	162.224208	171.45648	164.202552	9.232271999999995	0.5921869177563286	166.840344	4.616135999999997	5.277368915768191	
17A	4	a	172.115928	180.688752	174.75372	8.572823999999997	0.2872217285122076	176.072616	4.286411999999999	1.79832162525272	
17A	4	a	181.3482	188.602128	187.283232	7.253928000000002	0.10337052817912129	184.64544	3.626964000000001	0.6103357475781044	
17A	4	a	189.261576	193.877712	189.921024	4.616136000000012	0.0837658772957095	191.23992	2.308068000000006	0.2604656557339211	
17A	4	a	194.53716	199.153296	196.515504	4.616136000000012	0.08903619709962207	196.515504	2.308068000000006	0.3208314388276994	
17A	4	a	199.812744	203.109984	200.472192	3.297239999999988	0.0760384281401314	201.13164	1.648619999999994	0.1544593299975654	
17A	4	a	203.769432	206.407224	204.42888	2.637792000000019	0.06783579276601959	205.088328	1.3188960000000094	0.11841742982330095	
17A	4	a	207.066672	224.871768	219.596184	17.805095999999992	0.6134160989092163	215.639496	8.902547999999996	7.117337680639522	
17A	4	a	225.531216	234.10404	227.50956	8.572823999999997	0.39088156593925305	229.487904	4.286411999999999	3.3363589855307705	
17A	4	a	234.763488	249.271344	238.720176	14.507856000000004	0.09846290876809949	242.017416	7.253928000000002	0.9341602089248222	
17A	4	a	249.930792	251.909136	249.930792	1.9783439999999928	0.0394101439201191	250.59024	0.9891719999999964	0.046185051250630105	
17A	4	a	259.163064	269.054784	260.48196	9.891719999999964	0.09258204594228081	263.7792	4.945859999999982	0.8464464530366007	
17A	4	a	269.714232	300.04884	280.924848	30.334608000000003	0.5113076147923841	284.881536	15.167304000000001	11.050162687464425	
17A	4	a	300.708288	302.686632	300.708288	1.9783439999999928	0.04276087553751218	301.367736	0.9891719999999964	0.0673614132531426	
17A	4	a	303.34608	308.621664	305.983872	5.275584000000038	0.06805855128531713	305.983872	2.637792000000019	0.2266000996184483	
17A	4	a	309.281112	311.918904	309.94056	2.6377919999999904	0.027936128462856757	310.600008	1.3188959999999952	0.06235213174233967	
17A	2	b	312.578352	314.556696	312.578352	1.9783439999999928	-0.0586194880874773	313.2378	0.9891719999999964	-0.05489607615924719	
17A	4	a	317.194488	320.491728	317.194488	3.297240000000045	0.03515855567120818	318.513384	1.6486200000000224	0.07887331705089795	
17A	4	a	321.151176	328.405104	325.107864	7.2539279999999735	0.19192742937959784	324.448416	3.6269639999999868	1.090120827010157	
17A	4	a	329.064552	336.977928	331.702344	7.913376000000028	0.1004042797936715	333.02124	3.956688000000014	0.4987238345967302	
17A	4	a	337.637376	353.464128	346.869648	15.826751999999999	0.1157968762691377	345.550752	7.9133759999999995	1.0608166856889756	
17A	4	a	354.123576	360.058608	358.080264	5.935031999999978	0.08088219295463839	356.761368	2.967515999999989	0.4427959391075569	
17A	4	a	360.718056	364.674744	362.6964	3.9566879999999855	0.06887944182361627	362.6964	1.9783439999999928	0.25283350238838653	
17A	4	a	368.631432	385.77708	378.523152	17.145647999999994	0.6363566650837629	377.204256	8.572823999999997	6.3316398878180085	
17A	4	a	386.436528	391.712112	390.393216	5.275583999999981	0.13694326015537817	389.07432	2.6377919999999904	0.6938475724113085	
17A	4	a	393.690456	416.111688	396.987696	22.421232000000032	0.3837464661654746	404.901072	11.210616000000016	4.670299673319622	
17A	4	a	416.771136	435.895128	432.597888	19.123991999999987	0.4858740020088028	426.003408	9.561995999999994	6.007645196866789	
17A	4	a	436.554576	443.808504	438.53292	7.25392800000003	0.19521027106159794	439.851816	3.626964000000015	1.1605354272884583	
17A	4	a	449.084088	456.997464	453.040776	7.913375999999971	0.044625238913195364	453.040776	3.9566879999999855	0.28525498496301904	
17A	2	b	462.932496	465.570288	463.591944	2.6377919999999904	-0.04519822581410349	464.251392	1.3188959999999952	-0.08997213231938694	
17A	4	a	466.229736	468.867528	466.889184	2.6377919999999904	0.050568000158964566	467.548632	1.3188959999999952	0.10580530209249672	
17A	4	a	469.526976	472.164768	470.186424	2.6377919999999904	0.057078471986344415	470.845872	1.3188959999999952	0.10984921325716335	
17A	2	b	472.824216	474.80256	473.483664	1.9783440000000496	-0.008695858163277226	473.483664	0.9891720000000248	-0.014524192178052564	
17A	4	a	476.780904	493.267104	486.013176	16.486199999999997	0.9381296539035158	484.69428	8.243099999999998	12.883798279772936	
17A	4	a	493.926552	517.007232	501.839928	23.08068000000003	0.6458295677487196	505.137168	11.540340000000015	13.587770317842125	
17A	4	a	517.66668	521.623368	519.645024	3.9566879999999855	0.05170274093768379	519.645024	1.9783439999999928	0.16001365335908013	
17A	2	b	522.282816	534.812328	530.85564	12.529511999999954	-0.1474968356130555	528.217848	6.264755999999977	-1.606616618915386	
17A	4	a	535.471776	553.276872	539.428464	17.80509600000005	0.5144826376376814	544.0446	8.902548000000024	6.936163341742099	
17A	4	a	553.93632	555.914664	554.595768	1.9783439999999928	0.019785710451684757	554.595768	0.9891719999999964	0.023231774631404134	
17A	2	b	556.574112	588.887064	572.400864	32.312951999999996	-0.26073959610831965	572.400864	16.156475999999998	-6.760839151206467	
17A	4	a	589.546512	600.09768	593.5032	10.551167999999961	0.5877584794399957	594.822096	5.275583999999981	5.553941953622157	
18A	2	b	0.0	1.978344	0.0	1.978344	-0.19013454276213038	0.659448	0.989172	-0.20509289063826475	
18A	2	b	2.637792	5.275584	4.616136	2.637792	-0.032408492380506804	3.956688	1.318896	-0.04448444038748778	
18A	4	a	7.913376	30.334608	26.37792	22.421232	0.32221484163814207	19.123992	11.210616	5.162276422674875	
18A	4	a	32.312952	42.86412	39.56688	10.551167999999997	0.17442728710080813	37.588536	5.2755839999999985	1.8854764834872815	
18A	4	a	43.523568	65.9448	53.415288	22.421232000000003	1.9630482313576594	54.734184	11.210616000000002	33.8562621241613	
18A	4	a	66.604248	75.177072	67.923144	8.572823999999997	0.2951416850995816	70.560936	4.286411999999999	1.3577543645827004	
18A	2	b	77.814864	100.895544	79.793208	23.08068	-0.18687109214446096	89.02548	11.54034	-3.476002044797802	
18A	2	b	103.533336	105.51168	103.533336	1.9783439999999928	-0.06200842493084879	104.192784	0.9891719999999964	-0.06439449700610655	
18A	4	a	106.171128	112.10616	108.149472	5.935032000000007	0.32987900079240573	108.80892	2.9675160000000034	1.282836523285123	
18A	4	a	114.084504	118.041192	115.4034	3.9566879999999998	0.16933483450718834	116.062848	1.9783439999999999	0.5573451008964987	
18A	4	a	118.70064	132.549048	125.954568	13.848407999999992	0.23041347356507647	125.29512	6.924203999999996	2.813000226963422	
18A	4	a	133.208496	139.143528	133.208496	5.935032000000007	0.09994608924800819	135.846288	2.9675160000000034	0.5330499731785783	
18A	4	a	139.802976	146.397456	139.802976	6.594480000000004	0.07321753664195718	143.100216	3.297240000000002	0.35803573625447016	
18A	2	b	149.035248	152.991936	152.332488	3.956688000000014	-0.07013728003351583	151.013592	1.978344000000007	-0.2502110637385966	
18A	2	b	158.926968	168.15924	161.56476	9.232272000000023	-0.1314140390674492	163.543104	4.616136000000012	-0.6891954856544953	
18A	4	a	168.818688	178.05096	176.072616	9.232271999999995	0.1369318917573059	173.434824	4.616135999999997	0.9949418842827447	
18A	4	a	178.710408	185.964336	181.3482	7.253928000000002	0.12702778450068397	182.007648	3.626964000000001	0.769299990941058	
18A	4	a	188.602128	195.856056	193.877712	7.253928000000002	0.10792893918400992	191.899368	3.626964000000001	0.5532798941136821	
18A	4	a	196.515504	216.298944	209.704464	19.783440000000013	0.14275264821297196	206.407224	9.891720000000007	2.4893229513489317	
18A	4	a	216.958392	245.314656	234.763488	28.35626400000001	0.27775959782281	230.8068	14.178132000000005	5.81833137540673	
18A	4	a	245.974104	256.525272	249.930792	10.551167999999961	0.10758466777610387	251.249688	5.275583999999981	0.8715474681142896	
18A	4	a	258.503616	265.757544	264.438648	7.2539279999999735	0.09157430854037951	261.800856	3.6269639999999868	0.7328174914340244	
18A	4	a	266.416992	278.287056	277.627608	11.870064000000013	0.09535393281492022	272.352024	5.935032000000007	0.98653478851449	
18A	4	a	280.2654	286.200432	282.243744	5.935031999999978	0.2139647731379548	282.903192	2.967515999999989	1.168275656661691	
18A	4	a	288.838224	291.476016	290.15712	2.6377919999999904	0.10569275637144449	290.15712	1.3188959999999952	0.27402787377112325	
18A	4	a	293.45436	300.04884	297.411048	6.594479999999976	0.15188580043564626	296.7516	3.297239999999988	0.6302743446406083	
18A	4	a	300.708288	324.448416	311.259456	23.740128000000027	0.11491125584340223	312.578352	11.870064000000013	2.2149658764985793	
18A	4	a	328.405104	348.847992	334.999584	20.442887999999982	0.13557495817241216	338.296824	10.221443999999991	2.321714869826649	
18A	4	a	349.50744	351.485784	350.826336	1.9783440000000496	0.08095208605314985	350.166888	0.9891720000000248	0.10923936721539351	
18A	4	a	352.145232	354.783024	353.464128	2.6377919999999904	0.07964584423858012	353.464128	1.3188959999999952	0.2005823428568445	
18A	4	a	355.442472	375.225912	372.58812	19.783439999999985	0.08086314713428866	365.334192	9.891719999999992	1.3575497589698509	
18A	4	a	375.88536	397.647144	387.095976	21.761784000000034	0.30579754142785687	386.436528	10.880892000000017	5.845483835447674	
18A	4	a	398.306592	404.241624	400.944384	5.935031999999978	0.26574703744907247	400.944384	2.967515999999989	1.1821096221951513	
18A	4	a	404.901072	414.792792	408.85776	9.89172000000002	0.19181135355136325	409.517208	4.94586000000001	1.4160870922260436	
18A	4	a	415.45224	424.684512	420.727824	9.232271999999966	0.10106026072553442	420.068376	4.616135999999983	0.6271429968483062	
18A	4	a	425.34396	435.895128	427.981752	10.551168000000018	0.18848199436091795	430.619544	5.275584000000009	1.085324501515133	
18A	4	a	436.554576	443.149056	439.851816	6.594479999999976	0.1929418903847382	439.851816	3.297239999999988	1.2644219229925138	
18A	4	a	443.808504	459.635256	445.1274	15.826751999999999	0.20788702093030276	451.72188	7.9133759999999995	2.477587964924701	
18A	4	a	460.294704	470.845872	462.932496	10.551167999999961	0.09333032168899091	465.570288	5.275583999999981	0.7732569109502905	
18A	4	a	471.50532	474.143112	472.824216	2.6377919999999904	0.02556066551749092	472.824216	1.3188959999999952	0.04848816658953514	
18A	4	a	474.80256	476.780904	476.121456	1.9783439999999928	0.06438987337230495	475.462008	0.9891719999999964	0.07244857432194629	
18A	4	a	479.418696	497.223792	492.607656	17.805095999999992	0.2568904076582119	487.99152	8.902547999999996	3.0994389728588256	
18A	4	a	497.88324	503.158824	499.861584	5.275583999999981	0.21155819410396548	500.521032	2.6377919999999904	0.947791877657759	
18A	4	a	505.796616	509.753304	507.77496	3.9566880000000424	0.18713643262681012	507.77496	1.9783440000000212	0.7632933938531412	
18A	4	a	510.412752	512.391096	511.0722	1.978343999999936	0.058016232724341865	511.0722	0.989171999999968	0.08387928004393674	
18A	4	a	513.050544	515.688336	513.709992	2.637792000000104	0.11199590557955164	514.36944	1.318896000000052	0.2552412984822119	
18A	4	a	516.347784	533.493432	519.645024	17.145647999999937	0.12151841829331422	524.920608	8.572823999999969	1.5699681210694305	
18A	4	a	534.15288	536.790672	536.131224	2.6377919999999904	0.08265830490759685	535.471776	1.3188959999999952	0.19725176854221038	
18A	4	a	538.769016	553.276872	543.385152	14.50785600000006	0.19007965563494622	546.022944	7.25392800000003	1.9945249703914845	
18A	4	a	553.93632	565.806384	559.211904	11.870063999999957	0.09005086469835533	559.871352	5.935031999999978	0.9676378490286695	
18A	4	a	566.465832	569.763072	569.103624	3.297239999999988	0.06332095368065627	567.784728	1.648619999999994	0.15497938141492718	
18A	4	a	570.42252	578.995344	575.698104	8.572824000000082	0.10530938463361883	574.379208	4.286412000000041	0.7184126722334567	
18A	4	a	579.654792	584.930376	582.292584	5.275583999999981	0.1607340494045193	582.292584	2.6377919999999904	0.5383972706682736	
18A	4	a	585.589824	600.09768	598.119336	14.507855999999947	0.4715466970710729	592.843752	7.2539279999999735	4.887506575596101	
19A	4	a	1.318896	7.253928	3.29724	5.935032	0.4023955330877742	3.956688	2.967516	2.159057189866029	
19A	4	a	7.913376	15.167304	10.551168	7.253927999999999	0.25949702277560105	11.210616	3.6269639999999996	1.5618987094929457	
19A	4	a	15.826752	32.9724	28.356264	17.145648	0.28309625060728205	24.399576	8.572824	4.138186251089587	
19A	4	a	33.631848	38.247984	35.610192	4.6161360000000045	0.1372054760735968	35.610192	2.3080680000000022	0.5292257622819527	
19A	2	b	38.907432	50.118048	46.16136	11.210616000000002	-0.31434077839216856	44.183016	5.605308000000001	-2.4380397311724504	
19A	4	a	50.777496	68.582592	54.074736	17.805096000000006	0.9686088942539093	59.35032	8.902548000000003	17.865655723876387	
19A	4	a	69.24204	73.858176	71.220384	4.616135999999997	0.2789195087305609	71.220384	2.3080679999999987	1.3478167963388543	
19A	2	b	74.517624	78.474312	75.177072	3.9566879999999998	-0.07699871907865008	76.495968	1.9783439999999999	-0.18696430829460908	
19A	4	a	79.13376	81.771552	79.13376	2.6377920000000046	0.07804203654000652	80.452656	1.3188960000000023	0.1284770201776002	
19A	4	a	83.749896	86.387688	85.72824	2.6377919999999904	0.059913129635801976	85.068792	1.3188959999999952	0.09530679520987895	
19A	4	a	88.366032	102.873888	96.279408	14.50785599999999	0.1716180754793437	95.61996	7.253927999999995	1.7228975802769364	
19A	4	a	104.852232	127.273464	118.041192	22.421232000000003	0.3638155360759767	116.062848	11.210616000000002	5.40507861864951	
19A	4	a	127.932912	138.48408	130.570704	10.551168000000004	0.1311083229900296	133.208496	5.275584000000002	1.1757225337691388	
19A	4	a	139.143528	143.759664	140.462424	4.616135999999983	0.08727151746469586	141.121872	2.3080679999999916	0.29254451556003214	
19A	4	a	145.738008	148.3758	146.397456	2.6377919999999904	0.09335675327704474	147.056904	1.3188959999999952	0.16935204624218803	
19A	4	a	149.035248	151.67304	150.354144	2.6377919999999904	0.06357141821207657	150.354144	1.3188959999999952	0.14858529235697282	
19A	4	a	153.651384	157.608072	155.629728	3.9566879999999855	0.13636402543568105	155.629728	1.9783439999999928	0.42736835583100885	
19A	4	a	158.26752	162.883656	160.245864	4.616136000000012	0.10741567599318502	160.245864	2.308068000000006	0.3350239978276526	
19A	4	a	163.543104	183.985992	170.137584	20.44288800000001	0.21219802136142185	173.434824	10.221444000000005	3.3263969344011715	
19A	4	a	184.64544	190.580472	187.283232	5.935031999999978	0.20108096779328388	187.283232	2.967515999999989	1.1170315754154354	
19A	4	a	191.23992	199.812744	193.877712	8.572823999999997	0.19856314182174684	195.196608	4.286411999999999	1.363379564719621	
19A	4	a	200.472192	205.088328	202.450536	4.616135999999983	0.21324468589423828	202.450536	2.3080679999999916	0.7718386216316779	
19A	4	a	205.747776	211.02336	208.385568	5.275584000000009	0.13710322265679142	208.385568	2.6377920000000046	0.6679026851410275	
19A	4	a	211.682808	218.277288	214.3206	6.594480000000004	0.16673262277452627	214.980048	3.297240000000002	0.7938820632942081	
19A	4	a	218.936736	222.233976	220.255632	3.2972400000000164	0.052911807896230734	220.255632	1.6486200000000082	0.18378815596494769	
19A	4	a	224.21232	235.422936	226.190664	11.210615999999987	0.2594126131888954	229.487904	5.605307999999994	3.148672147784115	
19A	4	a	236.082384	241.357968	238.060728	5.275584000000009	0.1875327132379816	238.720176	2.6377920000000046	0.7878881550908563	
19A	4	a	242.017416	253.88748	243.336312	11.870064000000013	0.1633613924782802	247.952448	5.935032000000007	1.5625243443920376	
19A	4	a	254.546928	260.48196	257.18472	5.935032000000007	0.1245292065828032	257.18472	2.9675160000000034	0.4905741416874192	
19A	4	a	261.141408	268.395336	262.460304	7.2539279999999735	0.10749080311557258	264.438648	3.6269639999999868	0.6024600063105843	
19A	4	a	269.054784	274.330368	269.714232	5.275584000000038	0.0990174965414754	271.692576	2.637792000000019	0.36203026305095554	
19A	4	a	274.989816	289.497672	279.605952	14.507856000000004	0.22062264682836208	282.243744	7.253928000000002	2.3620914288616373	
19A	4	a	290.15712	295.432704	290.816568	5.275583999999981	0.16412976277461944	292.794912	2.6377919999999904	0.8944259791341447	
19A	4	a	296.092152	302.686632	297.411048	6.594479999999976	0.19426161594529257	299.389392	3.297239999999988	0.8835983149821882	
19A	4	a	303.34608	308.621664	303.34608	5.275584000000038	0.1351097689724159	305.983872	2.637792000000019	0.6088133757397447	
19A	4	a	309.281112	312.578352	310.600008	3.297239999999988	0.11764624029156767	310.600008	1.648619999999994	0.30069811063111507	
19A	4	a	313.2378	315.875592	314.556696	2.6377919999999904	0.06473034947133938	314.556696	1.3188959999999952	0.1198780069988763	
19A	4	a	316.53504	323.12952	317.194488	6.594480000000033	0.12825631091124023	319.83228	3.2972400000000164	0.6250033089039295	
19A	4	a	323.788968	330.383448	325.107864	6.594479999999976	0.1401273947492805	327.086208	3.297239999999988	0.8177892395707123	
19A	4	a	331.042896	344.231856	333.02124	13.188960000000009	0.14684210849393597	337.637376	6.594480000000004	1.9164150027604197	
19A	4	a	344.891304	351.485784	348.188544	6.594480000000033	0.13894118809456968	348.188544	3.2972400000000164	0.8669913070727435	
19A	4	a	352.145232	360.058608	354.123576	7.913375999999971	0.1249613105658014	356.10192	3.9566879999999855	0.8400427167914304	
19A	4	a	360.718056	365.99364	362.036952	5.275584000000038	0.1391873195610147	363.355848	2.637792000000019	0.7414740615606412	
19A	4	a	366.653088	373.907016	370.609776	7.2539279999999735	0.10208334522633855	369.950328	3.6269639999999868	0.6658890471202423	
19A	4	a	374.566464	379.842048	376.544808	5.275583999999981	0.09738347570248695	377.204256	2.6377919999999904	0.44694620044959144	
19A	4	a	380.501496	406.879416	398.96604	26.377920000000017	0.25602347470298303	393.690456	13.188960000000009	3.6706289145766746	
19A	4	a	407.538864	418.090032	408.85776	10.551168000000018	0.18444897200399568	412.814448	5.275584000000009	1.9296949652347104	
19A	4	a	418.74948	424.025064	420.068376	5.275583999999981	0.1504796242330233	421.387272	2.6377919999999904	0.6855606896998345	
19A	4	a	424.684512	439.192368	435.23568	14.507856000000004	0.24194383270708375	431.93844	7.253928000000002	1.931806309374386	
19A	4	a	439.851816	445.786848	442.489608	5.935032000000035	0.15363714179687005	442.489608	2.9675160000000176	0.8444856667484297	
19A	4	a	446.446296	452.381328	448.42464	5.935031999999978	0.14617030668219	449.084088	2.967515999999989	0.8095971052500988	
19A	4	a	453.040776	456.997464	454.359672	3.9566879999999855	0.14150711588709752	455.01912	1.9783439999999928	0.4690816323723641	
19A	4	a	457.656912	462.273048	460.294704	4.61613600000004	0.11655775722441541	459.635256	2.30806800000002	0.49885281047441943	
19A	4	a	462.932496	472.164768	464.91084	9.232271999999966	0.17292871194838577	467.548632	4.616135999999983	1.315123499499311	
19A	4	a	472.824216	482.715936	474.80256	9.89172000000002	0.15011435345126367	477.440352	4.94586000000001	1.2573305915359265	
19A	4	a	483.375384	511.731648	501.839928	28.35626400000001	0.36366848294926957	497.223792	14.178132000000005	5.671375854450224	
19A	4	a	512.391096	517.66668	514.36944	5.275584000000094	0.2586889048991816	515.028888	2.637792000000047	1.1052194353441445	
19A	4	a	518.326128	533.493432	529.536744	15.167303999999945	0.12058361400249229	525.580056	7.583651999999972	1.4707074722878024	
19A	4	a	534.15288	539.428464	536.131224	5.275583999999981	0.09524019280700369	536.790672	2.6377919999999904	0.41587837921900483	
19A	4	a	540.087912	544.704048	542.725704	4.616135999999983	0.11113942285814549	542.066256	2.3080679999999916	0.5067927174265467	
19A	4	a	545.363496	557.893008	550.63908	12.529511999999954	0.15700756789782266	551.298528	6.264755999999977	1.5056583645460773	
19A	4	a	558.552456	563.82804	561.190248	5.275583999999981	0.09621390148275744	561.190248	2.6377919999999904	0.49138920880491566	
19A	4	a	564.487488	593.5032	587.568168	29.015712000000008	0.27035166048864223	578.995344	14.507856000000004	4.9872570132926155	
19A	4	a	594.162648	600.09768	595.481544	5.935031999999978	0.19314517068679216	596.80044	2.967515999999989	1.080140106101621	
