										Kaede_Unfed#13_Anterograde_evts_formatted.txt
ROI	Quadrant	Direction	Start time (s)	End time (s)	Peak time (s)	Duration (s)	Amplitude	Midpoint (s)	Half Duration(s)	AUC
8A	4	a	0.0	11.210616	0.0	11.210616	0.8664125302326227	5.275584	5.605308	5.991740187604474	
8A	4	a	11.870064	17.805096	15.167304	5.935032	0.08060866608482353	14.507856	2.967516	0.43141807214978645	
8A	4	a	21.102336	56.05308	44.183016	34.950744	1.313636315517515	38.247984	17.475372	19.50688879688378	
8A	2	b	56.712528	71.879832	63.966456	15.167303999999994	-0.19413696222305887	63.966456	7.583651999999997	-2.3746651719284513	
8A	4	a	72.53928	77.155416	74.517624	4.616135999999997	0.08682279066241438	74.517624	2.3080679999999987	0.3221866310078383	
8A	4	a	79.13376	112.765608	106.171128	33.631848000000005	0.9374140567114706	95.61996	16.815924000000003	8.688216425965665	
8A	4	a	113.425056	127.932912	118.041192	14.507856000000004	0.30001859773274386	120.678984	7.253928000000002	3.762150615341695	
8A	4	a	128.59236	159.586416	136.505736	30.994056	0.23021242449800905	143.759664	15.497028	6.751897002207599	
8A	2	b	162.224208	166.180896	164.202552	3.9566879999999855	-0.11385329246982145	164.202552	1.9783439999999928	-0.39167145833826567	
8A	4	a	166.840344	176.732064	168.15924	9.89172000000002	0.8856943217481588	171.45648	4.94586000000001	6.561793944170114	
8A	4	a	177.391512	191.899368	185.304888	14.507856000000004	0.19813896091090477	184.64544	7.253928000000002	2.5808743056805956	
8A	4	a	192.558816	200.472192	197.8344	7.9133759999999995	0.13121673659959576	196.515504	3.9566879999999998	0.8840326645398626	
8A	4	a	201.13164	211.682808	205.088328	10.55116799999999	0.08919256673783149	206.407224	5.275583999999995	0.5690877751438466	
8A	2	b	218.277288	221.574528	218.277288	3.297239999999988	-0.04037856285500219	219.596184	1.648619999999994	-0.11454135260642806	
8A	4	a	222.233976	242.017416	223.552872	19.783439999999985	0.710982005083336	232.125696	9.891719999999992	11.113533514145884	
8A	2	b	243.99576	251.909136	250.59024	7.9133759999999995	-0.0751379159570531	247.952448	3.9566879999999998	-0.5282310095168632	
8A	4	a	253.88748	270.37368	256.525272	16.486199999999968	0.11537622079943066	261.800856	8.243099999999984	1.3999073994240177	
8A	4	a	271.033128	273.011472	272.352024	1.9783440000000496	0.0829205072447401	271.692576	0.9891720000000248	0.08789865332797886	
8A	4	a	273.67092	276.96816	275.649264	3.297239999999988	0.05990850809751791	274.989816	1.648619999999994	0.15396266360381805	
8A	4	a	277.627608	280.924848	278.946504	3.297239999999988	0.06757108999969308	278.946504	1.648619999999994	0.16955637769050913	
8A	4	a	281.584296	303.34608	284.881536	21.761783999999977	0.8354337946166766	292.135464	10.880891999999989	13.818400318138803	
8A	2	b	307.302768	311.259456	307.962216	3.9566879999999855	-0.05698967580268377	309.281112	1.9783439999999928	-0.13680538872217785	
8A	4	a	313.2378	342.253512	331.702344	29.015712000000008	0.22045352617859493	327.745656	14.507856000000004	4.520738534507064	
8A	4	a	342.91296	373.247568	349.50744	30.334608000000003	0.704141014937913	358.080264	15.167304000000001	14.412018964898952	
8A	4	a	373.907016	388.414872	385.117632	14.507856000000004	0.09697915122893175	381.160944	7.253928000000002	1.116479908561498	
8A	4	a	389.07432	392.37156	391.712112	3.297239999999988	0.05964108439610616	390.393216	1.648619999999994	0.14131027103609695	
8A	4	a	394.349904	396.987696	396.328248	2.637792000000047	0.0450190584294603	395.6688	1.3188960000000236	0.08058838826609405	
8A	4	a	397.647144	400.944384	397.647144	3.297239999999988	0.05844670971094956	398.96604	1.648619999999994	0.13985254307792472	
8A	4	a	401.603832	423.365616	412.814448	21.761783999999977	1.4285654977033104	412.155	10.880891999999989	14.964296810135883	
8A	4	a	425.34396	427.322304	426.662856	1.9783439999999928	0.02383236263664834	426.003408	0.9891719999999964	0.025918138268496982	
8A	4	a	431.93844	454.359672	444.467952	22.421231999999975	0.1822960203605284	443.149056	11.210615999999987	3.3981603344395395	
8A	4	a	455.01912	480.737592	470.186424	25.71847200000002	2.1063347277249163	467.548632	12.85923600000001	22.160200765499567	
8A	4	a	481.39704	500.521032	489.310416	19.123991999999987	0.5216454878317154	490.629312	9.561995999999994	7.537248328881115	
8A	4	a	502.499376	513.050544	505.137168	10.551167999999961	0.16833306847427387	507.77496	5.275583999999981	1.2663441050335393	
8A	4	a	513.709992	533.493432	524.26116	19.783439999999928	1.3218576878665065	523.601712	9.891719999999964	10.906393571497917	
8A	4	a	534.15288	551.298528	543.385152	17.14564800000005	0.42625723918755654	542.725704	8.572824000000026	6.642659741030922	
8A	4	a	551.957976	571.081968	559.871352	19.12399199999993	0.2605022678734601	561.190248	9.561995999999965	4.080583156921044	
8A	4	a	571.741416	592.843752	584.270928	21.102336000000037	1.5559948934812038	582.292584	10.551168000000018	13.926475797465859	
8A	4	a	593.5032	600.09768	600.09768	6.594479999999976	0.3764416932570871	596.80044	3.297239999999988	1.6924667693015252	
9A	4	a	0.0	9.89172	0.0	9.89172	1.4860018828282309	4.616136	4.94586	12.482838873358599	
9A	4	a	10.551168	18.464544	15.167304	7.9133759999999995	0.20512263097723515	14.507856	3.9566879999999998	1.3795359484149192	
9A	4	a	20.442888	27.037368	23.740128	6.594480000000001	0.09554111466479398	23.740128	3.2972400000000004	0.40036305156669405	
9A	4	a	29.67516	32.312952	29.67516	2.637792000000001	0.07471047704789502	30.994056	1.3188960000000005	0.13199260003072322	
9A	2	b	35.610192	41.545224	38.907432	5.935032	-0.156820271358586	38.247984	2.967516	-0.6968051799296902	
9A	4	a	42.204672	60.669216	50.118048	18.464543999999997	2.305987980787866	51.436944	9.232271999999998	45.372599701371456	
9A	2	b	64.625904	69.901488	66.604248	5.275583999999995	-0.09728052913872798	67.263696	2.6377919999999975	-0.35972633170494817	
9A	4	a	70.560936	73.198728	71.879832	2.6377920000000046	0.07846164911735354	71.879832	1.3188960000000023	0.15335216325621337	
9A	4	a	73.858176	93.641616	83.090448	19.78344	0.3682839744823374	83.749896	9.89172	6.990479187417341	
9A	4	a	94.301064	120.678984	110.127816	26.377920000000003	1.168458667598661	107.490024	13.188960000000002	20.05721821033017	
9A	4	a	121.338432	127.932912	123.316776	6.594480000000004	0.15309604614627226	124.635672	3.297240000000002	0.770149537899961	
9A	4	a	128.59236	150.354144	137.824632	21.761783999999977	0.26932706387458527	139.143528	10.880891999999989	4.428093522905844	
9A	4	a	151.013592	162.883656	158.26752	11.870064000000013	0.14611779381526713	156.948624	5.935032000000007	1.1740782940566796	
9A	4	a	163.543104	166.180896	164.202552	2.6377919999999904	0.05311057098942484	164.862	1.3188959999999952	0.11745242006466627	
9A	4	a	166.840344	183.985992	175.413168	17.145648000000023	1.4021053555141982	175.413168	8.572824000000011	21.421989115158414	
9A	2	b	186.623784	193.877712	191.899368	7.253928000000002	-0.13024193454308985	189.921024	3.626964000000001	-0.7868410691438803	
9A	4	a	194.53716	206.407224	197.174952	11.870064000000013	0.11837368312857599	200.472192	5.935032000000007	0.9184732471007733	
9A	4	a	207.066672	213.661152	207.066672	6.594479999999976	0.09405284026478888	210.363912	3.297239999999988	0.45252300342652463	
9A	4	a	216.958392	224.871768	218.936736	7.9133759999999995	0.10542460084649807	220.91508	3.9566879999999998	0.6785527162028411	
9A	4	a	225.531216	239.379624	229.487904	13.848408000000006	0.9988442321558937	232.125696	6.924204000000003	10.73552169234614	
9A	4	a	240.039072	251.249688	245.974104	11.210615999999987	0.1870860452701395	245.314656	5.605307999999994	1.7940292497354235	
9A	4	a	251.909136	255.206376	251.909136	3.2972400000000164	0.08277907522858818	253.228032	1.6486200000000082	0.24783106009072897	
9A	4	a	255.865824	259.163064	255.865824	3.2972400000000164	0.12742613848232498	257.18472	1.6486200000000082	0.2981176581382261	
9A	4	a	259.822512	283.56264	272.352024	23.74012799999997	0.1365929982437164	271.692576	11.870063999999985	2.6273213030375833	
9A	4	a	284.222088	302.686632	291.476016	18.46454399999999	1.1904729040377573	293.45436	9.232271999999995	14.496411561618281	
9A	4	a	303.34608	305.983872	303.34608	2.637792000000047	0.0787891231440101	304.664976	1.3188960000000236	0.09217519205482683	
9A	4	a	311.918904	325.107864	323.788968	13.188960000000009	0.09979838049493672	318.513384	6.594480000000004	1.0769051651481196	
9A	4	a	325.767312	327.745656	326.42676	1.9783439999999928	0.08306556982821789	326.42676	0.9891719999999964	0.10923017834055804	
9A	4	a	328.405104	337.637376	336.977928	9.232272000000023	0.10540395783754786	333.02124	4.616136000000012	0.8278027595961901	
9A	4	a	338.296824	348.847992	344.231856	10.551167999999961	0.10588663139274068	343.572408	5.275583999999981	0.949920146365594	
9A	4	a	349.50744	367.971984	356.761368	18.464544000000046	0.8310201727922673	358.739712	9.232272000000023	9.712276731136866	
9A	4	a	368.631432	370.609776	368.631432	1.9783439999999928	0.05249526369285995	369.29088	0.9891719999999964	0.06838874280355167	
9A	2	b	371.269224	385.117632	376.544808	13.848408000000006	-0.09558569685207141	377.863704	6.924204000000003	-0.8971344596791153	
9A	2	b	385.77708	387.755424	387.095976	1.9783439999999928	-0.05784572624564399	386.436528	0.9891719999999964	-0.09291950815737793	
9A	4	a	388.414872	391.052664	389.07432	2.6377919999999904	0.07442339562125477	389.733768	1.3188959999999952	0.1250661941906046	
9A	4	a	391.712112	395.009352	393.031008	3.297239999999988	0.08380282750131185	393.031008	1.648619999999994	0.22703987014710014	
9A	4	a	395.6688	406.879416	404.901072	11.210616000000016	0.10642837587242093	400.944384	5.605308000000008	1.1484105472559014	
9A	4	a	407.538864	429.300648	419.408928	21.761784000000034	1.7617806495111141	418.090032	10.880892000000017	27.25557483250209	
9A	4	a	429.960096	432.597888	431.278992	2.6377919999999904	0.0616747125150261	431.278992	1.3188959999999952	0.13097842773135504	
9A	4	a	433.257336	435.23568	433.257336	1.9783439999999928	0.040808594533418674	433.916784	0.9891719999999964	0.05930369520137546	
9A	4	a	435.895128	451.72188	445.1274	15.826751999999999	0.1529112444406353	443.808504	7.9133759999999995	2.2648595021434987	
9A	4	a	452.381328	460.954152	452.381328	8.572824000000026	0.08219310775040434	456.338016	4.286412000000013	0.5712418419662866	
9A	4	a	461.6136	468.867528	464.91084	7.2539279999999735	0.08845591645960482	464.91084	3.6269639999999868	0.46041809161635494	
9A	4	a	469.526976	486.672624	471.50532	17.145647999999994	2.372687788994023	478.0998	8.572823999999997	33.136017641848795	
9A	4	a	487.332072	491.28876	488.650968	3.9566880000000424	0.06277025773390177	489.310416	1.9783440000000212	0.1694226092945068	
9A	4	a	491.948208	507.115512	499.202136	15.167304000000001	0.26121678416753635	499.202136	7.583652000000001	2.711154305359816	
9A	4	a	507.77496	518.326128	511.731648	10.551168000000018	0.1446991324649174	513.050544	5.275584000000009	1.2456925604477564	
9A	4	a	518.985576	520.96392	519.645024	1.9783439999999928	0.07316561657533871	519.645024	0.9891719999999964	0.13349476246512149	
9A	4	a	521.623368	539.428464	526.898952	17.805095999999935	1.5643644482939512	530.196192	8.902547999999967	20.887949328264455	
9A	2	b	541.406808	547.34184	544.704048	5.935032000000092	-0.13865525822294744	544.0446	2.967516000000046	-0.9266440332879295	
9A	4	a	549.320184	574.379208	557.23356	25.05902399999991	0.257145078626035	561.849696	12.529511999999954	5.516719599757949	
9A	4	a	575.038656	600.09768	589.546512	25.059024000000022	1.903801684523125	587.568168	12.529512000000011	29.584672373138826	
10A	4	a	0.0	13.848408	8.572824	13.848408	1.060232980994329	6.59448	6.924204	12.540046197801225	
10A	4	a	17.805096	39.56688	27.696816	21.761784	0.26012530179036464	28.356264	10.880892	5.218413532723972	
10A	2	b	40.226328	42.204672	40.885776	1.9783439999999999	-0.02635935947848944	40.885776	0.9891719999999999	-0.04646140361361484	
10A	4	a	42.86412	67.263696	55.393632	24.399575999999996	1.593746568260494	54.734184	12.199787999999998	39.05428422773756	
10A	2	b	67.923144	73.198728	70.560936	5.275584000000009	-0.12219142079461509	70.560936	2.6377920000000046	-0.4985510357819902	
10A	4	a	73.858176	90.344376	75.83652	16.486199999999997	0.37359056032215543	81.771552	8.243099999999998	5.865238599629214	
10A	4	a	91.003824	127.932912	116.062848	36.92908800000001	0.9694363617900059	109.468368	18.464544000000004	19.330141369168132	
10A	4	a	131.230152	133.867944	132.549048	2.6377919999999904	0.09003544205700553	132.549048	1.3188959999999952	0.20678540082750319	
10A	4	a	135.846288	156.948624	145.07856	21.102336000000008	0.2173326808475089	146.397456	10.551168000000004	4.343390203864832	
10A	4	a	157.608072	167.499792	160.245864	9.89172000000002	0.07955006212157434	162.224208	4.94586000000001	0.5464449552577768	
10A	4	a	168.15924	189.921024	180.029304	21.761783999999977	1.076917570579353	178.710408	10.880891999999989	13.066475718360998	
10A	4	a	193.877712	209.045016	199.812744	15.167304000000001	0.1980575857809801	201.13164	7.583652000000001	2.2787274819064955	
10A	4	a	211.682808	226.190664	220.255632	14.507856000000004	0.11303058986402048	218.936736	7.253928000000002	1.2453043901334866	
10A	4	a	228.169008	232.125696	229.487904	3.956688000000014	0.06524598832436901	230.147352	1.978344000000007	0.17972807579807792	
10A	4	a	232.785144	255.206376	236.741832	22.421232000000003	0.38080290070538547	243.99576	11.210616000000002	6.927000245930743	
10A	4	a	255.865824	274.330368	265.757544	18.464544000000018	0.15785303658330907	265.098096	9.232272000000009	2.754184933880172	
10A	4	a	274.989816	279.605952	275.649264	4.616135999999983	0.056872857005697774	276.96816	2.3080679999999916	0.20673674209134485	
10A	2	b	280.2654	295.432704	291.476016	15.167304000000001	-0.2208576369255839	287.519328	7.583652000000001	-2.4377533675365344	
10A	4	a	296.092152	309.94056	298.729944	13.848408000000006	0.35935145344929165	302.686632	6.924204000000003	4.928998979302265	
10A	4	a	310.600008	319.172832	313.2378	8.572824000000026	0.12171655886106203	314.556696	4.286412000000013	0.8027286424247193	
10A	2	b	322.470072	360.058608	356.10192	37.588535999999976	-0.28476131605857624	340.934616	18.794267999999988	-8.728452608959648	
10A	4	a	360.718056	377.204256	363.355848	16.486199999999997	0.31803777688775314	368.631432	8.243099999999998	4.024380898812613	
10A	2	b	379.1826	416.111688	412.814448	36.929088000000036	-0.625457529807472	397.647144	18.464544000000018	-17.112843882737067	
10A	4	a	416.771136	431.93844	424.025064	15.167304000000001	0.8118966409559567	424.025064	7.583652000000001	9.47134329328727	
10A	4	a	432.597888	442.489608	436.554576	9.891719999999964	0.4342255641305188	437.214024	4.945859999999982	3.388539600466429	
10A	4	a	443.149056	451.72188	447.105744	8.572824000000026	0.12689537873766854	447.105744	4.286412000000013	1.0301049862209757	
10A	4	a	452.381328	462.273048	453.700224	9.89172000000002	0.12782415175819395	456.997464	4.94586000000001	1.0992153206503097	
10A	4	a	462.932496	465.570288	462.932496	2.6377919999999904	0.03239611131421194	464.251392	1.3188959999999952	0.03761526240290425	
10A	2	b	467.548632	470.186424	467.548632	2.6377919999999904	-0.07639439318707097	468.867528	1.3188959999999952	-0.11225393856565247	
10A	4	a	470.845872	493.267104	477.440352	22.421232000000032	1.901837170358084	482.056488	11.210616000000016	42.902182015742646	
10A	2	b	493.926552	497.88324	494.586	3.9566879999999855	-0.07498009735376687	495.904896	1.9783439999999928	-0.2671466257033295	
10A	2	b	500.521032	505.796616	503.158824	5.275583999999981	-0.17201932538479303	503.158824	2.6377919999999904	-0.7631065542637845	
10A	4	a	506.456064	509.093856	507.115512	2.6377919999999904	0.07926081865539203	507.77496	1.3188959999999952	0.17344073762378787	
10A	2	b	509.753304	511.731648	509.753304	1.9783439999999928	-0.05573426225844047	510.412752	0.9891719999999964	-0.08538580776388827	
10A	4	a	515.028888	517.007232	516.347784	1.9783439999999928	0.020506170943110025	515.688336	0.9891719999999964	0.026768313981309078	
10A	2	b	522.282816	524.26116	523.601712	1.9783439999999928	-0.05877718682513544	522.942264	0.9891719999999964	-0.037903343263149925	
10A	4	a	524.920608	548.660736	531.515088	23.740128000000027	1.1976301193966754	536.790672	11.870064000000013	25.385480799852417	
10A	2	b	549.320184	551.957976	551.298528	2.6377919999999904	-0.028611610505247853	550.63908	1.3188959999999952	-0.0573828360248434	
10A	4	a	552.617424	555.255216	553.276872	2.6377919999999904	0.06885659143204537	553.93632	1.3188959999999952	0.163835113335574	
10A	2	b	555.914664	584.930376	567.12528	29.015712000000008	-0.5245894280308927	570.42252	14.507856000000004	-16.03351592773015	
10A	4	a	585.589824	600.09768	590.865408	14.507855999999947	0.7181641979646387	592.843752	7.2539279999999735	11.545602186244729	
11A	4	a	0.0	3.956688	2.637792	3.956688	0.08130098176052059	1.978344	1.978344	0.3311838734165713	
11A	4	a	4.616136	22.421232	13.18896	17.805096	0.8506548210034679	13.18896	8.902548	12.592111311044569	
11A	2	b	24.399576	48.799152	40.885776	24.399576	-0.4912513994997396	36.26964	12.199788	-10.600871254687839	
11A	4	a	49.4586	75.83652	60.009768	26.377919999999996	1.9889248722978174	62.64756	13.188959999999998	45.79274554934184	
11A	4	a	79.793208	84.409344	82.431	4.616135999999997	0.04712656603041143	81.771552	2.3080679999999987	0.16848476122428213	
11A	4	a	85.068792	102.21444	94.960512	17.145647999999994	0.15971587062728654	93.641616	8.572823999999997	2.1984380984504104	
11A	4	a	107.490024	133.208496	123.316776	25.71847199999999	1.6921691072509994	120.019536	12.859235999999996	27.787435394337663	
11A	4	a	135.18684	166.840344	152.332488	31.653503999999998	0.22021124155327998	151.013592	15.826751999999999	6.042381560466274	
11A	4	a	167.499792	174.094272	173.434824	6.594479999999976	0.11503073133896091	170.797032	3.297239999999988	0.4730995290002684	
11A	4	a	174.75372	196.515504	183.326544	21.761784000000006	1.056724906001612	185.304888	10.880892000000003	16.85574752715914	
11A	4	a	197.174952	203.769432	199.153296	6.594480000000004	0.10930342333971588	200.472192	3.297240000000002	0.4322692807595596	
11A	2	b	204.42888	243.336312	238.060728	38.907432	-0.2303173071485416	223.552872	19.453716	-7.837686186086774	
11A	4	a	243.99576	249.271344	246.633552	5.275584000000009	0.07936418336921847	246.633552	2.6377920000000046	0.41682089667340727	
11A	4	a	249.930792	255.865824	249.930792	5.935032000000007	0.08839123749389266	252.568584	2.9675160000000034	0.2269255653221054	
11A	4	a	256.525272	271.033128	256.525272	14.507856000000004	0.12074660946675309	263.7792	7.253928000000002	1.664661021417773	
11A	4	a	271.692576	274.330368	272.352024	2.637792000000047	0.050617221909385	273.011472	1.3188960000000236	0.07453920691061522	
11A	2	b	277.627608	299.389392	296.092152	21.761783999999977	-0.21165217875784892	288.178776	10.880891999999989	-3.8152663596449385	
11A	4	a	300.04884	322.470072	307.962216	22.421232000000032	0.4121806793847158	311.259456	11.210616000000016	7.382823751803398	
11A	4	a	323.12952	326.42676	323.788968	3.297239999999988	0.065519054542865	324.448416	1.648619999999994	0.19190667940128514	
11A	4	a	328.405104	331.702344	331.042896	3.297239999999988	0.01956871725410192	329.724	1.648619999999994	0.01677210178251376	
11A	2	b	335.659032	339.61572	335.659032	3.9566879999999855	-0.08366719338370832	337.637376	1.9783439999999928	-0.14591565366751547	
11A	2	b	340.275168	350.826336	346.869648	10.551168000000018	-0.08492366125114259	345.550752	5.275584000000009	-0.5963538376036845	
11A	2	b	351.485784	353.464128	352.145232	1.9783439999999928	-0.055328814916123736	352.145232	0.9891719999999964	-0.09015021901286291	
11A	4	a	355.442472	358.080264	356.761368	2.6377919999999904	0.0314093004603726	356.761368	1.3188959999999952	0.04949771729480057	
11A	4	a	362.6964	393.690456	378.523152	30.994056	0.3945093240971711	377.863704	15.497028	12.144566988195137	
11A	2	b	396.328248	424.684512	417.430584	28.35626400000001	-0.38877976948838144	410.176656	14.178132000000005	-10.632698801648823	
11A	4	a	425.34396	443.808504	431.278992	18.464544000000046	0.7872200139907664	434.576232	9.232272000000023	9.728847156793474	
11A	2	b	445.786848	449.084088	446.446296	3.297239999999988	-0.04517537159265794	447.105744	1.648619999999994	-0.1229484548489872	
11A	4	a	449.743536	467.548632	451.062432	17.805095999999992	0.1707170314619626	458.31636	8.902547999999996	2.288996997731773	
11A	4	a	468.20808	470.186424	468.20808	1.9783439999999928	0.04758077346147349	468.867528	0.9891719999999964	0.03743427353455231	
11A	4	a	470.845872	497.88324	486.013176	27.037368000000015	2.3156816357028074	484.034832	13.518684000000007	56.33001499395221	
11A	2	b	499.861584	516.347784	507.115512	16.486200000000053	-0.2536983438703362	507.77496	8.243100000000027	-2.5624416271469124	
11A	2	b	517.007232	519.645024	518.985576	2.6377919999999904	-0.043633253064742306	518.326128	1.3188959999999952	-0.07019779925043457	
11A	4	a	520.304472	553.276872	541.406808	32.97239999999999	1.9180963113555523	536.790672	16.486199999999997	51.27723849219571	
11A	4	a	555.255216	571.741416	560.5308	16.48619999999994	0.6623064906096099	563.168592	8.24309999999997	10.597334468072669	
11A	4	a	572.400864	577.017	576.357552	4.616136000000097	0.07044483221726416	574.379208	2.3080680000000484	0.11227710474792296	
11A	4	a	577.676448	580.31424	577.676448	2.6377919999999904	0.025209095665219117	578.995344	1.3188959999999952	0.05347557070688369	
11A	2	b	582.292584	585.589824	582.952032	3.297239999999988	-0.061003405939557	583.61148	1.648619999999994	-0.2022459793673712	
11A	4	a	586.249272	600.09768	597.459888	13.84840799999995	1.4991202086424433	592.843752	6.924203999999975	18.788648034635948	
12A	2	b	0.0	1.978344	0.0	1.978344	-0.053373384460243756	0.659448	0.989172	-0.04141303344673597	
12A	4	a	3.956688	6.59448	5.935032	2.6377919999999997	0.08873604362288434	5.275584	1.3188959999999998	0.15975860101620065	
12A	4	a	7.253928	32.312952	17.805096	25.059024	0.576683192836243	19.78344	12.529512	12.132924093949221	
12A	4	a	32.9724	43.523568	39.56688	10.551167999999997	0.11912811534614143	38.247984	5.2755839999999985	0.7797389126172813	
12A	4	a	44.183016	49.4586	46.820808	5.275583999999995	0.1199327652093154	46.820808	2.6377919999999975	0.6220929398894202	
12A	4	a	50.118048	53.415288	50.118048	3.297239999999995	0.10124117164546975	51.436944	1.6486199999999975	0.20785769784800845	
12A	4	a	54.074736	78.474312	67.923144	24.399575999999996	1.6190157194766037	65.9448	12.199787999999998	28.052617865954367	
12A	2	b	79.13376	91.663272	82.431	12.529512000000011	-0.13733238598308084	85.068792	6.2647560000000055	-1.4688266588572616	
12A	4	a	92.32272	112.10616	100.236096	19.78344	0.32648297850456487	102.21444	9.89172	5.628027885473028	
12A	4	a	112.765608	136.505736	129.251808	23.740128000000013	0.5749787841419609	124.635672	11.870064000000006	7.628148211529943	
12A	4	a	137.165184	159.586416	145.738008	22.421232000000003	0.17834872607349173	148.3758	11.210616000000002	3.2773193780849508	
12A	4	a	160.245864	162.883656	160.245864	2.6377919999999904	0.03263338850515041	161.56476	1.3188959999999952	0.04373241244797632	
12A	2	b	164.862	182.667096	180.029304	17.805095999999992	-0.2591424377971725	173.434824	8.902547999999996	-3.14722112097875	
12A	4	a	183.326544	202.450536	189.261576	19.123991999999987	0.533209257384684	192.558816	9.561995999999994	7.654890097407971	
12A	4	a	203.109984	218.936736	207.066672	15.826751999999999	0.10896337761673625	211.02336	7.9133759999999995	1.194536261101555	
12A	4	a	219.596184	224.871768	221.574528	5.275584000000009	0.07552770470036263	222.233976	2.6377920000000046	0.25056610834447524	
12A	4	a	225.531216	230.147352	227.50956	4.616136000000012	0.04240104792068866	227.50956	2.308068000000006	0.14753999730777378	
12A	2	b	230.8068	233.444592	231.466248	2.6377919999999904	-0.013609136124619337	232.125696	1.3188959999999952	-0.023370497092567666	
12A	2	b	236.741832	240.039072	238.720176	3.2972400000000164	-0.07087015552819276	238.060728	1.6486200000000082	-0.13874331779271643	
12A	4	a	243.99576	248.611896	244.655208	4.616136000000012	0.057533207947935594	245.974104	2.308068000000006	0.10965189695735589	
12A	4	a	253.228032	264.438648	256.525272	11.210615999999987	0.09871348455875317	258.503616	5.605307999999994	0.9207431538708308	
12A	4	a	265.098096	269.714232	266.416992	4.616135999999983	0.09392852875024982	267.07644	2.3080679999999916	0.24096170533542494	
12A	4	a	270.37368	275.649264	273.011472	5.275584000000038	0.050461997815050896	273.011472	2.637792000000019	0.2252422414690285	
12A	4	a	278.287056	280.2654	278.287056	1.9783439999999928	0.028911789700469814	278.946504	0.9891719999999964	0.035398270916306984	
12A	2	b	282.243744	306.64332	301.367736	24.399576000000025	-0.10167275305551327	294.113808	12.199788000000012	-1.6503838321965638	
12A	4	a	307.302768	316.53504	313.2378	9.232271999999966	0.12711777417161274	311.918904	4.616135999999983	1.2674433254160418	
12A	4	a	317.194488	336.31848	328.405104	19.123992000000044	0.09865692014508287	326.42676	9.561996000000022	1.6075740225312314	
12A	4	a	336.977928	346.869648	343.572408	9.891719999999964	0.1022950324989993	341.594064	4.945859999999982	0.8051305608099393	
12A	4	a	347.529096	350.166888	349.50744	2.6377919999999904	0.07573710290052338	348.847992	1.3188959999999952	0.14348438822854392	
12A	4	a	350.826336	356.761368	356.10192	5.935031999999978	0.05230417847966118	353.464128	2.967515999999989	0.15606136594004427	
12A	4	a	357.420816	359.39916	358.739712	1.9783439999999928	0.04134893620265956	358.080264	0.9891719999999964	0.05086929381950789	
12A	4	a	361.377504	364.674744	361.377504	3.297239999999988	0.06208632919451951	362.6964	1.648619999999994	0.14296397915798864	
12A	4	a	365.334192	387.095976	373.907016	21.761784000000034	0.26541844174586293	375.88536	10.880892000000017	4.570553858726369	
12A	4	a	387.755424	406.879416	391.712112	19.123991999999987	0.12491058458446958	396.987696	9.561995999999994	2.2420648188213623	
12A	4	a	407.538864	420.068376	419.408928	12.529512000000011	0.06742715086745621	413.473896	6.2647560000000055	0.6114763936318282	
12A	4	a	420.727824	426.662856	420.727824	5.935031999999978	0.07190943429077645	423.365616	2.967515999999989	0.28052722109815753	
12A	4	a	427.322304	458.975808	433.916784	31.653503999999998	0.3659929979379313	443.149056	15.826751999999999	10.248365350696488	
12A	2	b	462.273048	474.143112	470.186424	11.870063999999957	-0.10161504680103306	468.20808	5.935031999999978	-0.947710303101853	
12A	4	a	474.80256	502.499376	490.629312	27.696815999999956	1.6355822154696673	488.650968	13.848407999999978	31.13645731249817	
12A	4	a	506.456064	508.434408	506.456064	1.9783439999999928	0.06984005288670847	507.115512	0.9891719999999964	0.10407565272654695	
12A	4	a	515.688336	557.23356	548.001288	41.54522399999996	1.9146038823069724	536.131224	20.77261199999998	49.88205419552764	
12A	4	a	563.168592	600.09768	600.09768	36.92908799999998	1.1613499547531632	581.633136	18.46454399999999	14.633849677622315	
13A	4	a	0.0	2.637792	0.0	2.637792	0.06236655298239624	1.318896	1.318896	0.12914268256251593	
13A	4	a	3.29724	6.59448	5.275584	3.29724	0.06213250148884297	4.616136	1.64862	0.12329231123547513	
13A	2	b	8.572824	14.507856	11.210616	5.935032	-0.04731221451525336	11.210616	2.967516	-0.23413904983267275	
13A	4	a	17.145648	32.312952	26.37792	15.167304000000001	0.2659623197181684	24.399576	7.583652000000001	2.7523560195083503	
13A	4	a	32.9724	50.118048	43.523568	17.145648	0.13486683785305775	41.545224	8.572824	2.3923005575322884	
13A	2	b	52.75584	61.328664	58.690872	8.572824000000004	-0.1568901600914705	56.712528	4.286412000000002	-0.9634196877211594	
13A	4	a	61.988112	81.771552	75.177072	19.78344	1.510510464736437	71.879832	9.89172	20.907194052271432	
13A	4	a	82.431	88.366032	83.749896	5.935032000000007	0.08188984452300474	85.068792	2.9675160000000034	0.34211171648677263	
13A	4	a	89.02548	104.192784	92.982168	15.167304000000001	0.28805665086774246	96.279408	7.583652000000001	2.7705680849101197	
13A	4	a	104.852232	141.121872	129.251808	36.269639999999995	0.7230778510867193	122.657328	18.134819999999998	10.909172464700632	
13A	4	a	141.78132	164.862	151.67304	23.08068	0.3149870391433418	152.991936	11.54034	5.2163149463295415	
13A	4	a	165.521448	170.137584	168.15924	4.616136000000012	0.03144385440722175	167.499792	2.308068000000006	0.1336657181697214	
13A	4	a	172.115928	174.094272	172.775376	1.9783439999999928	0.025455949602382955	172.775376	0.9891719999999964	0.03524438523229212	
13A	2	b	177.391512	179.369856	177.391512	1.9783439999999928	-0.013109209124236187	178.05096	0.9891719999999964	-0.022532485110744904	
13A	2	b	180.029304	187.283232	182.007648	7.253928000000002	-0.06570893190856708	183.326544	3.626964000000001	-0.30112854081986695	
13A	4	a	187.94268	199.812744	195.856056	11.870064000000013	0.34911604588039724	193.877712	5.935032000000007	3.4746292749520586	
13A	4	a	200.472192	209.045016	204.42888	8.572823999999997	0.13209323630411918	204.42888	4.286411999999999	0.8859282563009057	
13A	4	a	213.001704	224.871768	217.61784	11.870064000000013	0.13295100138740068	218.936736	5.935032000000007	1.222451221527607	
13A	4	a	225.531216	234.10404	232.125696	8.572823999999997	0.047024584907769285	229.487904	4.286411999999999	0.4029556399017069	
13A	4	a	234.763488	236.741832	236.082384	1.9783439999999928	0.05916881301084276	235.422936	0.9891719999999964	0.06476345682707563	
13A	4	a	237.40128	240.69852	238.720176	3.297239999999988	0.04562069092925647	238.720176	1.648619999999994	0.16194246320367256	
13A	4	a	241.357968	243.336312	241.357968	1.9783439999999928	0.06910905473202833	242.017416	0.9891719999999964	0.06590396289812972	
13A	4	a	243.99576	255.206376	248.611896	11.210616000000016	0.07952154085548502	249.271344	5.605308000000008	0.7622383605311949	
13A	4	a	255.865824	259.163064	256.525272	3.2972400000000164	0.03402706037908443	257.18472	1.6486200000000082	0.06476715826231683	
13A	4	a	259.822512	279.605952	268.395336	19.783439999999985	0.10995313993295985	269.714232	9.891719999999992	1.4931601085314425	
13A	4	a	280.2654	282.903192	280.2654	2.6377919999999904	0.01572463681523617	281.584296	1.3188959999999952	0.013326420853987386	
13A	4	a	291.476016	295.432704	294.113808	3.9566879999999855	0.04933957776956577	293.45436	1.9783439999999928	0.14836534266991164	
13A	4	a	296.092152	300.708288	296.7516	4.616135999999983	0.04032484428940375	298.070496	2.3080679999999916	0.16926823059223106	
13A	4	a	301.367736	304.005528	301.367736	2.637792000000047	0.028082372579762094	302.686632	1.3188960000000236	0.04864405590441967	
13A	4	a	304.664976	306.64332	305.983872	1.9783439999999928	0.03446394002580666	305.324424	0.9891719999999964	0.034751914207203916	
13A	4	a	311.918904	317.194488	315.216144	5.275583999999981	0.07651054423936321	314.556696	2.6377919999999904	0.29157978155634456	
13A	4	a	317.853936	329.724	325.767312	11.870064000000013	0.08802245406903086	323.788968	5.935032000000007	0.6500210912200606	
13A	4	a	332.361792	334.999584	333.680688	2.637792000000047	0.06571894806893797	333.680688	1.3188960000000236	0.14644655353560232	
13A	4	a	335.659032	346.2102	338.296824	10.551167999999961	0.05564538184931589	340.934616	5.275583999999981	0.5395131661874228	
13A	4	a	346.869648	351.485784	349.50744	4.61613600000004	0.050066581364291096	348.847992	2.30806800000002	0.21338413334677564	
13A	4	a	353.464128	355.442472	354.123576	1.9783439999999928	0.0509273669490482	354.123576	0.9891719999999964	0.0635606407257403	
13A	4	a	356.10192	379.1826	375.88536	23.080679999999973	0.15244282067652248	367.312536	11.540339999999986	2.1917910451361187	
13A	4	a	379.842048	385.117632	383.139288	5.275584000000038	0.08249201163531916	382.47984	2.637792000000019	0.28803338231783493	
13A	4	a	385.77708	407.538864	392.37156	21.761783999999977	0.23148599695713878	396.328248	10.880891999999989	3.556839671236138	
13A	4	a	410.176656	412.155	410.176656	1.9783439999999928	0.014962784697383658	410.836104	0.9891719999999964	0.01442606162101323	
13A	4	a	412.814448	417.430584	416.111688	4.616135999999983	0.06333883380737237	414.792792	2.3080679999999916	0.2704226745811438	
13A	4	a	418.090032	424.025064	420.068376	5.935031999999978	0.05066131156450071	420.727824	2.967515999999989	0.2174195316366716	
13A	2	b	429.300648	433.257336	431.278992	3.9566879999999855	-0.09464140693744527	431.278992	1.9783439999999928	-0.19962944142965555	
13A	4	a	433.916784	459.635256	449.743536	25.71847200000002	0.2833595753238587	446.446296	12.85923600000001	5.550506334535457	
13A	4	a	460.294704	472.164768	468.867528	11.870063999999957	0.08087612888287143	466.229736	5.935031999999978	0.9158467678862434	
13A	4	a	472.824216	477.440352	472.824216	4.61613600000004	0.038542940517966695	474.80256	2.30806800000002	0.1338080474062353	
13A	4	a	478.0998	505.796616	496.564344	27.696815999999956	1.5825504372432837	491.948208	13.848407999999978	21.709707285918437	
13A	4	a	506.456064	528.877296	523.601712	22.421231999999975	0.3106031815886894	517.66668	11.210615999999987	5.180414704508395	
13A	4	a	529.536744	556.574112	551.298528	27.037368000000015	0.9203742153251557	542.725704	13.518684000000007	14.202399607233094	
13A	4	a	558.552456	591.524856	573.71976	32.97239999999999	0.7034736951660117	575.038656	16.486199999999997	13.87023432939881	
13A	4	a	596.140992	600.09768	600.09768	3.9566879999999855	0.2595653461690226	598.119336	1.9783439999999928	0.46343753537088883	
14A	4	a	0.0	1.978344	0.659448	1.978344	0.04373983817291238	0.659448	0.989172	0.07371907621868679	
14A	4	a	2.637792	7.913376	4.616136	5.275584	0.05968947001763736	5.275584	2.637792	0.18265731146118913	
14A	4	a	8.572824	11.210616	8.572824	2.6377919999999992	0.04043996739211764	9.89172	1.3188959999999996	0.06638125500592373	
14A	4	a	11.870064	15.826752	15.167304	3.9566880000000015	0.054042349703336434	13.848408	1.9783440000000008	0.184016364374469	
14A	4	a	16.4862	62.64756	52.75584	46.16136	0.16477228221121365	39.56688	23.08068	7.121553684459436	
14A	2	b	65.9448	71.879832	69.901488	5.9350319999999925	-0.047284144787147486	68.582592	2.9675159999999963	-0.22207952195071612	
14A	4	a	72.53928	85.068792	77.814864	12.529511999999997	0.5678011123745197	78.474312	6.264755999999998	5.481473275997972	
14A	4	a	85.72824	94.301064	89.02548	8.572823999999997	0.18704905386630521	89.684928	4.286411999999999	1.1147354103783889	
14A	4	a	96.279408	104.192784	99.576648	7.9133759999999995	0.12574574701058205	100.236096	3.9566879999999998	0.7608471255532285	
14A	4	a	104.852232	107.490024	105.51168	2.6377920000000046	0.024655261051034216	106.171128	1.3188960000000023	0.05333152279164932	
14A	4	a	108.149472	124.635672	117.381744	16.486199999999997	0.08445977931798376	116.062848	8.243099999999998	1.005709360101843	
14A	4	a	125.29512	144.419112	132.549048	19.123992000000015	0.6440298010105963	134.527392	9.561996000000008	7.004570799855458	
14A	4	a	145.07856	181.3482	152.332488	36.26963999999998	0.17346357438775284	162.883656	18.13481999999999	3.6585675805268485	
14A	4	a	185.304888	188.602128	185.964336	3.297239999999988	0.020366435770520663	186.623784	1.648619999999994	0.03856744386292754	
14A	2	b	189.261576	193.218264	191.899368	3.956688000000014	-0.046456267038992305	191.23992	1.978344000000007	-0.16319961482278944	
14A	4	a	195.196608	205.747776	199.812744	10.55116799999999	0.36419619757679156	200.472192	5.275583999999995	2.9987621943465927	
14A	4	a	206.407224	213.001704	212.342256	6.594479999999976	0.05734171674188637	209.704464	3.297239999999988	0.3115886240321317	
14A	4	a	213.661152	216.958392	214.980048	3.2972400000000164	0.0457318018352435	214.980048	1.6486200000000082	0.09842068415528615	
14A	4	a	218.936736	221.574528	218.936736	2.6377919999999904	0.02994997189186588	220.255632	1.3188959999999952	0.06709749341156357	
14A	4	a	222.233976	226.850112	224.21232	4.616135999999983	0.03403200651387417	224.21232	2.3080679999999916	0.1309349440387424	
14A	4	a	227.50956	230.8068	229.487904	3.2972400000000164	0.032551705527325225	228.828456	1.6486200000000082	0.09507563925957396	
14A	4	a	231.466248	237.40128	234.763488	5.935032000000007	0.05156393519038538	234.10404	2.9675160000000034	0.17122252721422515	
14A	4	a	238.060728	249.271344	243.336312	11.210615999999987	0.06049271345144813	243.336312	5.605307999999994	0.4890889208039848	
14A	4	a	249.930792	269.714232	262.460304	19.783439999999985	0.11092035966250569	259.822512	9.891719999999992	1.7787718591302426	
14A	4	a	270.37368	303.34608	289.497672	32.97239999999999	0.1023010739078627	286.85988	16.486199999999997	2.354043695017462	
14A	4	a	304.005528	306.64332	304.664976	2.6377919999999904	0.03954538019415743	305.324424	1.3188959999999952	0.0931343406573335	
14A	4	a	311.918904	321.810624	319.83228	9.89172000000002	0.07018702535733778	316.53504	4.94586000000001	0.5923092853455638	
14A	4	a	322.470072	346.2102	334.999584	23.74012799999997	0.0767909138661107	334.340136	11.870063999999985	1.4716735214027759	
14A	4	a	346.869648	354.783024	346.869648	7.913376000000028	0.03991513794211299	350.826336	3.956688000000014	0.27050425353041807	
14A	4	a	357.420816	369.950328	367.971984	12.529512000000011	0.04584367412341184	363.355848	6.2647560000000055	0.5636442717598091	
14A	4	a	370.609776	402.26328	389.733768	31.653503999999998	0.1647866591593874	386.436528	15.826751999999999	3.9127888414312975	
14A	4	a	402.922728	412.155	408.198312	9.232271999999966	0.08561271244780988	407.538864	4.616135999999983	0.6897448935996966	
14A	4	a	412.814448	416.111688	412.814448	3.297239999999988	0.021830715117641564	414.133344	1.648619999999994	0.05854796907257742	
14A	2	b	418.090032	420.068376	418.74948	1.9783439999999928	-0.017530508756834262	418.74948	0.9891719999999964	-0.024882425653037776	
14A	4	a	420.727824	456.338016	447.105744	35.610191999999984	0.3318866002374312	438.53292	17.805095999999992	8.238134208048281	
14A	4	a	456.997464	465.570288	461.6136	8.572824000000026	0.13770671751699837	460.954152	4.286412000000013	0.9336275593586993	
14A	4	a	466.229736	474.143112	468.867528	7.913375999999971	0.08015986782282569	470.186424	3.9566879999999855	0.5208459699775283	
14A	4	a	474.80256	476.780904	474.80256	1.9783439999999928	0.03673730027620925	475.462008	0.9891719999999964	0.03802542291279076	
14A	4	a	477.440352	480.078144	479.418696	2.6377919999999904	0.036760950169809625	478.759248	1.3188959999999952	0.05741063541529701	
14A	4	a	480.737592	486.013176	482.715936	5.275583999999981	0.04357434606413113	483.375384	2.6377919999999904	0.1675894947355694	
14A	4	a	489.310416	507.77496	498.542688	18.464544000000046	0.9204999947313812	498.542688	9.232272000000023	9.365870686025916	
14A	4	a	508.434408	519.645024	513.709992	11.210616000000016	0.33154484108502436	513.709992	5.605308000000008	2.45606231083017	
14A	4	a	520.304472	526.898952	523.601712	6.594479999999976	0.04022271340794248	523.601712	3.297239999999988	0.20672522246346214	
14A	4	a	527.5584	539.428464	534.812328	11.870063999999957	0.09515006034160267	533.493432	5.935031999999978	0.7432331386794042	
14A	4	a	547.34184	559.871352	553.276872	12.529511999999954	0.7788698729425616	553.276872	6.264755999999977	6.485198767402716	
14A	4	a	560.5308	584.930376	571.081968	24.399576000000025	0.41948434559687797	572.400864	12.199788000000012	5.834620527815149	
14A	2	b	588.227616	590.865408	589.546512	2.6377919999999904	-0.044158597957575374	589.546512	1.3188959999999952	-0.08752701592497436	
14A	2	b	591.524856	598.778784	597.459888	7.2539279999999735	-0.05800344354370335	594.822096	3.6269639999999868	-0.3530275756242027	
15A	4	a	0.0	3.956688	1.318896	3.956688	0.03475386047503126	1.978344	1.978344	0.10219294488405684	
15A	4	a	4.616136	9.89172	5.935032	5.275583999999999	0.02283191287360009	7.253928	2.6377919999999997	0.09225712888757087	
15A	4	a	10.551168	13.18896	10.551168	2.6377919999999992	0.03578153672274831	11.870064	1.3188959999999996	0.057523491984109776	
15A	4	a	13.848408	40.226328	31.653504	26.377920000000003	0.23784253988749926	27.037368	13.188960000000002	3.5922764033861267	
15A	4	a	40.885776	54.074736	46.820808	13.188960000000002	0.07199229126006057	47.480256	6.594480000000001	0.8334485719652283	
15A	4	a	54.734184	60.669216	56.05308	5.935032	0.024764293850441543	57.371976	2.967516	0.11922219283307922	
15A	4	a	61.328664	69.901488	63.307008	8.572823999999997	0.050450926172119104	65.285352	4.286411999999999	0.27355212197319845	
15A	4	a	70.560936	93.641616	80.452656	23.08068	0.5506013699957528	81.771552	11.54034	8.041772550443701	
15A	2	b	94.301064	108.80892	98.257752	14.507856000000004	-0.08533727815650449	101.554992	7.253928000000002	-0.9594059389656551	
15A	4	a	110.787264	117.381744	114.084504	6.594480000000004	0.02225296539825572	114.084504	3.297240000000002	0.12326162430011423	
15A	4	a	118.041192	126.614016	123.316776	8.572824000000011	0.014680543955901904	121.99788	4.286412000000006	0.0878921381967035	
15A	4	a	131.230152	151.013592	137.165184	19.783439999999985	0.42111260094737935	141.121872	9.891719999999992	6.601178535539299	
15A	2	b	151.67304	199.153296	159.586416	47.480256000000026	-0.10394496255057595	175.413168	23.740128000000013	-3.324813382559894	
15A	4	a	199.812744	213.661152	204.42888	13.848407999999978	0.16320122619325295	206.407224	6.924203999999989	1.7988690938284406	
15A	4	a	214.3206	220.91508	218.936736	6.594479999999976	0.02938110892093926	217.61784	3.297239999999988	0.1473838826587952	
15A	4	a	224.871768	232.125696	226.850112	7.253928000000002	0.03302738044843423	228.169008	3.626964000000001	0.20524853061331672	
15A	4	a	232.785144	236.741832	235.422936	3.9566879999999855	0.03123003061892371	234.763488	1.9783439999999928	0.0819579378348998	
15A	4	a	239.379624	249.271344	242.676864	9.891719999999992	0.04193237146083506	243.99576	4.945859999999996	0.2862302293000407	
15A	4	a	249.930792	263.7792	263.119752	13.848408000000006	0.054164576687256716	256.525272	6.924204000000003	0.49870700708063387	
15A	4	a	264.438648	269.714232	269.054784	5.275583999999981	0.04906544028886595	267.07644	2.6377919999999904	0.17078414454792568	
15A	4	a	270.37368	276.96816	271.692576	6.594480000000033	0.05853297302432692	273.67092	3.2972400000000164	0.2570347150571608	
15A	4	a	277.627608	284.222088	278.946504	6.594479999999976	0.043373212538164285	280.924848	3.297239999999988	0.2553083445149762	
15A	4	a	284.881536	292.794912	288.838224	7.913376000000028	0.05026098588654904	288.838224	3.956688000000014	0.29657632796940336	
15A	4	a	293.45436	295.432704	294.773256	1.9783439999999928	0.02309609794484979	294.113808	0.9891719999999964	0.037462284533493984	
15A	4	a	296.092152	300.04884	297.411048	3.9566879999999855	0.03333322805979888	298.070496	1.9783439999999928	0.09204752827457008	
15A	4	a	300.708288	304.005528	303.34608	3.297240000000045	0.018294875549568435	302.027184	1.6486200000000224	0.03775490158598149	
15A	4	a	305.983872	309.281112	307.962216	3.297239999999988	0.031314165295972085	307.302768	1.648619999999994	0.07907159522505336	
15A	4	a	309.94056	311.918904	310.600008	1.9783439999999928	0.03496368677456907	310.600008	0.9891719999999964	0.04647492079802418	
15A	4	a	312.578352	318.513384	315.875592	5.935031999999978	0.030367502945427116	315.216144	2.967515999999989	0.15620833182682858	
15A	4	a	319.172832	325.107864	321.810624	5.935031999999978	0.05126470203536382	321.810624	2.967515999999989	0.20784191598597856	
15A	4	a	329.064552	332.361792	329.724	3.297239999999988	0.026715840914171896	330.383448	1.648619999999994	0.06424026780371217	
15A	4	a	333.02124	337.637376	336.31848	4.61613600000004	0.030267310197448438	334.999584	2.30806800000002	0.11771754703826032	
15A	4	a	338.296824	340.275168	339.61572	1.9783439999999928	0.0379833306555426	338.956272	0.9891719999999964	0.03958196333060182	
15A	4	a	340.934616	354.783024	349.50744	13.848408000000006	0.04211499758393611	347.529096	6.924204000000003	0.4862940302856834	
15A	4	a	357.420816	362.036952	358.739712	4.616135999999983	0.03438624028004411	359.39916	2.3080679999999916	0.13350922322762682	
15A	4	a	362.6964	395.009352	385.77708	32.312951999999996	0.14961749476166242	378.523152	16.156475999999998	2.67072564804678	
15A	4	a	395.6688	412.814448	404.241624	17.14564800000005	0.059157074035230295	404.241624	8.572824000000026	0.6519585352392431	
15A	4	a	413.473896	438.53292	423.365616	25.059023999999965	0.24995294575015214	426.003408	12.529511999999983	3.85177280306976	
15A	4	a	439.192368	451.72188	443.149056	12.529512000000011	0.23065215464051136	445.1274	6.2647560000000055	1.7285927094731988	
15A	4	a	452.381328	458.975808	455.678568	6.594479999999976	0.05392257094457742	455.678568	3.297239999999988	0.266916717922295	
15A	2	b	459.635256	466.229736	459.635256	6.594479999999976	-0.03956785324807632	462.932496	3.297239999999988	-0.17885066101820124	
15A	2	b	466.889184	495.245448	486.672624	28.35626400000001	-0.10635855764473612	480.737592	14.178132000000005	-2.3654161463044376	
15A	4	a	495.904896	513.709992	501.18048	17.80509600000005	0.5790416085283352	504.47772	8.902548000000024	6.846526501655481	
15A	4	a	514.36944	520.304472	515.028888	5.935031999999978	0.09358848367421757	517.007232	2.967515999999989	0.477568281191872	
15A	2	b	520.96392	540.087912	525.580056	19.12399199999993	-0.11970191857234735	530.196192	9.561995999999965	-1.5713821748694965	
15A	4	a	544.0446	548.001288	547.34184	3.9566880000000992	0.015554328098047687	546.022944	1.9783440000000496	0.04677737711139918	
15A	4	a	548.660736	578.995344	555.255216	30.334608000000003	0.6513653896396145	563.82804	15.167304000000001	12.900139855085298	
15A	4	a	579.654792	582.292584	579.654792	2.6377919999999904	0.01209301828912035	580.973688	1.3188959999999952	0.020125660732902673	
15A	2	b	582.952032	600.09768	600.09768	17.145647999999937	-0.07176624052440284	591.524856	8.572823999999969	-0.8520568658785991	
16A	4	a	0.0	4.616136	0.659448	4.616136	0.03605014049266142	1.978344	2.308068	0.11648415822711644	
16A	4	a	5.275584	11.210616	8.572824	5.935032	0.022296799186388716	7.913376	2.967516	0.10062846045924823	
16A	4	a	11.870064	17.145648	16.4862	5.275584000000002	0.015746101050019723	14.507856	2.637792000000001	0.0667634733998369	
16A	4	a	17.805096	24.399576	22.421232	6.594480000000001	0.029294228483836005	21.102336	3.2972400000000004	0.14943314929690532	
16A	4	a	25.059024	27.037368	25.059024	1.9783439999999999	0.022340413351461752	25.718472	0.9891719999999999	0.022693004543107076	
16A	4	a	27.696816	43.523568	34.950744	15.826751999999999	0.1771611964373605	35.610192	7.9133759999999995	2.251091226645624	
16A	4	a	44.183016	60.669216	47.480256	16.486199999999997	0.07283552035113217	52.096392	8.243099999999998	1.2391354157250887	
16A	4	a	61.328664	63.307008	61.988112	1.9783439999999999	0.010522915475483785	61.988112	0.9891719999999999	0.01600767424744587	
16A	4	a	65.9448	71.879832	66.604248	5.9350319999999925	0.020448976753519643	68.582592	2.9675159999999963	0.09258163593173863	
16A	4	a	77.155416	92.32272	86.387688	15.167304000000001	0.34793441771680955	84.409344	7.583652000000001	4.6152478841377995	
16A	4	a	92.982168	97.598304	94.960512	4.616135999999997	0.11644739186648279	94.960512	2.3080679999999987	0.4510217894422387	
16A	4	a	98.257752	119.360088	104.192784	21.102336000000008	0.050143782838010686	108.80892	10.551168000000004	0.9226817877606394	
16A	4	a	120.019536	123.976224	120.019536	3.9566879999999998	0.043630498703995935	121.99788	1.9783439999999999	0.0977989031740577	
16A	4	a	124.635672	128.59236	126.614016	3.956688000000014	0.017385540506468455	126.614016	1.978344000000007	0.05165166811770616	
16A	4	a	129.251808	131.8896	129.911256	2.6377919999999904	0.005726360354888271	130.570704	1.3188959999999952	0.008808779311990311	
16A	4	a	135.846288	151.67304	145.07856	15.826751999999999	0.20934574878546397	143.759664	7.9133759999999995	3.1298362595450886	
16A	4	a	152.332488	157.608072	153.651384	5.275583999999981	0.03893558703798683	154.97028	2.6377919999999904	0.1709121179917822	
16A	2	b	158.26752	160.245864	159.586416	1.9783440000000212	-0.021377936088222915	158.926968	0.9891720000000106	-0.028599810289936856	
16A	4	a	160.905312	180.029304	166.840344	19.123991999999987	0.08714439521224793	170.137584	9.561995999999994	1.1458393574532186	
16A	4	a	182.007648	189.921024	185.964336	7.9133759999999995	0.047924766060709834	185.964336	3.9566879999999998	0.23176431685377752	
16A	4	a	190.580472	231.466248	219.596184	40.88577600000002	0.10842635711945281	211.02336	20.44288800000001	2.8035528009989727	
16A	4	a	232.125696	234.10404	232.785144	1.9783439999999928	0.01775878524421981	232.785144	0.9891719999999964	0.029743624987210726	
16A	4	a	234.763488	238.720176	235.422936	3.956688000000014	0.03087421658263856	236.741832	1.978344000000007	0.07265194524289431	
16A	4	a	245.314656	247.293	245.974104	1.9783439999999928	0.014889521619883217	245.974104	0.9891719999999964	0.02021074590495775	
16A	4	a	249.271344	255.206376	253.88748	5.935032000000007	0.02505772977254872	251.909136	2.9675160000000034	0.12706871746097204	
16A	4	a	255.865824	260.48196	259.163064	4.616136000000012	0.0394595665393358	257.844168	2.308068000000006	0.14322968285165538	
16A	4	a	261.141408	268.395336	263.119752	7.2539279999999735	0.03370932046781472	264.438648	3.6269639999999868	0.17870215624954655	
16A	4	a	269.054784	292.135464	278.287056	23.08068000000003	0.06895897096493764	280.2654	11.540340000000015	1.3134197277598276	
16A	4	a	292.794912	294.773256	294.113808	1.9783439999999928	0.03010610586115048	293.45436	0.9891719999999964	0.050424140124236794	
16A	4	a	296.7516	300.708288	298.070496	3.9566879999999855	0.026012500013788742	298.729944	1.9783439999999928	0.08160801659525196	
16A	4	a	303.34608	305.324424	304.005528	1.9783440000000496	0.01862440562276002	304.005528	0.9891720000000248	0.03020713767776062	
16A	4	a	307.302768	311.918904	310.600008	4.616135999999983	0.027108876794311954	309.281112	2.3080679999999916	0.1016598538009289	
16A	4	a	312.578352	314.556696	313.897248	1.9783439999999928	0.016539435954959547	313.2378	0.9891719999999964	0.02446045047270129	
16A	4	a	315.216144	320.491728	319.83228	5.275584000000038	0.024878097517634146	317.853936	2.637792000000019	0.10616853270774496	
16A	4	a	321.151176	336.977928	327.745656	15.826751999999999	0.08778158985327966	329.064552	7.9133759999999995	1.0315705950467415	
16A	4	a	338.956272	360.718056	343.572408	21.761783999999977	0.04772557760350682	349.50744	10.880891999999989	0.7860123928986995	
16A	4	a	361.377504	364.674744	361.377504	3.297239999999988	0.01944057820273115	362.6964	1.648619999999994	0.04882270135065858	
16A	4	a	365.334192	369.950328	367.971984	4.61613600000004	0.02392080210434333	367.312536	2.30806800000002	0.08832625670944505	
16A	4	a	371.928672	373.907016	372.58812	1.9783439999999928	0.028746773927354363	372.58812	0.9891719999999964	0.047774722056471264	
16A	4	a	374.566464	398.96604	390.393216	24.399576000000025	0.0988328671302372	386.436528	12.199788000000012	1.5750080572035086	
16A	4	a	399.625488	406.219968	402.26328	6.594479999999976	0.030956635705187585	402.922728	3.297239999999988	0.14477602831991543	
16A	4	a	408.198312	435.895128	420.068376	27.696816000000013	0.15416672401967513	422.04672	13.848408000000006	2.2618596070205137	
16A	4	a	443.149056	453.040776	447.765192	9.89172000000002	0.23072243742532383	447.765192	4.94586000000001	2.0913593177629997	
16A	4	a	455.01912	460.294704	457.656912	5.275584000000038	0.0823541401537573	457.656912	2.637792000000019	0.34748778426683247	
16A	4	a	460.954152	474.143112	469.526976	13.188959999999952	0.06769328665409602	467.548632	6.594479999999976	0.7607960707029371	
16A	4	a	474.80256	481.39704	476.780904	6.594479999999976	0.03335672741184825	478.0998	3.297239999999988	0.16912293481583074	
16A	2	b	483.375384	485.353728	484.034832	1.9783439999999928	-0.009459467496490293	484.034832	0.9891719999999964	-0.011731688607536706	
16A	4	a	487.332072	489.969864	488.650968	2.6377919999999904	0.023385555959049675	488.650968	1.3188959999999952	0.030659611749700222	
16A	4	a	490.629312	515.028888	508.434408	24.399576000000025	0.6203523739499155	502.499376	12.199788000000012	10.66530203353469	
16A	4	a	515.688336	539.428464	523.601712	23.740127999999913	0.06980340290387277	527.5584	11.870063999999957	1.055591919066027	
16A	4	a	542.066256	544.0446	543.385152	1.9783439999999928	0.017855723425927783	542.725704	0.9891719999999964	0.020396311220668095	
16A	4	a	544.704048	573.060312	558.552456	28.35626400000001	0.4281866845439186	558.552456	14.178132000000005	7.69304908779329	
16A	4	a	573.71976	600.09768	582.952032	26.377920000000017	0.10669557859420098	586.90872	13.188960000000009	1.5752354749174753	
17A	4	a	0.0	3.956688	0.0	3.956688	0.032897561130942776	1.978344	1.978344	0.11783262633103264	
17A	4	a	4.616136	11.870064	6.59448	7.253927999999999	0.032580259620665686	7.913376	3.6269639999999996	0.21367450774031227	
17A	4	a	12.529512	20.442888	15.167304	7.9133759999999995	0.025055194647125356	16.4862	3.9566879999999998	0.15309100600738734	
17A	4	a	21.102336	47.480256	42.204672	26.377919999999996	0.18956749177932286	34.291296	13.188959999999998	4.349649885504267	
17A	4	a	48.139704	53.415288	50.118048	5.275583999999995	0.07001522595982346	50.777496	2.6377919999999975	0.2698253487176633	
17A	2	b	54.074736	57.371976	56.05308	3.297239999999995	-0.03943536549317295	55.393632	1.6486199999999975	-0.12865257979216216	
17A	4	a	58.031424	97.598304	92.982168	39.56688	0.3702838637757033	77.814864	19.78344	7.365983175075074	
17A	4	a	98.257752	110.787264	102.21444	12.529511999999997	0.14430777902203906	104.192784	6.264755999999998	1.4537184950767972	
17A	4	a	111.446712	115.4034	112.765608	3.9566879999999998	0.041211504847699754	113.425056	1.9783439999999999	0.1348157971916405	
17A	4	a	116.062848	118.041192	117.381744	1.9783439999999928	0.014169329282814669	116.722296	0.9891719999999964	0.026707404392666834	
17A	4	a	118.70064	122.657328	120.019536	3.9566879999999998	0.01419564111974525	120.678984	1.9783439999999999	0.03652857470813664	
17A	4	a	126.614016	130.570704	128.59236	3.9566879999999998	0.01387740110267699	128.59236	1.9783439999999999	0.030681475119242685	
17A	4	a	131.230152	133.208496	131.8896	1.9783439999999928	0.015732098265963224	131.8896	0.9891719999999964	0.01948479169901496	
17A	4	a	133.867944	149.035248	146.397456	15.167304000000001	0.13273048988813518	141.121872	7.583652000000001	1.7488003361081537	
17A	4	a	151.67304	170.137584	154.310832	18.464544000000018	0.21394642616328907	160.905312	9.232272000000009	3.3785208978591346	
17A	4	a	170.797032	175.413168	172.775376	4.616136000000012	0.026310700446071866	172.775376	2.308068000000006	0.08147552257613289	
17A	4	a	176.072616	178.710408	178.05096	2.6377919999999904	0.0037993367708464287	177.391512	1.3188959999999952	0.006592321629173892	
17A	4	a	179.369856	181.3482	180.029304	1.9783439999999928	0.01278855465432338	180.029304	0.9891719999999964	0.017710451530115967	
17A	2	b	182.007648	187.283232	182.007648	5.275584000000009	-0.023794276751663013	184.64544	2.6377920000000046	-0.055296523262457375	
17A	4	a	190.580472	199.812744	193.218264	9.232272000000023	0.037508123252272485	195.196608	4.616136000000012	0.3031507892259043	
17A	4	a	200.472192	230.8068	217.61784	30.334608000000003	0.0997865089470149	215.639496	15.167304000000001	2.2347542310498882	
17A	4	a	231.466248	238.720176	237.40128	7.253928000000002	0.04336055155212559	234.763488	3.626964000000001	0.2707294898838043	
17A	4	a	239.379624	251.909136	245.314656	12.529511999999983	0.03913534868481405	245.314656	6.264755999999991	0.38348065061719294	
17A	4	a	252.568584	257.844168	252.568584	5.275584000000038	0.039162772558357206	255.206376	2.637792000000019	0.1650078163176566	
17A	4	a	258.503616	264.438648	263.7792	5.935031999999978	0.03964142665415449	261.141408	2.967515999999989	0.13785970673906778	
17A	4	a	265.098096	267.735888	265.098096	2.6377919999999904	0.03770188190791468	266.416992	1.3188959999999952	0.0672063800319962	
17A	4	a	271.692576	276.96816	273.011472	5.275584000000038	0.0449149739324568	274.330368	2.637792000000019	0.20157196487833606	
17A	4	a	277.627608	303.34608	278.946504	25.718471999999963	0.04093939129453128	290.15712	12.859235999999981	0.8675678983254208	
17A	4	a	304.005528	320.491728	308.621664	16.486199999999997	0.04502601502766468	311.918904	8.243099999999998	0.6346553430676276	
17A	4	a	321.151176	323.788968	321.151176	2.6377919999999904	0.02907964403270502	322.470072	1.3188959999999952	0.06840417481294059	
17A	4	a	324.448416	336.977928	333.02124	12.529512000000011	0.07147169949767496	330.383448	6.2647560000000055	0.6914933351756584	
17A	4	a	337.637376	354.783024	344.231856	17.145647999999994	0.05434842710541665	346.2102	8.572823999999997	0.8765689998378404	
17A	4	a	355.442472	358.739712	356.761368	3.297239999999988	0.03700066379862399	356.761368	1.648619999999994	0.08813451678330508	
17A	4	a	361.377504	369.950328	367.312536	8.572824000000026	0.040146704840377856	365.334192	4.286412000000013	0.22288450611081645	
17A	4	a	370.609776	375.88536	371.928672	5.275583999999981	0.048503992575416044	373.247568	2.6377919999999904	0.14661341741458567	
17A	4	a	376.544808	396.328248	393.031008	19.783439999999985	0.050436734748741996	386.436528	9.891719999999992	0.7614115162351603	
17A	4	a	396.987696	400.284936	399.625488	3.297239999999988	0.029823584311323703	398.306592	1.648619999999994	0.059222122956471446	
17A	4	a	402.922728	423.365616	419.408928	20.442887999999982	0.3449169388202722	412.814448	10.221443999999991	5.651610481983744	
17A	4	a	424.025064	448.42464	427.981752	24.399576000000025	0.21665938631844583	435.895128	12.199788000000012	4.019717442751732	
17A	4	a	450.402984	456.997464	453.040776	6.594479999999976	0.19122000849057086	453.700224	3.297239999999988	0.944120642296843	
17A	4	a	457.656912	462.932496	460.294704	5.275584000000038	0.1803274485237345	460.294704	2.637792000000019	0.7339109044998597	
17A	2	b	463.591944	465.570288	464.91084	1.9783439999999928	-0.007434865085097719	464.251392	0.9891719999999964	-0.008999712696842965	
17A	4	a	466.229736	481.39704	469.526976	15.167304000000001	0.1218926812034018	473.483664	7.583652000000001	1.4028419535800203	
17A	4	a	482.056488	484.034832	482.715936	1.9783439999999928	0.020245563147032852	482.715936	0.9891719999999964	0.02720727273286072	
17A	4	a	484.69428	486.672624	486.013176	1.9783439999999928	0.02034348266433539	485.353728	0.9891719999999964	0.020766634976924547	
17A	4	a	487.332072	490.629312	488.650968	3.297240000000045	0.02438679585397363	488.650968	1.6486200000000224	0.06393437594560147	
17A	4	a	491.28876	495.245448	494.586	3.9566879999999855	0.022886950426869168	493.267104	1.9783439999999928	0.09429414458035956	
17A	4	a	495.904896	522.942264	512.391096	27.037368000000015	0.7681646965797624	509.093856	13.518684000000007	11.427222459924188	
17A	4	a	523.601712	530.196192	526.898952	6.594479999999976	0.15071396123669234	526.898952	3.297239999999988	0.8659293902266236	
17A	4	a	532.174536	571.081968	568.444176	38.90743199999997	0.5162345217920035	551.298528	19.453715999999986	8.694709472886377	
17A	4	a	571.741416	580.973688	576.357552	9.23227200000008	0.22966598665887794	576.357552	4.61613600000004	2.0143069590630622	
17A	2	b	581.633136	586.249272	581.633136	4.616135999999983	-0.08010911101130613	583.61148	2.3080679999999916	-0.3711403705722677	
17A	4	a	586.90872	600.09768	590.20596	13.188959999999952	0.07940542089652824	593.5032	6.594479999999976	0.8902811685943853	
18A	4	a	1.318896	11.210616	5.935032	9.89172	0.0491981304393303	5.935032	4.94586	0.2597496216221903	
18A	4	a	11.870064	13.848408	11.870064	1.9783439999999999	0.02499237471260174	12.529512	0.9891719999999999	0.02683451503753087	
18A	4	a	14.507856	23.740128	21.761784	9.232271999999998	0.07086879621753095	19.123992	4.616135999999999	0.6269653472692758	
18A	4	a	24.399576	29.67516	28.356264	5.275584000000002	0.019321361869214515	27.037368	2.637792000000001	0.05247794544155315	
18A	2	b	30.334608	38.247984	32.312952	7.913376000000003	-0.06320823196384784	34.291296	3.9566880000000015	-0.49120656781172223	
18A	4	a	38.907432	47.480256	41.545224	8.572823999999997	0.09846338085991824	42.86412	4.286411999999999	0.7502572775658699	
18A	4	a	48.139704	52.096392	50.118048	3.9566879999999998	0.0458223188710567	50.118048	1.9783439999999999	0.13844432926862205	
18A	4	a	52.75584	58.690872	55.393632	5.935032	0.11585941274260803	55.393632	2.967516	0.42537180711034794	
18A	4	a	59.35032	64.625904	61.328664	5.275584000000002	0.06817248674774512	61.988112	2.637792000000001	0.26101498716207594	
18A	4	a	67.263696	79.793208	75.83652	12.529512000000011	0.056627076616340144	73.198728	6.2647560000000055	0.5284257178202667	
18A	4	a	80.452656	93.641616	91.663272	13.188959999999994	0.2861609855788738	87.047136	6.594479999999997	1.9652544429693202	
18A	4	a	96.279408	102.873888	98.9172	6.59447999999999	0.3377426474767624	99.576648	3.297239999999995	1.6171434097765955	
18A	4	a	103.533336	112.765608	109.468368	9.232271999999995	0.06692486630816963	108.149472	4.616135999999997	0.456691096764159	
18A	4	a	113.425056	133.208496	123.316776	19.78344	0.07442470622132413	123.316776	9.89172	1.1945021424167885	
18A	2	b	133.867944	138.48408	137.165184	4.616136000000012	-0.007351693074236332	135.846288	2.308068000000006	-0.029310961461836316	
18A	4	a	139.143528	156.289176	150.354144	17.145647999999994	0.22905684084266142	147.716352	8.572823999999997	2.6322160338886222	
18A	4	a	156.948624	166.840344	160.905312	9.891719999999992	0.05333977051120109	161.56476	4.945859999999996	0.5231409922933272	
18A	4	a	167.499792	178.05096	174.094272	10.55116799999999	0.039474037819813734	172.775376	5.275583999999995	0.2966304021549735	
18A	4	a	178.710408	194.53716	189.261576	15.826751999999999	0.08258023544191961	186.623784	7.9133759999999995	0.991072837158915	
18A	4	a	195.196608	219.596184	207.066672	24.399575999999996	0.15363162530195118	207.066672	12.199787999999998	3.1419823686351718	
18A	4	a	220.255632	248.611896	229.487904	28.35626400000001	0.09605654477632353	234.10404	14.178132000000005	2.3631948489831522	
18A	4	a	249.271344	253.228032	252.568584	3.956688000000014	0.022512556257025862	251.249688	1.978344000000007	0.03567373291795006	
18A	4	a	253.88748	270.37368	262.460304	16.486199999999968	0.06917680891196842	261.800856	8.243099999999984	0.7815855974251238	
18A	4	a	271.033128	296.7516	290.816568	25.71847200000002	0.04434102256005246	283.56264	12.85923600000001	0.9349524486138642	
18A	4	a	297.411048	309.281112	304.664976	11.870064000000013	0.05459694623166045	303.34608	5.935032000000007	0.5756253314498546	
18A	4	a	309.94056	325.767312	317.194488	15.826751999999999	0.037994149044899395	317.853936	7.9133759999999995	0.5171445644638362	
18A	4	a	326.42676	342.91296	333.02124	16.486199999999997	0.06040305689823389	334.340136	8.243099999999998	0.9741308113533533	
18A	4	a	343.572408	362.6964	358.080264	19.123991999999987	0.029986181634275022	352.80468	9.561995999999994	0.4406963745211443	
18A	4	a	363.355848	373.247568	369.29088	9.89172000000002	0.026059943679239472	367.971984	4.94586000000001	0.21609499254858977	
18A	4	a	373.907016	380.501496	377.204256	6.594479999999976	0.02654107263391703	377.204256	3.297239999999988	0.11820771485224157	
18A	4	a	381.160944	385.117632	381.160944	3.9566880000000424	0.014699338609284185	383.139288	1.9783440000000212	0.04107623040728503	
18A	4	a	385.77708	387.755424	387.095976	1.9783439999999928	0.020530762538929936	386.436528	0.9891719999999964	0.031722365648491846	
18A	4	a	391.712112	409.517208	406.219968	17.805095999999992	0.17040308355194167	400.284936	8.902547999999996	2.4166257800152118	
18A	4	a	410.176656	421.387272	418.74948	11.210616000000016	0.1423769458775206	415.45224	5.605308000000008	0.9397530479564207	
18A	4	a	422.04672	428.6412	424.684512	6.594480000000033	0.16179638330105695	425.34396	3.2972400000000164	0.8943252087487568	
18A	4	a	429.300648	434.576232	431.93844	5.275583999999981	0.08162488445034488	431.93844	2.6377919999999904	0.3986003272571004	
18A	4	a	436.554576	441.83016	439.192368	5.275583999999981	0.04281341882841394	439.192368	2.6377919999999904	0.21335884279071993	
18A	4	a	442.489608	468.20808	457.656912	25.71847200000002	0.1638610125803166	455.01912	12.85923600000001	3.4103276359852694	
18A	4	a	470.186424	475.462008	471.50532	5.275584000000038	0.06067230918271749	472.824216	2.637792000000019	0.17464028875614335	
18A	4	a	476.121456	490.629312	486.672624	14.507856000000004	0.06300499490480571	483.375384	7.253928000000002	0.6833637037809606	
18A	4	a	491.28876	509.753304	505.796616	18.46454399999999	0.15436108216924382	500.521032	9.232271999999995	1.6585957763805592	
18A	4	a	513.050544	526.239504	520.304472	13.188960000000066	0.2748749718338013	519.645024	6.594480000000033	3.102425275197638	
18A	4	a	526.898952	534.15288	530.85564	7.2539279999999735	0.13993385174254214	530.196192	3.6269639999999868	0.7194337182750549	
18A	4	a	534.812328	537.45012	536.131224	2.6377919999999904	0.024728062931150152	536.131224	1.3188959999999952	0.035052815487441547	
18A	4	a	540.74736	544.0446	543.385152	3.297239999999988	0.012286743520337984	542.066256	1.648619999999994	0.031597800423939115	
18A	2	b	544.704048	547.34184	546.682392	2.637792000000104	-0.025503075768878336	546.022944	1.318896000000052	-0.03136080619828863	
18A	2	b	551.298528	553.93632	552.617424	2.6377919999999904	-0.013093268364954724	552.617424	1.3188959999999952	-0.02788521299661062	
18A	4	a	554.595768	559.211904	555.914664	4.616135999999983	0.020622883788488533	556.574112	2.3080679999999916	0.07143171678671323	
18A	4	a	559.871352	588.887064	572.400864	29.015712000000008	0.27270147725687366	574.379208	14.507856000000004	5.502752202879333	
18A	4	a	591.524856	600.09768	592.843752	8.572823999999969	0.06281787699753827	595.481544	4.286411999999984	0.3545108851112171	
19A	4	a	1.318896	6.59448	3.29724	5.275584	0.042612957742379054	3.956688	2.637792	0.18904973621275767	
19A	4	a	7.253928	13.848408	9.89172	6.594479999999999	0.07280620782404745	10.551168	3.2972399999999995	0.38738525454300443	
19A	4	a	14.507856	21.102336	17.805096	6.594480000000001	0.050043346147379486	17.805096	3.2972400000000004	0.21874168293364604	
19A	4	a	21.761784	74.517624	45.501912	52.75584	0.5140528634737904	48.139704	26.37792	15.506018734857433	
19A	4	a	75.177072	83.090448	78.474312	7.9133759999999995	0.17089676324673864	79.13376	3.9566879999999998	1.0135069882307761	
19A	4	a	83.749896	88.366032	86.387688	4.616135999999997	0.1237944778097877	85.72824	2.3080679999999987	0.5330197030808844	
19A	4	a	90.344376	107.490024	97.598304	17.14564800000001	0.44314203432015353	98.9172	8.572824000000004	4.4397650810315605	
19A	4	a	108.149472	114.743952	113.425056	6.59447999999999	0.03907383436999967	111.446712	3.297239999999995	0.2309780678520953	
19A	2	b	115.4034	120.019536	118.041192	4.616135999999997	-0.03424732819515852	117.381744	2.3080679999999987	-0.09115022982167698	
19A	4	a	123.976224	130.570704	128.59236	6.594480000000004	0.04048427017326839	127.273464	3.297240000000002	0.2146371139559471	
19A	4	a	131.230152	141.121872	133.867944	9.891719999999992	0.06978837435027119	135.846288	4.945859999999996	0.4557997464022706	
19A	4	a	143.100216	151.013592	147.716352	7.9133759999999995	0.054146241776514614	147.056904	3.9566879999999998	0.28338170890900105	
19A	4	a	151.67304	170.797032	155.629728	19.123992000000015	0.08376207000933222	160.905312	9.561996000000008	1.3351120750463377	
19A	4	a	171.45648	178.710408	176.072616	7.253928000000002	0.09054611051994677	174.75372	3.626964000000001	0.4516184406932169	
19A	4	a	179.369856	183.985992	182.007648	4.616136000000012	0.04761584886768366	181.3482	2.308068000000006	0.19057039151666566	
19A	4	a	184.64544	196.515504	192.558816	11.870063999999985	0.1193150391340343	190.580472	5.9350319999999925	0.8738698102344358	
19A	4	a	197.174952	209.045016	204.42888	11.870064000000013	0.08342074009512634	203.109984	5.935032000000007	0.7752070024963115	
19A	4	a	209.704464	211.682808	210.363912	1.9783439999999928	0.014903893296955628	210.363912	0.9891719999999964	0.02550958428864647	
19A	4	a	212.342256	214.980048	213.661152	2.637792000000019	0.03342295452134003	213.661152	1.3188960000000094	0.05789898825005524	
19A	4	a	215.639496	230.147352	218.936736	14.507856000000004	0.08932742672760496	222.893424	7.253928000000002	0.8745702835085473	
19A	4	a	232.125696	238.720176	233.444592	6.594480000000004	0.11986259167178126	235.422936	3.297240000000002	0.7082691658335136	
19A	4	a	239.379624	249.271344	246.633552	9.891719999999992	0.05540894475910929	243.99576	4.945859999999996	0.38748515875548417	
19A	4	a	249.930792	257.844168	251.249688	7.913376000000028	0.06514652458470671	253.88748	3.956688000000014	0.30807673168743055	
19A	4	a	258.503616	273.67092	265.757544	15.167304000000001	0.07928727516359357	265.757544	7.583652000000001	0.9033074496081156	
19A	4	a	274.330368	284.222088	276.96816	9.891719999999964	0.05631351084282743	278.946504	4.945859999999982	0.3581670383041503	
19A	2	b	284.881536	287.519328	286.85988	2.6377919999999904	-0.029401103332744594	286.200432	1.3188959999999952	-0.06381122159344077	
19A	4	a	288.178776	290.816568	288.838224	2.6377919999999904	0.025846466983364236	289.497672	1.3188959999999952	0.04484820710689341	
19A	4	a	291.476016	294.113808	292.794912	2.6377919999999904	0.029128427174613725	292.794912	1.3188959999999952	0.05490217154532351	
19A	4	a	294.773256	296.7516	296.092152	1.9783439999999928	0.031090868281766104	295.432704	0.9891719999999964	0.029859366656881048	
19A	4	a	297.411048	302.686632	300.04884	5.275583999999981	0.04439315778648778	300.04884	2.6377919999999904	0.20771959869930912	
19A	4	a	303.34608	310.600008	306.64332	7.25392800000003	0.08519244156867134	306.64332	3.626964000000015	0.35300811936082765	
19A	4	a	311.259456	329.064552	319.83228	17.805095999999992	0.04635156834050602	319.83228	8.902547999999996	0.5080431844633267	
19A	4	a	331.042896	344.891304	342.253512	13.848408000000006	0.05563398907626649	337.637376	6.924204000000003	0.47633100409450246	
19A	4	a	345.550752	351.485784	347.529096	5.935032000000035	0.05507063991599681	348.188544	2.9675160000000176	0.28913039204937385	
19A	4	a	352.145232	360.718056	357.420816	8.572823999999969	0.0531891286060302	356.10192	4.286411999999984	0.30106435064912274	
19A	4	a	361.377504	375.225912	371.928672	13.848408000000006	0.09016825917260318	367.971984	6.924204000000003	0.7757178710466847	
19A	4	a	375.88536	383.139288	381.160944	7.25392800000003	0.0288118127955328	379.1826	3.626964000000015	0.1836993801640303	
19A	4	a	383.798736	393.690456	385.77708	9.891719999999964	0.05349159901981859	388.414872	4.945859999999982	0.4735630276559385	
19A	4	a	394.349904	399.625488	396.987696	5.275584000000038	0.029979553541340298	396.987696	2.637792000000019	0.10051979259575383	
19A	2	b	401.603832	406.879416	405.56052	5.275583999999981	-0.04624879037948504	404.241624	2.6377919999999904	-0.19603927702405277	
19A	4	a	407.538864	426.003408	410.176656	18.46454399999999	0.15026882638715122	416.771136	9.232271999999995	2.7028540451507634	
19A	4	a	426.662856	440.511264	429.300648	13.848408000000006	0.09628148427715666	433.257336	6.924204000000003	1.0514810494852855	
19A	4	a	441.170712	446.446296	443.149056	5.275584000000038	0.08564440815064933	443.808504	2.637792000000019	0.42179138157650453	
19A	4	a	448.42464	458.31636	453.040776	9.891719999999964	0.12070273508626328	453.040776	4.945859999999982	1.0875926496309065	
19A	4	a	458.975808	479.418696	462.932496	20.44288800000004	0.3001545537733943	468.867528	10.22144400000002	4.315363654777754	
19A	4	a	482.056488	494.586	490.629312	12.529512000000011	0.12104368566653245	487.99152	6.2647560000000055	1.0755286250880145	
19A	4	a	495.245448	500.521032	498.542688	5.275583999999981	0.11509606761900226	497.88324	2.6377919999999904	0.5506080481822635	
19A	4	a	502.499376	509.093856	506.456064	6.594480000000033	0.08031249814425268	505.796616	3.2972400000000164	0.49154773448720834	
19A	4	a	509.753304	530.196192	519.645024	20.442887999999982	0.6793977137695537	519.645024	10.221443999999991	10.712412387291756	
19A	4	a	530.85564	536.790672	534.812328	5.935031999999978	0.06407335888469046	533.493432	2.967515999999989	0.355872337325402	
19A	2	b	537.45012	540.087912	538.769016	2.6377919999999904	-0.035946777863138824	538.769016	1.3188959999999952	-0.0746582729233577	
19A	4	a	540.74736	543.385152	540.74736	2.6377919999999904	0.01570212333242571	542.066256	1.3188959999999952	0.030753905666646042	
19A	2	b	544.0446	547.34184	544.0446	3.2972400000001016	-0.04715873976621565	545.363496	1.6486200000000508	-0.10712550348788896	
19A	2	b	548.001288	551.298528	549.320184	3.297239999999988	-0.031288923097199994	549.320184	1.648619999999994	-0.0831745693758783	
19A	4	a	551.957976	557.23356	553.93632	5.275583999999981	0.1078582025104784	554.595768	2.6377919999999904	0.5571264496752066	
19A	4	a	557.893008	564.487488	563.168592	6.594479999999976	0.11455784675017289	561.190248	3.297239999999988	0.7829725780475031	
19A	4	a	565.146936	579.654792	570.42252	14.50785600000006	0.5200602677579154	572.400864	7.25392800000003	3.769625324407773	
19A	4	a	580.31424	586.90872	582.952032	6.594479999999976	0.19141046949310847	583.61148	3.297239999999988	1.0554793247858214	
19A	4	a	588.887064	592.184304	590.20596	3.297239999999988	0.07788468630187895	590.20596	1.648619999999994	0.21140261207229805	
19A	2	b	594.162648	596.140992	594.162648	1.9783439999999928	-0.046935498192628655	594.822096	0.9891719999999964	-0.07436070127606331	
19A	2	b	598.778784	600.09768	600.09768	1.3188959999999952	-0.062414761327789	599.438232	0.6594479999999976	-0.03816957983093716	
