										Kaede_Unfed#10_Anterograde_evts_formatted.txt
ROI	Quadrant	Direction	Start time (s)	End time (s)	Peak time (s)	Duration (s)	Amplitude	Midpoint (s)	Half Duration(s)	AUC
8A	4	a	0.0	1.978344	1.318896	1.978344	0.08895740281290854	0.659448	0.989172	0.1543862663562403	
8A	4	a	2.637792	18.464544	11.870064	15.826751999999999	0.3336326421478195	10.551168	7.9133759999999995	3.618181029540369	
8A	4	a	19.123992	65.9448	58.690872	46.820808	0.3841749774898817	42.204672	23.410404	17.856144892289446	
8A	4	a	66.604248	84.409344	73.858176	17.805096000000006	0.21444246318016802	75.177072	8.902548000000003	3.013238532910098	
8A	4	a	91.003824	124.635672	114.743952	33.631848000000005	0.30361897592152864	107.490024	16.815924000000003	6.214050658583428	
8A	2	b	131.8896	137.165184	134.527392	5.275584000000009	-0.13143608475236768	134.527392	2.6377920000000046	-0.6577540460123008	
8A	4	a	137.824632	160.245864	142.440768	22.421232000000003	1.9412581913619293	149.035248	11.210616000000002	33.37457861901433	
8A	2	b	162.224208	166.180896	162.224208	3.9566879999999855	-0.05058711023673723	164.202552	1.9783439999999928	-0.13132088208503845	
8A	4	a	166.840344	208.385568	186.623784	41.54522400000002	1.697333186361191	187.283232	20.77261200000001	43.07127206711076	
8A	2	b	209.045016	213.661152	211.682808	4.616135999999983	-0.21790043329555742	211.02336	2.3080679999999916	-0.9334976066182197	
8A	4	a	214.3206	230.8068	218.277288	16.486199999999997	0.4135208505283323	222.233976	8.243099999999998	5.584311061603839	
8A	4	a	232.785144	245.974104	238.720176	13.188960000000009	0.5005382940784333	239.379624	6.594480000000004	5.636118054427888	
8A	4	a	246.633552	253.228032	249.930792	6.594480000000004	0.29534122367672655	249.930792	3.297240000000002	1.791625933107444	
8A	4	a	253.88748	296.092152	287.519328	42.20467199999999	0.748105121533162	274.989816	21.102335999999994	25.191503759378904	
8A	4	a	296.7516	298.729944	296.7516	1.9783439999999928	0.036356804347907	297.411048	0.9891719999999964	0.045280331092175	
8A	2	b	299.389392	304.005528	300.708288	4.61613600000004	-0.08907324663368676	301.367736	2.30806800000002	-0.3575380527738914	
8A	4	a	304.664976	349.50744	338.296824	44.84246399999995	0.5016522937951966	327.086208	22.421231999999975	22.32805715336121	
8A	4	a	350.166888	352.80468	350.826336	2.637792000000047	0.05555376494622699	351.485784	1.3188960000000236	0.0847271658985802	
8A	4	a	354.783024	377.863704	358.739712	23.080679999999973	0.3077600749543712	365.99364	11.540339999999986	5.146366132027588	
8A	4	a	378.523152	398.306592	390.393216	19.78344000000004	0.5891978013187837	388.414872	9.89172000000002	6.324338524124165	
8A	4	a	398.96604	443.149056	434.576232	44.18301599999995	0.38761591671567563	420.727824	22.091507999999976	12.057257890456926	
8A	4	a	443.808504	471.50532	450.402984	27.696815999999956	0.363151636495445	457.656912	13.848407999999978	8.697028875750195	
8A	4	a	472.164768	485.353728	482.056488	13.188960000000009	0.25189131451195124	478.759248	6.594480000000004	2.2632496197479846	
8A	4	a	486.013176	490.629312	488.650968	4.61613600000004	0.12206510555443684	487.99152	2.30806800000002	0.5589180315280347	
8A	4	a	491.28876	532.174536	524.26116	40.885775999999964	0.36032524043270175	511.731648	20.442887999999982	6.969367326284935	
8A	4	a	532.833984	543.385152	535.471776	10.551167999999961	0.5002394946164284	538.109568	5.275583999999981	4.377732312667273	
8A	4	a	544.0446	551.957976	547.34184	7.913376000000085	0.1574190294649087	548.001288	3.9566880000000424	0.7869842851125479	
8A	4	a	552.617424	563.82804	557.893008	11.210615999999959	0.22119688106575008	557.893008	5.6053079999999795	2.0855437176459803	
8A	4	a	565.806384	590.20596	575.038656	24.399576000000025	0.5707252195475454	577.676448	12.199788000000012	14.047409710757996	
8A	4	a	590.865408	600.09768	600.09768	9.232271999999966	0.5560634801494677	595.481544	4.616135999999983	3.7380721830832835	
9A	4	a	0.0	1.978344	1.318896	1.978344	0.08665836036401142	0.659448	0.989172	0.13745149001114632	
9A	4	a	2.637792	7.253928	4.616136	4.616136	0.08492090564814347	4.616136	2.308068	0.28188581909218424	
9A	4	a	7.913376	11.210616	9.232272	3.2972399999999995	0.040521728942510826	9.232272	1.6486199999999998	0.08324416094287113	
9A	4	a	11.870064	26.37792	17.145648	14.507856	0.10779005157853039	19.123992	7.253928	1.238002645569102	
9A	4	a	27.037368	48.139704	36.929088	21.102336	0.13580736250369352	37.588536	10.551168	2.079460100781667	
9A	4	a	48.799152	54.734184	54.074736	5.935032	0.07098433883608912	51.436944	2.967516	0.3323458097434897	
9A	4	a	55.393632	58.031424	56.05308	2.6377920000000046	0.07217776572488077	56.712528	1.3188960000000023	0.10388235183073524	
9A	4	a	58.690872	76.495968	67.263696	17.805096000000006	0.16222868612438734	67.263696	8.902548000000003	2.381871083998621	
9A	4	a	77.155416	81.771552	79.793208	4.616135999999997	0.05966093150347973	79.13376	2.3080679999999987	0.1947555435648325	
9A	2	b	82.431	86.387688	84.409344	3.9566879999999998	-0.06228273992607303	84.409344	1.9783439999999999	-0.13300434574473208	
9A	4	a	92.32272	98.9172	94.301064	6.59447999999999	0.09813405006729425	95.61996	3.297239999999995	0.5639953721312381	
9A	4	a	99.576648	102.21444	99.576648	2.6377919999999904	0.07755211097658332	100.895544	1.3188959999999952	0.15340559631952289	
9A	4	a	102.873888	104.852232	103.533336	1.978344000000007	0.07711524407896508	103.533336	0.9891720000000035	0.10411885822366385	
9A	4	a	105.51168	125.29512	115.4034	19.78344	0.34857568248128423	115.4034	9.89172	5.089972527018195	
9A	2	b	128.59236	140.462424	135.18684	11.870063999999985	-0.18846660722254516	134.527392	5.9350319999999925	-1.708347763459034	
9A	4	a	141.121872	162.224208	152.991936	21.102336000000008	2.221792942231258	151.67304	10.551168000000004	52.4402607480437	
9A	4	a	166.180896	182.667096	173.434824	16.486199999999997	0.3590696265917108	174.094272	8.243099999999998	4.898599617524518	
9A	4	a	183.326544	197.8344	187.94268	14.507855999999975	1.9877694390056817	190.580472	7.253927999999988	25.450364368468534	
9A	4	a	198.493848	205.747776	200.472192	7.2539279999999735	0.7377894196174228	201.791088	3.6269639999999868	5.255541324646536	
9A	4	a	206.407224	209.704464	207.72612	3.297239999999988	0.16572844569734801	207.72612	1.648619999999994	0.4802862189432875	
9A	4	a	210.363912	222.893424	218.277288	12.529512000000011	0.37897033436180205	216.298944	6.2647560000000055	3.8508564012858697	
9A	2	b	223.552872	226.850112	223.552872	3.297239999999988	-0.06672096397828486	224.871768	1.648619999999994	-0.06645894492266002	
9A	2	b	228.828456	243.336312	234.763488	14.507856000000004	-0.3775975905814706	236.082384	7.253928000000002	-5.044957655837612	
9A	4	a	243.99576	259.163064	251.249688	15.16730400000003	0.7597462476921253	251.249688	7.583652000000015	7.4977600409565905	
9A	4	a	259.822512	307.962216	266.416992	48.139703999999995	0.4341552378828837	283.56264	24.069851999999997	18.80497948594958	
9A	4	a	311.918904	318.513384	313.2378	6.594479999999976	0.10583714166363123	315.216144	3.297239999999988	0.4106697007212845	
9A	4	a	319.172832	324.448416	321.151176	5.275583999999981	0.06457745596857123	321.810624	2.6377919999999904	0.2734417412546666	
9A	4	a	325.107864	333.680688	327.745656	8.572823999999969	0.11699062925545878	329.064552	4.286411999999984	0.798968308019167	
9A	4	a	334.340136	355.442472	344.231856	21.102336000000037	0.24638020075039258	344.891304	10.551168000000018	3.846866953970831	
9A	4	a	356.10192	361.377504	359.39916	5.275583999999981	0.09940680593081286	358.739712	2.6377919999999904	0.3790878535778073	
9A	4	a	362.036952	375.88536	367.312536	13.848408000000006	0.1145142515434534	368.631432	6.924204000000003	1.2616469250401536	
9A	4	a	376.544808	380.501496	377.204256	3.9566879999999855	0.06991362976440829	378.523152	1.9783439999999928	0.2065687770862099	
9A	4	a	381.160944	400.944384	396.328248	19.78344000000004	0.1864732957165005	391.052664	9.89172000000002	3.1328690585005856	
9A	4	a	414.792792	424.684512	420.727824	9.891719999999964	0.07187333529542439	419.408928	4.945859999999982	0.47682000636483446	
9A	4	a	425.34396	429.960096	427.322304	4.61613600000004	0.10137561237971138	427.322304	2.30806800000002	0.2712288562801666	
9A	4	a	430.619544	449.084088	442.489608	18.46454399999999	0.21857007400605521	439.851816	9.232271999999995	2.5960255775923944	
9A	4	a	449.743536	458.31636	453.700224	8.572823999999969	0.16680195167528922	453.700224	4.286411999999984	1.2408250467211648	
9A	4	a	458.975808	462.273048	460.294704	3.297240000000045	0.05038238755743141	460.294704	1.6486200000000224	0.1633248346978231	
9A	4	a	462.932496	466.229736	465.570288	3.297239999999988	0.059795740051909796	464.251392	1.648619999999994	0.16950473538356503	
9A	4	a	466.889184	468.867528	466.889184	1.9783439999999928	0.03840169733957044	467.548632	0.9891719999999964	0.045949790979209926	
9A	2	b	469.526976	475.462008	473.483664	5.935032000000035	-0.08578019823153848	472.164768	2.9675160000000176	-0.2491881308448063	
9A	2	b	477.440352	482.056488	480.078144	4.616135999999983	-0.07099542554196248	479.418696	2.3080679999999916	-0.18977322742331326	
9A	4	a	482.715936	493.267104	488.650968	10.551168000000018	0.2582237137459895	487.99152	5.275584000000009	2.7213474136956353	
9A	4	a	495.245448	500.521032	496.564344	5.275583999999981	0.19183053568820885	497.88324	2.6377919999999904	0.7946262401561186	
9A	4	a	501.18048	520.96392	512.391096	19.78344000000004	0.39312794891798575	511.0722	9.89172000000002	6.538995819795129	
9A	4	a	522.942264	542.066256	536.131224	19.12399199999993	0.5930641925640314	532.174536	9.561995999999965	8.696654939633094	
9A	4	a	542.725704	559.871352	549.320184	17.14564800000005	0.34722670723100535	551.298528	8.572824000000026	5.0617868329188855	
9A	2	b	563.168592	572.400864	566.465832	9.232271999999966	-0.32169253159209443	567.784728	4.616135999999983	-2.2380187475863482	
9A	4	a	573.060312	590.865408	582.952032	17.80509600000005	1.329337430466036	581.633136	8.902548000000024	18.015927346266867	
9A	4	a	591.524856	600.09768	593.5032	8.572823999999969	0.33449082995594637	595.481544	4.286411999999984	1.850107600915285	
10A	4	a	0.0	12.529512	5.275584	12.529512	0.12111140575044654	5.935032	6.264756	1.1489788554692217	
10A	4	a	19.78344	23.08068	20.442888	3.297240000000002	0.058110420423099995	21.102336	1.648620000000001	0.1276823053825371	
10A	4	a	27.696816	32.312952	30.334608	4.6161360000000045	0.12504961390228608	29.67516	2.3080680000000022	0.4022556023485482	
10A	4	a	34.291296	48.139704	42.204672	13.848408	0.16113960479699063	40.885776	6.924204	1.5984254299133167	
10A	4	a	48.799152	51.436944	50.118048	2.6377919999999975	0.09319269293351518	50.118048	1.3188959999999987	0.17268961467158572	
10A	4	a	52.096392	55.393632	52.096392	3.297239999999995	0.06723789978525829	53.415288	1.6486199999999975	0.08083050595712349	
10A	4	a	57.371976	68.582592	63.307008	11.210616000000009	0.099087033199873	62.64756	5.605308000000004	0.8305476028206908	
10A	4	a	69.24204	75.83652	71.879832	6.59447999999999	0.08126441622913383	72.53928	3.297239999999995	0.5197132955681938	
10A	4	a	76.495968	79.793208	78.474312	3.297240000000002	0.06655758144056545	77.814864	1.648620000000001	0.1851690731147757	
10A	4	a	80.452656	92.32272	86.387688	11.870064	0.09788224356682385	86.387688	5.935032	0.8936540874211203	
10A	4	a	94.301064	97.598304	95.61996	3.297240000000002	0.058637213456223414	95.61996	1.648620000000001	0.1198117752314043	
10A	4	a	98.257752	104.852232	100.236096	6.594480000000004	0.0726757411984833	101.554992	3.297240000000002	0.39633725611310666	
10A	4	a	105.51168	110.127816	109.468368	4.616135999999997	0.10465468996506555	107.490024	2.3080679999999987	0.46178794627025477	
10A	4	a	110.787264	117.381744	113.425056	6.594480000000004	0.12906289062248177	114.084504	3.297240000000002	0.5720315509152196	
10A	2	b	125.29512	127.932912	125.29512	2.6377920000000046	-0.06882502756256681	126.614016	1.3188960000000023	-0.13759242692798646	
10A	4	a	128.59236	133.867944	129.911256	5.275583999999981	0.09322714706622293	131.230152	2.6377919999999904	0.402200506775682	
10A	2	b	137.165184	145.738008	139.143528	8.572823999999997	-0.1315404753660303	141.121872	4.286411999999999	-0.7392993900622606	
10A	4	a	146.397456	166.840344	160.245864	20.442887999999982	1.3536854874693898	156.289176	10.221443999999991	20.29267833723215	
10A	4	a	167.499792	176.732064	172.775376	9.232271999999995	0.2208940816022329	172.115928	4.616135999999997	1.6471752350791475	
10A	4	a	177.391512	183.326544	181.3482	5.935032000000007	0.15474057197246172	180.029304	2.9675160000000034	0.7790857248084317	
10A	4	a	183.985992	216.298944	207.066672	32.312951999999996	2.6607776598615507	199.812744	16.156475999999998	72.50331176189358	
10A	4	a	220.255632	232.785144	226.190664	12.529512000000011	0.5894616420927372	226.190664	6.2647560000000055	5.287585315761254	
10A	4	a	233.444592	240.039072	235.422936	6.594480000000004	0.22143672036072193	236.741832	3.297240000000002	1.300284855606142	
10A	4	a	242.017416	265.757544	259.822512	23.740128	0.7241933803564962	253.88748	11.870064	9.500088005941887	
10A	4	a	266.416992	274.989816	269.054784	8.572824000000026	0.2573851727849785	270.37368	4.286412000000013	1.9575662521450035	
10A	4	a	275.649264	286.85988	280.924848	11.210615999999959	0.20331514785158333	280.924848	5.6053079999999795	1.58210973321656	
10A	4	a	287.519328	308.621664	302.027184	21.102336000000037	0.2029706613393394	298.070496	10.551168000000018	4.0417676321069695	
10A	4	a	309.281112	312.578352	310.600008	3.297239999999988	0.07510320230676637	310.600008	1.648619999999994	0.15608305766860253	
10A	4	a	314.556696	317.194488	315.875592	2.6377919999999904	0.07205413674687744	315.875592	1.3188959999999952	0.11683803524786551	
10A	4	a	322.470072	326.42676	323.12952	3.9566879999999855	0.07537178760498531	324.448416	1.9783439999999928	0.1555323104377755	
10A	2	b	327.086208	329.064552	328.405104	1.9783439999999928	-0.03105298136870349	327.745656	0.9891719999999964	-0.05057312434522343	
10A	4	a	329.724	333.680688	333.02124	3.9566879999999855	0.07762680495818941	331.702344	1.9783439999999928	0.19162846716637771	
10A	4	a	334.340136	344.891304	342.253512	10.551168000000018	0.06159645979386141	339.61572	5.275584000000009	0.44238857203895376	
10A	4	a	345.550752	360.718056	351.485784	15.167304000000001	0.168766105878567	352.80468	7.583652000000001	2.2903561828987233	
10A	4	a	367.971984	389.733768	386.436528	21.761783999999977	0.13275896747131988	378.523152	10.880891999999989	2.0304266177869983	
10A	4	a	390.393216	397.647144	391.052664	7.25392800000003	0.09213385000368923	393.690456	3.626964000000015	0.4930392967104038	
10A	4	a	398.306592	413.473896	403.582176	15.167304000000001	0.11446636826163381	405.56052	7.583652000000001	1.4239438647180704	
10A	4	a	414.133344	442.489608	430.619544	28.356263999999953	0.15924813019686912	427.981752	14.178131999999977	4.076232915931154	
10A	4	a	443.149056	450.402984	446.446296	7.25392800000003	0.29655948940447363	446.446296	3.626964000000015	1.8866997017651452	
10A	4	a	451.062432	456.338016	455.678568	5.275583999999981	0.11582509637153748	453.700224	2.6377919999999904	0.34833073093210176	
10A	2	b	456.997464	460.954152	457.656912	3.9566880000000424	-0.10283716836564771	458.975808	1.9783440000000212	-0.33808057597366137	
10A	4	a	461.6136	484.69428	472.164768	23.080679999999973	0.29155083749528377	472.824216	11.540339999999986	5.373211715496263	
10A	4	a	485.353728	497.88324	492.607656	12.529512000000011	0.2923348064666582	491.28876	6.2647560000000055	3.3231581462315654	
10A	2	b	499.861584	501.839928	501.18048	1.9783439999999928	-0.016183232843983042	500.521032	0.9891719999999964	-0.022693497787977357	
10A	4	a	502.499376	537.45012	505.137168	34.950743999999986	0.4809085612270829	519.645024	17.475371999999993	15.574025609815918	
10A	4	a	538.109568	553.93632	543.385152	15.826752000000056	0.7538887705743118	546.022944	7.913376000000028	7.0797362832648645	
10A	4	a	559.871352	580.31424	575.038656	20.44288800000004	0.30341315011144143	569.763072	10.22144400000002	5.047483134636772	
10A	4	a	580.973688	596.80044	588.887064	15.826751999999942	1.0486434157952704	588.887064	7.913375999999971	10.278404459687208	
10A	4	a	597.459888	600.09768	599.438232	2.6377919999999904	0.1233701608641109	598.778784	1.3188959999999952	0.2112513259193496	
11A	2	b	0.0	2.637792	0.0	2.637792	-0.07316875443667836	1.318896	1.318896	-0.08828496485279169	
11A	4	a	3.29724	12.529512	6.59448	9.232272	0.09482241104007638	7.913376	4.616136	0.5961659492665907	
11A	4	a	13.18896	18.464544	13.848408	5.275584	0.0992030505987529	15.826752	2.637792	0.518864698503013	
11A	4	a	19.123992	24.399576	21.761784	5.2755839999999985	0.08032897940528994	21.761784	2.6377919999999992	0.3726980198715282	
11A	4	a	26.37792	29.015712	27.696816	2.637792000000001	0.06012022235598202	27.696816	1.3188960000000005	0.11839301980812467	
11A	4	a	31.653504	34.950744	34.291296	3.2972399999999986	0.06179338574493798	32.9724	1.6486199999999993	0.14643458512477148	
11A	4	a	36.929088	65.9448	52.096392	29.015712	0.1420357992845629	51.436944	14.507856	3.585197170417158	
11A	4	a	66.604248	68.582592	66.604248	1.978344000000007	0.10536926057200269	67.263696	0.9891720000000035	0.1641679779878653	
11A	4	a	69.24204	75.177072	71.879832	5.9350319999999925	0.1053413543286732	71.879832	2.9675159999999963	0.5774276438226185	
11A	4	a	75.83652	114.084504	85.068792	38.247984	0.35111716168436136	94.960512	19.123992	11.342956820163087	
11A	4	a	114.743952	118.70064	114.743952	3.956688000000014	0.09476875507693272	116.722296	1.978344000000007	0.2760691503217836	
11A	4	a	122.657328	143.100216	134.527392	20.442887999999982	0.19043187001634543	132.549048	10.221443999999991	3.0913123626919843	
11A	4	a	143.759664	147.716352	146.397456	3.956688000000014	0.10855304578617098	145.738008	1.978344000000007	0.40889178422911243	
11A	4	a	148.3758	150.354144	148.3758	1.9783439999999928	0.06135971101930782	149.035248	0.9891719999999964	0.07613676071007669	
11A	4	a	155.629728	172.115928	165.521448	16.486199999999997	1.0320202997053372	163.543104	8.243099999999998	11.404802298290765	
11A	4	a	172.775376	187.283232	180.029304	14.507856000000004	0.42049782825748405	180.029304	7.253928000000002	4.282325754715155	
11A	4	a	187.94268	218.936736	209.704464	30.994056	2.099687739965736	203.109984	15.497028	47.21125709642166	
11A	4	a	220.91508	241.357968	225.531216	20.44288800000001	1.2584506436926741	230.8068	10.221444000000005	20.14482395254325	
11A	4	a	242.017416	269.054784	258.503616	27.037367999999987	0.8125216874547752	255.206376	13.518683999999993	14.05112645756673	
11A	4	a	271.033128	288.178776	277.627608	17.14564800000005	0.24726351364539045	279.605952	8.572824000000026	2.956129439729073	
11A	4	a	288.838224	295.432704	291.476016	6.594479999999976	0.08355553985373732	292.135464	3.297239999999988	0.36852059262033565	
11A	4	a	296.092152	298.070496	296.092152	1.9783439999999928	0.07899998039385725	296.7516	0.9891719999999964	0.10479923320317353	
11A	4	a	298.729944	303.34608	299.389392	4.616135999999983	0.030246073051213962	300.708288	2.3080679999999916	0.09469914987569261	
11A	4	a	304.005528	306.64332	305.324424	2.6377919999999904	0.08728120298214037	305.324424	1.3188959999999952	0.17356885467588645	
11A	4	a	307.302768	311.259456	309.94056	3.9566879999999855	0.056147871486503576	309.281112	1.9783439999999928	0.19672843353874336	
11A	4	a	311.918904	315.875592	311.918904	3.9566879999999855	0.08763427932699219	313.897248	1.9783439999999928	0.2477835364400356	
11A	4	a	316.53504	322.470072	320.491728	5.935032000000035	0.13583646142727002	319.172832	2.9675160000000176	0.765000451422619	
11A	4	a	326.42676	328.405104	327.745656	1.9783439999999928	0.03228176720450815	327.086208	0.9891719999999964	0.05352219686283055	
11A	4	a	329.064552	342.91296	334.999584	13.848408000000006	0.2589305196835543	335.659032	6.924204000000003	2.3649192275764617	
11A	4	a	343.572408	349.50744	344.231856	5.935031999999978	0.07418308083794578	346.2102	2.967515999999989	0.35689089745774893	
11A	4	a	350.166888	352.145232	350.826336	1.9783440000000496	0.043508389245865864	350.826336	0.9891720000000248	0.05285298439401709	
11A	4	a	354.783024	360.718056	359.39916	5.935031999999978	0.09575484881043472	357.420816	2.967515999999989	0.3569760179380168	
11A	4	a	361.377504	375.225912	370.609776	13.848408000000006	0.12826681758635683	367.971984	6.924204000000003	1.2699884047347347	
11A	4	a	375.88536	377.863704	375.88536	1.9783439999999928	0.023951826921050134	376.544808	0.9891719999999964	0.03148344151450333	
11A	4	a	378.523152	385.117632	379.1826	6.594480000000033	0.11558100922303272	381.820392	3.2972400000000164	0.5341551877589281	
11A	4	a	385.77708	387.755424	385.77708	1.9783439999999928	0.0806252893309809	386.436528	0.9891719999999964	0.10869176276025572	
11A	4	a	388.414872	395.009352	394.349904	6.594479999999976	0.07626078911715783	391.712112	3.297239999999988	0.36947642681722215	
11A	4	a	395.6688	398.306592	396.328248	2.637792000000047	0.046123783430887855	396.987696	1.3188960000000236	0.10022464103967366	
11A	4	a	400.284936	407.538864	401.603832	7.2539279999999735	0.04017546911014769	403.582176	3.6269639999999868	0.2225377852825976	
11A	4	a	410.836104	422.04672	414.133344	11.210616000000016	0.10529349419225742	416.111688	5.605308000000008	0.803073508195641	
11A	4	a	422.706168	431.278992	427.322304	8.572824000000026	0.1453147310302043	426.662856	4.286412000000013	0.7971066238234434	
11A	4	a	431.93844	434.576232	432.597888	2.6377919999999904	0.05212250754182168	433.257336	1.3188959999999952	0.08887666043648812	
11A	4	a	435.23568	445.786848	445.1274	10.551168000000018	0.08070083430687891	440.511264	5.275584000000009	0.685213554844168	
11A	4	a	446.446296	479.418696	466.889184	32.97239999999999	0.27806360152687226	462.932496	16.486199999999997	6.931823279463018	
11A	4	a	480.078144	487.99152	480.078144	7.913375999999971	0.09764482103199423	484.034832	3.9566879999999855	0.44108025719169763	
11A	4	a	488.650968	493.926552	491.28876	5.275584000000038	0.08087033098083829	491.28876	2.637792000000019	0.2948318811224895	
11A	4	a	494.586	525.580056	512.391096	30.994056	0.49379644854645477	509.753304	15.497028	10.615838807363229	
11A	2	b	532.833984	543.385152	538.769016	10.551167999999961	-0.15279912926216177	538.109568	5.275583999999981	-0.86514064089218	
11A	4	a	544.0446	571.081968	555.255216	27.037368000000015	0.5581747495304521	557.23356	13.518684000000007	12.616915162814603	
11A	4	a	571.741416	581.633136	579.654792	9.891720000000078	0.10474727146936402	576.357552	4.945860000000039	0.5936491285905365	
11A	4	a	582.292584	598.778784	592.184304	16.48619999999994	0.890630593130048	590.20596	8.24309999999997	9.025186709963581	
12A	4	a	2.637792	12.529512	6.59448	9.89172	0.09648856732076627	7.253928	4.94586	0.7851053795001763	
12A	4	a	13.18896	19.123992	13.848408	5.935032000000001	0.08687837807501264	15.826752	2.9675160000000007	0.4118927700638757	
12A	4	a	21.102336	23.08068	21.761784	1.9783439999999999	0.07963830392784388	21.761784	0.9891719999999999	0.11887778659476211	
12A	4	a	23.740128	56.05308	46.16136	32.312952	0.2236205718967499	39.56688	16.156476	5.193754867238415	
12A	4	a	56.712528	62.64756	57.371976	5.935032	0.11891590899188031	59.35032	2.967516	0.5996391664909675	
12A	4	a	63.307008	65.9448	63.966456	2.6377919999999975	0.06859969595128046	64.625904	1.3188959999999987	0.13860479467452613	
12A	4	a	66.604248	69.901488	67.923144	3.297240000000002	0.10092664200841028	67.923144	1.648620000000001	0.1935459274567788	
12A	4	a	70.560936	75.83652	73.858176	5.275583999999995	0.0993323267091828	73.198728	2.6377919999999975	0.44137843466190363	
12A	4	a	76.495968	102.21444	85.72824	25.71847199999999	0.3522805782465195	89.02548	12.859235999999996	7.57755297077709	
12A	4	a	102.873888	108.149472	102.873888	5.275584000000009	0.08705400123303253	105.51168	2.6377920000000046	0.3887706307795189	
12A	2	b	110.127816	115.4034	111.446712	5.275584000000009	-0.062026920511050854	112.765608	2.6377920000000046	-0.19440366384531726	
12A	2	b	116.062848	119.360088	118.041192	3.297240000000002	-0.06721420120053256	117.381744	1.648620000000001	-0.2224397257924875	
12A	4	a	123.316776	133.867944	129.911256	10.55116799999999	0.20472622749328906	128.59236	5.275583999999995	1.8077946039693211	
12A	4	a	135.846288	154.310832	138.48408	18.464544000000018	0.16136036037986567	145.07856	9.232272000000009	2.4468428213789855	
12A	4	a	156.948624	178.05096	168.818688	21.102336000000008	0.728587926554054	167.499792	10.551168000000004	8.633287125254428	
12A	4	a	178.710408	188.602128	180.688752	9.891719999999992	0.2658117109083511	183.326544	4.945859999999996	2.2728411546460823	
12A	4	a	189.261576	193.877712	192.558816	4.616136000000012	0.1253321871330435	191.23992	2.308068000000006	0.4773905801494531	
12A	2	b	195.856056	200.472192	196.515504	4.616136000000012	-0.08593772869604077	197.8344	2.308068000000006	-0.29424436967420187	
12A	4	a	201.13164	224.21232	215.639496	23.08068	1.8167647978723949	212.342256	11.54034	31.783061639323627	
12A	4	a	224.871768	226.850112	226.190664	1.9783439999999928	0.08143722147908683	225.531216	0.9891719999999964	0.10103878702137914	
12A	4	a	227.50956	247.952448	233.444592	20.44288800000001	0.6347124265024258	237.40128	10.221444000000005	9.245647300518346	
12A	2	b	249.930792	253.228032	251.249688	3.2972400000000164	-0.07212089717403902	251.249688	1.6486200000000082	-0.20257404139284407	
12A	4	a	257.18472	271.692576	264.438648	14.507855999999947	0.42146004440144136	264.438648	7.2539279999999735	5.129574514692352	
12A	4	a	272.352024	282.903192	277.627608	10.551168000000018	0.29269628087030153	277.627608	5.275584000000009	2.4321455121255715	
12A	4	a	283.56264	318.513384	305.983872	34.950743999999986	0.31704637088156495	300.708288	17.475371999999993	11.750892407871742	
12A	4	a	319.172832	330.383448	323.788968	11.210615999999959	0.11587809287019901	324.448416	5.6053079999999795	0.9537198182434334	
12A	2	b	331.042896	369.950328	341.594064	38.90743200000003	-0.23445321948258613	350.166888	19.453716000000014	-6.694177696899306	
12A	4	a	371.928672	379.842048	377.863704	7.913375999999971	0.07602367441483615	375.88536	3.9566879999999855	0.6013208460363257	
12A	4	a	380.501496	382.47984	381.820392	1.9783440000000496	0.05760439212217516	381.160944	0.9891720000000248	0.05400330866722136	
12A	4	a	383.139288	393.690456	385.77708	10.551167999999961	0.11697405075417233	388.414872	5.275583999999981	0.7505212904041447	
12A	4	a	394.349904	397.647144	395.009352	3.297240000000045	0.07292597073490192	395.6688	1.6486200000000224	0.2162990571469252	
12A	4	a	399.625488	401.603832	399.625488	1.9783439999999928	0.029556530060805386	400.284936	0.9891719999999964	0.028951729857003006	
12A	4	a	402.26328	404.901072	404.241624	2.6377919999999904	0.03413227335482638	403.582176	1.3188959999999952	0.027794008168538387	
12A	4	a	416.771136	437.214024	431.93844	20.442887999999982	0.14860194284184924	426.662856	10.221443999999991	2.427081157934924	
12A	4	a	437.873472	457.656912	454.359672	19.783439999999985	0.15568669587334227	447.765192	9.891719999999992	2.1143767976733194	
12A	4	a	458.31636	462.273048	460.294704	3.9566880000000424	0.10141659137995074	460.294704	1.9783440000000212	0.31714332289755864	
12A	4	a	464.91084	487.99152	472.164768	23.080679999999973	0.26059479499327054	476.121456	11.540339999999986	4.0736035482794835	
12A	4	a	488.650968	494.586	488.650968	5.935032000000035	0.08552027778234272	491.28876	2.9675160000000176	0.47636109133972715	
12A	4	a	496.564344	498.542688	497.88324	1.9783439999999928	0.09454326016991654	497.223792	0.9891719999999964	0.10077079279681644	
12A	4	a	499.202136	506.456064	503.158824	7.25392800000003	0.3131117147196196	502.499376	3.626964000000015	1.6427598764571116	
12A	4	a	507.115512	511.731648	509.753304	4.616135999999983	0.16056327540195525	509.093856	2.3080679999999916	0.5464966661023514	
12A	4	a	512.391096	538.769016	518.985576	26.377920000000017	0.43022364382425504	525.580056	13.188960000000009	9.18501177953885	
12A	4	a	539.428464	556.574112	549.979632	17.14564800000005	0.7168186153834739	548.001288	8.572824000000026	8.317143650676268	
12A	4	a	557.23356	583.61148	563.168592	26.377920000000017	0.7228314920677557	570.42252	13.188960000000009	15.404199273727048	
12A	2	b	584.270928	593.5032	590.20596	9.232271999999966	-0.21647019878122187	588.887064	4.616135999999983	-1.8903314448504136	
12A	4	a	594.162648	597.459888	594.822096	3.297239999999988	0.14011649539482463	595.481544	1.648619999999994	0.3052718484502108	
12A	2	b	598.119336	600.09768	600.09768	1.9783439999999928	-0.6188675299886457	598.778784	0.9891719999999964	-0.7649834182299484	
13A	4	a	1.318896	9.232272	5.935032	7.9133759999999995	0.22377321360733227	5.275584	3.9566879999999998	1.0257511462759163	
13A	4	a	9.89172	16.4862	9.89172	6.594480000000001	0.16478983595529684	13.18896	3.2972400000000004	0.985889122127412	
13A	4	a	17.145648	23.08068	17.145648	5.935032	0.17463410066402396	19.78344	2.967516	0.5919611409570584	
13A	4	a	26.37792	28.356264	27.696816	1.9783439999999999	0.06178032699878511	27.037368	0.9891719999999999	0.08380391965337353	
13A	4	a	29.015712	32.9724	29.015712	3.9566879999999998	0.13187326461551496	30.994056	1.9783439999999999	0.3363975367080623	
13A	4	a	35.610192	57.371976	46.16136	21.761784	0.22912122853948613	46.16136	10.880892	3.60498350768962	
13A	4	a	58.031424	74.517624	71.220384	16.486199999999997	0.14437903612831438	65.9448	8.243099999999998	2.1640236678414353	
13A	4	a	75.177072	78.474312	77.155416	3.297240000000002	0.04936518939776757	76.495968	1.648620000000001	0.15345298870077295	
13A	4	a	79.13376	81.771552	80.452656	2.6377920000000046	0.07601264534165253	80.452656	1.3188960000000023	0.17056881555492476	
13A	4	a	83.749896	87.047136	84.409344	3.297239999999988	0.10900150051892066	85.068792	1.648619999999994	0.24625105543961334	
13A	4	a	89.684928	107.490024	94.301064	17.805096000000006	0.33167336626927213	98.257752	8.902548000000003	4.792212039502608	
13A	4	a	108.149472	114.743952	113.425056	6.59447999999999	0.13155770711044124	111.446712	3.297239999999995	0.43636301721695947	
13A	4	a	115.4034	125.954568	124.635672	10.55116799999999	0.11417271800270523	120.678984	5.275583999999995	1.0070893352927377	
13A	4	a	126.614016	152.991936	145.738008	26.377920000000003	0.3175162030348382	139.802976	13.188960000000002	7.9828255182733034	
13A	4	a	153.651384	158.26752	154.97028	4.616135999999983	0.12199640305329229	155.629728	2.3080679999999916	0.31147801047529056	
13A	4	a	158.926968	161.56476	159.586416	2.637792000000019	0.12694039624040432	160.245864	1.3188960000000094	0.2799276412435625	
13A	4	a	162.224208	168.15924	166.840344	5.935032000000007	0.12037250749780615	164.862	2.9675160000000034	0.7168320237180494	
13A	4	a	168.818688	170.797032	170.137584	1.9783439999999928	0.02771525073583625	169.478136	0.9891719999999964	0.03511098950030922	
13A	4	a	171.45648	198.493848	179.369856	27.037368000000015	0.27783362585533666	184.64544	13.518684000000007	6.886802956733934	
13A	4	a	199.153296	209.704464	203.109984	10.55116799999999	0.0947696629496333	204.42888	5.275583999999995	0.6784999001682683	
13A	4	a	210.363912	234.10404	223.552872	23.740128	2.2396138503524323	222.233976	11.870064	34.84563094430509	
13A	2	b	236.082384	238.060728	236.082384	1.9783440000000212	-0.1297266004423987	236.741832	0.9891720000000106	-0.10981710601801131	
13A	2	b	238.720176	262.460304	251.249688	23.740128	-0.2841293577312909	250.59024	11.870064	-6.120353660888656	
13A	4	a	263.119752	282.243744	271.033128	19.123991999999987	1.2342162560243475	272.352024	9.561995999999994	16.753221415967037	
13A	4	a	282.903192	296.092152	286.85988	13.188960000000009	0.322809288298771	289.497672	6.594480000000004	3.244085419055836	
13A	4	a	300.04884	307.962216	305.324424	7.913376000000028	0.17577393211879588	304.005528	3.956688000000014	1.0057997773468603	
13A	4	a	308.621664	315.216144	313.2378	6.594479999999976	0.12936985458674677	311.918904	3.297239999999988	0.7109384332404138	
13A	4	a	315.875592	321.810624	317.194488	5.935032000000035	0.20206626800308936	318.513384	2.9675160000000176	1.0576261880099334	
13A	4	a	325.107864	340.275168	330.383448	15.167304000000001	0.3142735947216231	332.361792	7.583652000000001	4.03113863513471	
13A	4	a	342.91296	365.99364	354.783024	23.08068000000003	0.17069328165335662	354.123576	11.540340000000015	2.64896565460294	
13A	4	a	367.971984	371.269224	368.631432	3.297239999999988	0.08378407214624417	369.29088	1.648619999999994	0.1551766034959816	
13A	4	a	371.928672	376.544808	375.88536	4.616135999999983	0.099623269859058	373.907016	2.3080679999999916	0.22172494558739686	
13A	4	a	378.523152	387.755424	382.47984	9.232272000000023	0.23381894013634508	383.139288	4.616136000000012	1.464178048205321	
13A	4	a	388.414872	393.031008	390.393216	4.616135999999983	0.19181293472591143	390.393216	2.3080679999999916	0.7255070537390456	
13A	4	a	393.690456	409.517208	395.6688	15.826751999999999	0.14414066943973847	401.603832	7.9133759999999995	2.121996736110351	
13A	4	a	410.176656	418.090032	417.430584	7.913376000000028	0.15151618036494696	414.133344	3.956688000000014	0.7898968950397562	
13A	4	a	418.74948	445.1274	427.322304	26.377920000000017	0.3679635786088431	431.93844	13.188960000000009	6.525899421796598	
13A	4	a	445.786848	447.765192	445.786848	1.9783439999999928	0.14025233338957754	446.446296	0.9891719999999964	0.16997322804677317	
13A	4	a	448.42464	450.402984	448.42464	1.9783439999999928	0.10794533673941142	449.084088	0.9891719999999964	0.09286516593876959	
13A	4	a	451.062432	471.50532	462.932496	20.442887999999982	0.2134554724124964	460.954152	10.221443999999991	4.049859375598498	
13A	4	a	472.164768	502.499376	491.948208	30.334608000000003	0.19766079898477784	487.332072	15.167304000000001	5.174957269716693	
13A	4	a	503.158824	513.050544	509.093856	9.891719999999964	0.27925114016695307	507.77496	4.945859999999982	2.1556511158397105	
13A	4	a	513.709992	517.66668	515.688336	3.9566879999999855	0.15902860997072477	515.688336	1.9783439999999928	0.544147012579713	
13A	4	a	518.326128	540.087912	522.942264	21.76178399999992	0.27133627012374983	528.877296	10.88089199999996	4.984399233233802	
13A	4	a	540.74736	561.190248	557.893008	20.44288800000004	0.40718622197052845	550.63908	10.22144400000002	5.85640149507448	
13A	4	a	561.849696	581.633136	568.444176	19.78344000000004	0.677528888211012	571.741416	9.89172000000002	10.794449748863059	
13A	4	a	582.292584	584.930376	582.292584	2.6377919999999904	0.05185676928053429	583.61148	1.3188959999999952	0.09967361821602605	
13A	2	b	585.589824	600.09768	600.09768	14.507855999999947	-0.4863623849268528	592.843752	7.2539279999999735	-4.278396759192088	
14A	4	a	0.0	27.696816	2.637792	27.696816	0.21949484705212274	13.848408	13.848408	4.5405651588451565	
14A	4	a	28.356264	30.334608	28.356264	1.9783439999999999	0.07407962721213401	29.015712	0.9891719999999999	0.11114443644031269	
14A	4	a	32.9724	39.56688	34.950744	6.594479999999997	0.08002882213296036	36.26964	3.2972399999999986	0.30393653913009144	
14A	4	a	42.204672	48.799152	44.842464	6.594479999999997	0.0763551817738728	45.501912	3.2972399999999986	0.4249027047868843	
14A	4	a	49.4586	53.415288	52.75584	3.9566879999999998	0.06967494502352345	51.436944	1.9783439999999999	0.11699634804998249	
14A	4	a	55.393632	66.604248	65.285352	11.210616000000002	0.0948962150092374	60.669216	5.605308000000001	0.6643558749110978	
14A	4	a	69.24204	71.879832	70.560936	2.6377919999999904	0.09391870944995961	70.560936	1.3188959999999952	0.20757410189189152	
14A	4	a	77.155416	80.452656	77.814864	3.297240000000002	0.05302175765604744	78.474312	1.648620000000001	0.14202354505178594	
14A	4	a	81.112104	84.409344	82.431	3.297240000000002	0.05076557087155731	82.431	1.648620000000001	0.15103987670389385	
14A	4	a	91.003824	111.446712	96.938856	20.44288800000001	0.29711511060052676	100.895544	10.221444000000005	5.761133192966067	
14A	4	a	112.10616	117.381744	112.765608	5.275583999999995	0.12207987470630499	114.743952	2.6377919999999975	0.5016073722712822	
14A	4	a	118.041192	120.019536	118.041192	1.978344000000007	0.02723553031603476	118.70064	0.9891720000000035	0.030825750478225	
14A	2	b	120.678984	133.208496	126.614016	12.529511999999997	-0.1033810975227123	126.614016	6.264755999999998	-0.9792102335768518	
14A	4	a	136.505736	154.310832	145.738008	17.805095999999992	0.20087040864616945	145.07856	8.902547999999996	2.840117284251449	
14A	4	a	154.97028	176.732064	157.608072	21.761784000000006	0.12220284859788766	165.521448	10.880892000000003	1.8978398675145867	
14A	4	a	177.391512	199.153296	181.3482	21.761784000000006	0.3401788064838076	187.94268	10.880892000000003	6.2354364254318035	
14A	4	a	199.812744	208.385568	201.791088	8.572823999999997	0.14763099515775568	203.769432	4.286411999999999	1.0055311371259532	
14A	4	a	209.045016	211.02336	209.045016	1.9783439999999928	0.05797178133941028	209.704464	0.9891719999999964	0.05229007506260208	
14A	2	b	213.001704	219.596184	216.958392	6.594480000000004	-0.16307344961249814	216.298944	3.297240000000002	-1.2481505904552228	
14A	4	a	220.255632	240.039072	225.531216	19.783440000000013	1.5944249638328314	230.147352	9.891720000000007	17.0013621549003	
14A	2	b	244.655208	265.098096	252.568584	20.44288800000001	-0.13311102636129224	254.546928	10.221444000000005	-2.133091602839758	
14A	2	b	265.757544	270.37368	267.07644	4.616135999999983	-0.15436613592159798	267.735888	2.3080679999999916	-0.48995026189866975	
14A	4	a	271.033128	288.178776	276.96816	17.14564800000005	0.5586610062927333	279.605952	8.572824000000026	7.457768461432618	
14A	4	a	288.838224	311.918904	292.794912	23.080679999999973	0.2059421346700745	300.04884	11.540339999999986	3.156517275035414	
14A	4	a	312.578352	322.470072	313.2378	9.89172000000002	0.10702055723959081	317.194488	4.94586000000001	0.8044977732924199	
14A	4	a	323.12952	339.61572	329.064552	16.486199999999997	0.3852805831072512	331.042896	8.243099999999998	4.7838366188009775	
14A	4	a	340.275168	346.2102	340.275168	5.935031999999978	0.1432345104224364	342.91296	2.967515999999989	0.508211959723393	
14A	4	a	346.869648	375.88536	369.950328	29.015712000000008	0.16433460972421976	361.377504	14.507856000000004	2.973636368725312	
14A	4	a	376.544808	399.625488	383.798736	23.08068000000003	0.32097788633909285	387.755424	11.540340000000015	5.175514217750731	
14A	4	a	400.284936	408.85776	400.944384	8.572823999999969	0.111488715008071	404.241624	4.286411999999984	0.6111907543550847	
14A	2	b	409.517208	412.155	411.495552	2.6377919999999904	-0.033022690916203246	410.836104	1.3188959999999952	-0.03680853580065202	
14A	2	b	414.133344	424.025064	415.45224	9.891719999999964	-0.1703455887498233	418.74948	4.945859999999982	-1.0644234365320635	
14A	4	a	426.003408	445.786848	429.300648	19.78344000000004	0.18530200055137147	435.895128	9.89172000000002	2.8788919452093604	
14A	4	a	446.446296	449.084088	446.446296	2.6377919999999904	0.11630533153745848	447.765192	1.3188959999999952	0.13590837514287735	
14A	4	a	449.743536	457.656912	456.997464	7.913375999999971	0.0824783099708597	453.700224	3.9566879999999855	0.3604711107781515	
14A	4	a	458.31636	505.137168	476.121456	46.820808	0.3317588284127595	481.39704	23.410404	11.54735414562267	
14A	4	a	507.77496	525.580056	520.304472	17.805095999999992	0.21239466631499315	516.347784	8.902547999999996	3.268001641653608	
14A	4	a	526.239504	538.769016	530.196192	12.529511999999954	0.18749436660797514	532.174536	6.264755999999977	2.011841659646156	
14A	4	a	539.428464	563.82804	559.211904	24.399576000000025	0.2881932822753157	551.298528	12.199788000000012	6.129753731634171	
14A	4	a	567.12528	590.865408	577.676448	23.740128000000027	0.330350282142744	578.995344	11.870064000000013	4.936092773730348	
14A	4	a	591.524856	600.09768	599.438232	8.572823999999969	0.1444940025327215	595.481544	4.286411999999984	1.0108158007967591	
15A	4	a	4.616136	7.253928	6.59448	2.637792	0.06077964931291646	5.935032	1.318896	0.08773116203322928	
15A	4	a	9.232272	11.870064	10.551168	2.6377919999999992	0.06329614002753914	10.551168	1.3188959999999996	0.09150519554884884	
15A	4	a	13.848408	15.826752	13.848408	1.9783440000000017	0.04705603200977837	14.507856	0.9891720000000008	0.047714192809293454	
15A	4	a	16.4862	23.08068	22.421232	6.594480000000001	0.08673135668689191	19.78344	3.2972400000000004	0.4302981725375514	
15A	4	a	23.740128	29.67516	23.740128	5.935032000000003	0.0657984060710195	26.37792	2.9675160000000016	0.21944557564028644	
15A	4	a	30.334608	32.9724	32.312952	2.637792000000001	0.04239949584303471	31.653504	1.3188960000000005	0.037615407980293725	
15A	4	a	34.950744	38.907432	36.26964	3.9566879999999998	0.06724527129203572	36.929088	1.9783439999999999	0.19818830514929564	
15A	4	a	41.545224	49.4586	45.501912	7.9133759999999995	0.06871276657856562	45.501912	3.9566879999999998	0.43581764284034685	
15A	4	a	55.393632	59.35032	58.031424	3.956688000000007	0.05510631878898309	57.371976	1.9783440000000034	0.191542798350417	
15A	4	a	63.966456	67.923144	64.625904	3.9566879999999927	0.10017401630745848	65.9448	1.9783439999999963	0.23532236375551285	
15A	4	a	68.582592	71.879832	71.220384	3.297239999999988	0.07396436690176866	69.901488	1.648619999999994	0.23743229643442643	
15A	4	a	73.858176	77.155416	76.495968	3.297240000000002	0.0703110023420983	75.177072	1.648620000000001	0.2160753308025849	
15A	4	a	77.814864	81.771552	79.793208	3.9566879999999998	0.09331262903990112	79.793208	1.9783439999999999	0.3022227123312087	
15A	4	a	82.431	85.068792	83.090448	2.6377920000000046	0.06892538369299661	83.749896	1.3188960000000023	0.13864245638628825	
15A	4	a	91.663272	94.960512	92.982168	3.297239999999988	0.09538731097849062	92.982168	1.648619999999994	0.16574168312928794	
15A	4	a	95.61996	107.490024	97.598304	11.870064	0.09785963545039866	101.554992	5.935032	1.1295949847198274	
15A	4	a	108.149472	119.360088	112.765608	11.210616000000002	0.138079926735454	113.425056	5.605308000000001	1.177144645490257	
15A	4	a	120.019536	125.954568	122.657328	5.9350319999999925	0.1308856267702163	122.657328	2.9675159999999963	0.5796184200929142	
15A	4	a	128.59236	131.230152	129.911256	2.6377919999999904	0.06509983025656041	129.911256	1.3188959999999952	0.16642931927186622	
15A	4	a	131.8896	141.121872	135.846288	9.232271999999995	0.1594659159065337	136.505736	4.616135999999997	1.1623998740881274	
15A	4	a	141.78132	161.56476	146.397456	19.783440000000013	0.23500793561118272	151.67304	9.891720000000007	3.6152285585154837	
15A	4	a	162.224208	164.202552	162.883656	1.9783439999999928	0.13822503353616433	162.883656	0.9891719999999964	0.1946816104101976	
15A	4	a	164.862	168.15924	167.499792	3.2972400000000164	0.07849094932170786	166.180896	1.6486200000000082	0.20940283192573128	
15A	4	a	170.137584	195.196608	189.261576	25.059023999999994	0.20842697226901397	182.667096	12.529511999999997	4.012971997247186	
15A	4	a	195.856056	199.153296	197.8344	3.2972400000000164	0.13243654207435895	197.174952	1.6486200000000082	0.34583664333700215	
15A	4	a	199.812744	213.661152	207.066672	13.848407999999978	0.16067646236749233	206.407224	6.924203999999989	1.702237176487798	
15A	4	a	214.3206	216.958392	214.3206	2.6377919999999904	0.07324168491241778	215.639496	1.3188959999999952	0.12408954896936653	
15A	4	a	218.936736	245.974104	231.466248	27.037368000000015	0.9584076243675712	232.125696	13.518684000000007	17.268303190628046	
15A	4	a	249.271344	254.546928	252.568584	5.275584000000009	0.08390095718595791	251.909136	2.6377920000000046	0.35749319388587697	
15A	4	a	259.163064	269.054784	263.119752	9.891719999999964	0.1127413038474554	263.7792	4.945859999999982	0.8945496709625234	
15A	4	a	269.714232	271.692576	270.37368	1.9783439999999928	0.11048890484484097	270.37368	0.9891719999999964	0.14419207137799672	
15A	4	a	272.352024	276.96816	275.649264	4.61613600000004	0.2466867178686769	274.330368	2.30806800000002	0.7226692775626948	
15A	4	a	277.627608	294.773256	286.85988	17.145647999999994	0.46336530604244075	286.200432	8.572823999999997	5.746576925813777	
15A	4	a	295.432704	302.686632	298.070496	7.2539279999999735	0.15994101953383488	298.729944	3.6269639999999868	1.0009777887168756	
15A	4	a	303.34608	317.853936	305.324424	14.507856000000004	0.14809750176057523	310.600008	7.253928000000002	1.969369871161367	
15A	4	a	318.513384	328.405104	325.107864	9.89172000000002	0.1143449482924268	323.12952	4.94586000000001	0.803857902144101	
15A	4	a	329.064552	334.340136	330.383448	5.275583999999981	0.14533839625521683	331.702344	2.6377919999999904	0.49275691064951976	
15A	4	a	342.253512	367.971984	358.739712	25.71847200000002	0.1730463547402632	354.783024	12.85923600000001	3.1077515471369304	
15A	4	a	370.609776	375.225912	371.928672	4.616135999999983	0.11739626697424477	372.58812	2.3080679999999916	0.3789096680265378	
15A	4	a	375.88536	388.414872	380.501496	12.529512000000011	0.1678155949568101	381.820392	6.2647560000000055	1.3909355679878566	
15A	4	a	389.07432	414.133344	396.328248	25.059024000000022	0.20432574772305845	401.603832	12.529512000000011	4.372779383206048	
15A	4	a	414.792792	418.090032	415.45224	3.297239999999988	0.09842312478943427	416.111688	1.648619999999994	0.2712623767101525	
15A	4	a	418.74948	421.387272	420.068376	2.6377919999999904	0.08110832617759023	420.068376	1.3188959999999952	0.1645239362810722	
15A	4	a	422.04672	425.34396	422.706168	3.297239999999988	0.05900833176411524	423.365616	1.648619999999994	0.1445666877905767	
15A	4	a	426.003408	427.981752	426.003408	1.9783439999999928	0.051445250687188526	426.662856	0.9891719999999964	0.06529563832448382	
15A	4	a	429.960096	433.916784	433.257336	3.9566879999999855	0.12757566096330564	431.93844	1.9783439999999928	0.367813992241794	
15A	4	a	434.576232	457.656912	448.42464	23.080679999999973	0.1736164658842343	445.786848	11.540339999999986	3.482811088315906	
15A	4	a	458.31636	460.954152	458.31636	2.637792000000047	0.07689797048446412	459.635256	1.3188960000000236	0.17942045536282647	
15A	4	a	466.889184	469.526976	466.889184	2.6377919999999904	0.0731228924180698	468.20808	1.3188959999999952	0.12868672959443916	
15A	4	a	470.186424	493.926552	476.780904	23.740128000000027	0.39482092972034266	482.056488	11.870064000000013	8.366781409607336	
15A	4	a	494.586	500.521032	495.904896	5.935031999999978	0.09809652929391977	497.223792	2.967515999999989	0.49838014984220935	
15A	4	a	501.18048	532.174536	521.623368	30.994056	0.21476357515148248	516.347784	15.497028	4.988805346153995	
15A	4	a	532.833984	538.109568	536.131224	5.275583999999981	0.09887550989226224	535.471776	2.6377919999999904	0.3499806807626218	
15A	4	a	540.087912	558.552456	551.957976	18.464544000000046	0.19669144390129922	549.320184	9.232272000000023	2.476292467645391	
15A	4	a	559.211904	563.82804	560.5308	4.616135999999983	0.11841948990668438	561.190248	2.3080679999999916	0.5275515463821101	
15A	4	a	564.487488	571.741416	567.784728	7.2539279999999735	0.34169475822796525	567.784728	3.6269639999999868	2.0172623781399976	
15A	4	a	572.400864	577.017	574.379208	4.616136000000097	0.12039125687960262	574.379208	2.3080680000000484	0.37035565515378543	
15A	2	b	577.676448	579.654792	578.995344	1.9783439999999928	-0.055649773414488735	578.335896	0.9891719999999964	-0.0522042249377761	
15A	4	a	580.31424	589.546512	584.270928	9.232271999999966	0.33908744453091977	584.930376	4.616135999999983	2.636424652727737	
15A	4	a	590.20596	600.09768	598.778784	9.891719999999964	0.3204021992467636	594.822096	4.945859999999982	2.7465400353438523	
16A	4	a	1.318896	3.956688	2.637792	2.637792	0.08991811370006264	2.637792	1.318896	0.12275185178950787	
16A	4	a	4.616136	25.059024	13.848408	20.442888	0.21015388576466165	14.507856	10.221444	2.9309481287770254	
16A	4	a	25.718472	27.696816	26.37792	1.9783439999999999	0.0801758014158569	26.37792	0.9891719999999999	0.10951927903328951	
16A	4	a	28.356264	33.631848	29.015712	5.2755839999999985	0.06884910864728777	30.994056	2.6377919999999992	0.22352364491288368	
16A	4	a	34.291296	38.907432	36.26964	4.616135999999997	0.07609318528995512	36.26964	2.3080679999999987	0.2309307605767268	
16A	4	a	46.16136	50.118048	48.799152	3.9566879999999998	0.07051505695057703	48.139704	1.9783439999999999	0.21009021114831006	
16A	4	a	54.734184	61.988112	59.35032	7.253928000000002	0.07896630641859925	58.031424	3.626964000000001	0.5338293024996088	
16A	4	a	62.64756	65.9448	65.285352	3.297240000000002	0.13048856849387036	63.966456	1.648620000000001	0.2560214144422459	
16A	4	a	66.604248	73.198728	67.263696	6.594480000000004	0.11828228202915891	69.901488	3.297240000000002	0.6062238558463919	
16A	4	a	75.83652	79.13376	78.474312	3.297240000000002	0.11112851225232578	77.155416	1.648620000000001	0.30330555159130457	
16A	4	a	79.793208	83.090448	79.793208	3.297239999999988	0.09820764462604537	81.112104	1.648619999999994	0.20110409122467265	
16A	4	a	83.749896	87.706584	85.068792	3.9566879999999998	0.10668150680720423	85.72824	1.9783439999999999	0.3066512005863693	
16A	4	a	91.003824	98.9172	96.279408	7.9133759999999995	0.1212825041955643	94.960512	3.9566879999999998	0.9089599741556156	
16A	4	a	99.576648	110.127816	99.576648	10.55116799999999	0.13098214540135533	104.852232	5.275583999999995	1.3544479901445792	
16A	4	a	112.10616	114.084504	112.765608	1.9783439999999928	0.08654750273338419	112.765608	0.9891719999999964	0.13076312532990286	
16A	4	a	114.743952	118.70064	118.041192	3.956688000000014	0.08435582095697036	116.722296	1.978344000000007	0.3097422661041045	
16A	4	a	119.360088	127.932912	123.316776	8.572823999999997	0.13209376320837407	123.316776	4.286411999999999	0.9085388654046458	
16A	4	a	128.59236	155.629728	147.056904	27.037367999999987	0.14902500929428797	141.78132	13.518683999999993	3.008623473412574	
16A	4	a	156.289176	162.224208	158.926968	5.935032000000007	0.14005572417160117	158.926968	2.9675160000000034	0.6365914123659517	
16A	4	a	162.883656	206.407224	191.899368	43.52356800000001	0.19356551988062787	184.64544	21.761784000000006	4.9480848647587905	
16A	4	a	207.066672	209.045016	207.72612	1.9783439999999928	0.12214407287192053	207.72612	0.9891719999999964	0.19449944501561944	
16A	4	a	209.704464	212.342256	210.363912	2.6377919999999904	0.1330058431196246	211.02336	1.3188959999999952	0.250549059084471	
16A	4	a	213.001704	217.61784	216.958392	4.616136000000012	0.09460389648442291	214.980048	2.308068000000006	0.29023330856235363	
16A	4	a	218.277288	220.91508	219.596184	2.6377919999999904	0.07427402235759306	219.596184	1.3188959999999952	0.09682168054479723	
16A	4	a	226.190664	228.828456	228.169008	2.6377919999999904	0.07794413225910102	227.50956	1.3188959999999952	0.14550042468516766	
16A	4	a	229.487904	246.633552	235.422936	17.145648000000023	0.43313370042112	238.060728	8.572824000000011	5.775420752560516	
16A	4	a	247.293	251.249688	248.611896	3.9566879999999855	0.08210213249593501	249.271344	1.9783439999999928	0.30659476203575764	
16A	4	a	253.228032	255.206376	253.228032	1.9783439999999928	0.015376443335699541	253.88748	0.9891719999999964	0.015790819476132256	
16A	2	b	255.865824	258.503616	257.18472	2.637792000000019	-0.08976678249310499	257.18472	1.3188960000000094	-0.17258786098886736	
16A	4	a	260.48196	263.119752	262.460304	2.6377919999999904	0.07931753275339659	261.800856	1.3188959999999952	0.15363819438591308	
16A	4	a	263.7792	271.033128	266.416992	7.2539279999999735	0.17122666322272995	267.07644	3.6269639999999868	1.1484397013199672	
16A	4	a	271.692576	278.946504	273.67092	7.25392800000003	0.09427104862454616	274.989816	3.626964000000015	0.5680596316821487	
16A	4	a	279.605952	294.113808	285.540984	14.507856000000004	0.22099150585946248	286.85988	7.253928000000002	2.6755030966448707	
16A	4	a	294.773256	312.578352	299.389392	17.805095999999992	0.2829690242270848	303.34608	8.902547999999996	3.219798081917789	
16A	4	a	313.2378	315.875592	314.556696	2.6377919999999904	0.06211577944931168	314.556696	1.3188959999999952	0.0785342348923943	
16A	2	b	321.810624	325.107864	322.470072	3.297239999999988	-0.033550360352564645	323.12952	1.648619999999994	-0.07730482824779816	
16A	4	a	325.767312	333.680688	327.745656	7.913375999999971	0.10308782952243334	329.724	3.9566879999999855	0.6959500616601932	
16A	4	a	334.340136	339.61572	338.956272	5.275584000000038	0.10216938748523496	336.977928	2.637792000000019	0.38264928082081795	
16A	4	a	341.594064	343.572408	342.91296	1.9783439999999928	0.1874593874663919	342.253512	0.9891719999999964	0.17999589682286743	
16A	4	a	344.231856	355.442472	347.529096	11.210616000000016	0.1490246828088413	349.50744	5.605308000000008	1.5845733930713148	
16A	4	a	356.10192	366.653088	358.739712	10.551168000000018	0.19546721005519085	361.377504	5.275584000000009	1.3505139130346149	
16A	4	a	367.312536	391.052664	386.436528	23.74012799999997	0.2526461475667361	379.1826	11.870063999999985	5.11132315792884	
16A	4	a	391.712112	402.26328	398.306592	10.551168000000018	0.179423778816715	396.987696	5.275584000000009	1.5446503427428646	
16A	4	a	402.922728	410.836104	406.219968	7.913375999999971	0.12170168126492875	406.879416	3.9566879999999855	0.7472638919963299	
16A	4	a	411.495552	424.025064	420.068376	12.529512000000011	0.13280838602736988	417.430584	6.2647560000000055	1.2514631491778139	
16A	4	a	424.684512	427.322304	426.662856	2.6377919999999904	0.12908087470914076	426.003408	1.3188959999999952	0.17635019605182434	
16A	4	a	431.278992	433.916784	431.93844	2.6377919999999904	0.09246972477451276	432.597888	1.3188959999999952	0.19336847288243986	
16A	4	a	439.851816	443.149056	441.170712	3.297239999999988	0.06682923989654466	441.170712	1.648619999999994	0.19177687500459273	
16A	4	a	443.808504	456.338016	452.381328	12.529511999999954	0.2040117815826088	449.743536	6.264755999999977	1.9829026632441917	
16A	4	a	456.997464	462.273048	459.635256	5.275584000000038	0.16749151778399707	459.635256	2.637792000000019	0.49063556590963353	
16A	4	a	462.932496	465.570288	463.591944	2.6377919999999904	0.09362684808595212	464.251392	1.3188959999999952	0.21952404978540274	
16A	4	a	466.229736	484.69428	472.164768	18.46454399999999	0.20861730864015193	475.462008	9.232271999999995	2.980231224659083	
16A	4	a	485.353728	499.202136	487.99152	13.848408000000006	0.18467322885360016	491.948208	6.924204000000003	2.0764778980718854	
16A	4	a	499.861584	504.47772	503.158824	4.616135999999983	0.19564119942587954	501.839928	2.3080679999999916	0.9477120851961023	
16A	4	a	505.137168	527.5584	517.66668	22.421232000000032	0.2544857677978074	516.347784	11.210616000000016	5.36023128047299	
16A	4	a	528.217848	531.515088	528.217848	3.297239999999988	0.11663290968299389	529.536744	1.648619999999994	0.3656064465780955	
16A	4	a	536.790672	547.34184	540.087912	10.551168000000075	0.19984715897581484	542.066256	5.275584000000038	1.5334710357321075	
16A	4	a	548.001288	571.081968	561.190248	23.080679999999916	0.21973367539527366	559.211904	11.540339999999958	3.85218281794612	
16A	4	a	571.741416	578.335896	574.379208	6.59448000000009	0.15018533968654335	575.038656	3.297240000000045	0.7463216133724564	
16A	4	a	578.995344	581.633136	579.654792	2.6377919999999904	0.11434751066017235	580.31424	1.3188959999999952	0.27874087526646285	
16A	4	a	582.292584	589.546512	586.90872	7.2539279999999735	0.1654033373046575	585.589824	3.6269639999999868	0.8746417394453454	
16A	4	a	590.20596	600.09768	593.5032	9.891719999999964	0.16091236971642697	594.822096	4.945859999999982	1.52974307216249	
17A	4	a	0.0	5.275584	2.637792	5.275584	0.0982448997575398	2.637792	2.637792	0.3432794069829428	
17A	4	a	5.935032	11.870064	6.59448	5.935032	0.08996416362434356	8.572824	2.967516	0.3972838089558004	
17A	4	a	12.529512	32.312952	20.442888	19.783440000000002	0.14303958222752744	22.421232	9.891720000000001	1.8152736371784206	
17A	4	a	32.9724	44.183016	38.907432	11.210616000000002	0.13310903108744299	38.247984	5.605308000000001	1.0640571089317579	
17A	4	a	44.842464	50.777496	48.799152	5.935032	0.17442997655419656	47.480256	2.967516	0.9843909809656162	
17A	4	a	51.436944	60.009768	56.05308	8.572824000000004	0.09483598666796844	55.393632	4.286412000000002	0.6903883365920316	
17A	4	a	60.669216	69.24204	64.625904	8.572824000000004	0.12304885656543352	64.625904	4.286412000000002	0.7850318212583876	
17A	4	a	69.901488	78.474312	75.177072	8.572823999999997	0.08191629627225616	73.858176	4.286411999999999	0.5413525111405288	
17A	4	a	81.771552	88.366032	85.72824	6.594480000000004	0.03880908568271213	85.068792	3.297240000000002	0.1897764260712398	
17A	4	a	89.02548	101.554992	94.301064	12.529511999999997	0.1706900779247844	94.960512	6.264755999999998	1.5954898235028918	
17A	4	a	102.21444	110.127816	104.852232	7.9133759999999995	0.08724567623637824	106.171128	3.9566879999999998	0.5859056903067144	
17A	4	a	113.425056	118.041192	114.743952	4.616135999999997	0.10354184992591886	115.4034	2.3080679999999987	0.4039263558010453	
17A	4	a	120.019536	125.29512	122.657328	5.275583999999995	0.06660071635951148	122.657328	2.6377919999999975	0.29032176967832024	
17A	4	a	125.954568	128.59236	127.932912	2.637792000000019	0.05067740339296112	127.273464	1.3188960000000094	0.08597506097754914	
17A	4	a	129.251808	139.143528	137.824632	9.891719999999992	0.08069237411583874	133.867944	4.945859999999996	0.6777605912203599	
17A	4	a	143.759664	149.035248	145.07856	5.275584000000009	0.10454042609334202	146.397456	2.6377920000000046	0.47388778252138186	
17A	4	a	149.694696	152.332488	149.694696	2.637792000000019	0.04311501317936273	151.013592	1.3188960000000094	0.057322606095229656	
17A	4	a	152.991936	156.948624	154.97028	3.9566879999999855	0.06078594833032991	154.97028	1.9783439999999928	0.18589244138556893	
17A	4	a	162.224208	168.15924	164.862	5.935032000000007	0.06958994629413962	164.862	2.9675160000000034	0.2712007814389259	
17A	4	a	168.818688	175.413168	173.434824	6.594480000000004	0.04911375551256025	172.115928	3.297240000000002	0.2160324115311889	
17A	4	a	177.391512	193.218264	185.964336	15.826751999999999	0.12217807841635153	185.304888	7.9133759999999995	1.594300356423247	
17A	4	a	195.856056	211.682808	202.450536	15.826751999999999	0.2028018603179369	203.769432	7.9133759999999995	1.7416672690211041	
17A	4	a	213.661152	215.639496	213.661152	1.9783440000000212	0.037967197920989904	214.3206	0.9891720000000106	0.03671089075767986	
17A	4	a	218.277288	236.082384	229.487904	17.805095999999992	0.19318715449576906	226.850112	8.902547999999996	2.610457582180198	
17A	4	a	236.741832	239.379624	238.060728	2.637792000000019	0.06865448300520782	238.060728	1.3188960000000094	0.15495004190702133	
17A	4	a	240.039072	276.96816	266.416992	36.92908800000001	0.2071494874378228	258.503616	18.464544000000004	4.500946253961764	
17A	4	a	277.627608	279.605952	277.627608	1.9783439999999928	0.06999192148955125	278.287056	0.9891719999999964	0.08892303732414675	
17A	4	a	280.2654	286.200432	282.243744	5.935031999999978	0.2982042092508328	282.903192	2.967515999999989	1.3841227482159653	
17A	4	a	288.178776	296.092152	290.15712	7.913375999999971	0.1662992732849462	292.135464	3.9566879999999855	0.8818343464704044	
17A	4	a	296.7516	314.556696	307.962216	17.805095999999992	0.34867242725052794	305.324424	8.902547999999996	4.283849639911352	
17A	4	a	315.216144	322.470072	317.194488	7.25392800000003	0.4407371432935321	318.513384	3.626964000000015	2.6093609725693785	
17A	4	a	323.12952	329.724	325.767312	6.594479999999976	0.4344690165358287	326.42676	3.297239999999988	2.017891112249446	
17A	4	a	330.383448	342.91296	334.340136	12.529512000000011	0.25707691060665727	336.31848	6.2647560000000055	2.559292057497681	
17A	4	a	343.572408	353.464128	350.166888	9.89172000000002	0.31162453779197286	348.188544	4.94586000000001	2.001797388471904	
17A	4	a	356.10192	362.036952	358.739712	5.935031999999978	0.24562068264253334	358.739712	2.967515999999989	1.249998417793909	
17A	2	b	364.674744	368.631432	365.334192	3.9566880000000424	-0.10360472264477849	366.653088	1.9783440000000212	-0.29201312536996626	
17A	4	a	369.29088	387.755424	379.842048	18.46454399999999	0.4790234014311805	378.523152	9.232271999999995	6.786653814096522	
17A	4	a	388.414872	396.328248	391.712112	7.913375999999971	0.27316780903679483	392.37156	3.9566879999999855	1.751868486920512	
17A	4	a	396.987696	398.96604	397.647144	1.9783439999999928	0.05087734273153366	397.647144	0.9891719999999964	0.07037824712272078	
17A	4	a	399.625488	414.133344	402.26328	14.507856000000004	0.3321614293322437	406.879416	7.253928000000002	3.6794324607532616	
17A	4	a	414.792792	419.408928	416.771136	4.616135999999983	0.07312201404090146	416.771136	2.3080679999999916	0.34237832393844814	
17A	2	b	420.068376	422.04672	421.387272	1.9783439999999928	-0.022442909666561484	420.727824	0.9891719999999964	-0.03012854443645807	
17A	4	a	422.706168	428.6412	423.365616	5.935032000000035	0.17404161410154995	425.34396	2.9675160000000176	0.652100536021917	
17A	4	a	431.278992	435.895128	434.576232	4.616135999999983	0.06565308948543613	433.257336	2.3080679999999916	0.21983402724480472	
17A	4	a	436.554576	455.678568	451.062432	19.123991999999987	0.20278372423591406	445.786848	9.561995999999994	2.341061205288459	
17A	4	a	456.338016	461.6136	458.975808	5.275584000000038	0.23836922199075872	458.975808	2.637792000000019	1.1133651686096822	
17A	4	a	463.591944	477.440352	473.483664	13.848408000000006	0.228852596845055	470.186424	6.924204000000003	2.456286274709285	
17A	4	a	478.0998	487.99152	481.39704	9.891719999999964	0.26372188757439474	482.715936	4.945859999999982	2.0254984579565156	
17A	4	a	488.650968	511.731648	498.542688	23.08068000000003	0.30692536449556407	499.861584	11.540340000000015	5.843977483501578	
17A	4	a	512.391096	520.304472	517.007232	7.913376000000085	0.20408201429603778	516.347784	3.9566880000000424	1.1152584310747935	
17A	4	a	524.26116	527.5584	526.239504	3.297239999999988	0.0970615123947578	525.580056	1.648619999999994	0.2235973399232125	
17A	4	a	528.217848	530.196192	528.217848	1.9783439999999928	0.056130480260756954	528.877296	0.9891719999999964	0.04187477614843571	
17A	4	a	530.85564	546.022944	536.790672	15.167304000000058	0.24045754172923584	538.109568	7.583652000000029	2.7172618162022735	
17A	4	a	546.682392	562.509144	552.617424	15.826751999999942	0.22064780426830577	554.595768	7.913375999999971	2.437244140284867	
17A	4	a	563.168592	569.103624	567.12528	5.935031999999978	0.32879502346036915	565.806384	2.967515999999989	1.357074407653657	
17A	4	a	571.081968	599.438232	585.589824	28.35626400000001	0.28164706415438623	584.930376	14.178132000000005	4.465837647991489	
18A	4	a	0.0	7.253928	2.637792	7.253928	0.10862234827455497	3.29724	3.626964	0.6864128369261913	
18A	4	a	7.913376	11.210616	9.89172	3.2972399999999995	0.10805794014677073	9.232272	1.6486199999999998	0.24492747403267567	
18A	4	a	11.870064	31.653504	15.826752	19.783440000000002	0.23562452924041954	21.761784	9.891720000000001	3.6988316984521523	
18A	4	a	32.312952	34.291296	32.9724	1.9783439999999999	0.0714356442405748	32.9724	0.9891719999999999	0.12601640662162383	
18A	4	a	34.950744	42.204672	39.56688	7.253928000000002	0.14185555016482354	38.247984	3.626964000000001	0.5849742665575088	
18A	4	a	44.183016	54.734184	48.139704	10.551167999999997	0.06595870307760698	49.4586	5.2755839999999985	0.6407712695505026	
18A	4	a	55.393632	57.371976	56.05308	1.9783439999999999	0.08847786451875006	56.05308	0.9891719999999999	0.1426066142282274	
18A	4	a	58.031424	60.009768	58.031424	1.9783439999999999	0.06342536270189747	58.690872	0.9891719999999999	0.07580486750213367	
18A	4	a	60.669216	70.560936	63.966456	9.89172	0.11086424641275539	65.285352	4.94586	0.8933217214612204	
18A	4	a	71.220384	81.112104	78.474312	9.891720000000007	0.08879972182288753	75.83652	4.945860000000003	0.7909875406489282	
18A	4	a	81.771552	87.047136	83.090448	5.275583999999995	0.06975631985210873	84.409344	2.6377919999999975	0.3081833957229312	
18A	4	a	87.706584	97.598304	92.982168	9.891719999999992	0.09052264429091217	92.32272	4.945859999999996	0.9446873031531235	
18A	4	a	98.257752	119.360088	110.127816	21.102336000000008	0.0901391904690767	108.80892	10.551168000000004	1.2984217354748726	
18A	4	a	120.019536	125.29512	121.338432	5.275583999999995	0.1093205185414563	122.657328	2.6377919999999975	0.3111114147890206	
18A	4	a	127.273464	129.251808	127.932912	1.978344000000007	0.0279395398945792	127.932912	0.9891720000000035	0.04191445777335989	
18A	4	a	129.911256	149.035248	135.846288	19.123991999999987	0.07733703872764686	139.143528	9.561995999999994	1.064979608651738	
18A	4	a	149.694696	154.310832	151.67304	4.616136000000012	0.0846741398603923	151.67304	2.308068000000006	0.29682216182980525	
18A	4	a	154.97028	169.478136	161.56476	14.507856000000004	0.08216002357290098	162.224208	7.253928000000002	0.8868394257541861	
18A	4	a	170.137584	174.75372	170.797032	4.616135999999983	0.04518995540928161	172.115928	2.3080679999999916	0.1679374477339206	
18A	4	a	178.710408	196.515504	191.23992	17.805095999999992	0.11217503407820706	187.283232	8.902547999999996	1.6479830455285047	
18A	4	a	197.174952	210.363912	201.13164	13.188960000000009	0.10353247710312985	203.769432	6.594480000000004	0.9040800755055185	
18A	2	b	224.21232	226.190664	224.871768	1.9783439999999928	-0.017448210701397127	224.871768	0.9891719999999964	-0.02363264915514507	
18A	4	a	228.828456	267.735888	244.655208	38.907432	0.39655117331940115	247.952448	19.453716	12.008148189775433	
18A	4	a	268.395336	281.584296	278.946504	13.188960000000009	0.15959705326684226	274.989816	6.594480000000004	1.595890359718128	
18A	4	a	282.243744	298.729944	288.838224	16.486199999999997	0.2841571794091511	290.15712	8.243099999999998	4.497906640552452	
18A	4	a	299.389392	309.281112	305.324424	9.89172000000002	0.16889809423971158	304.005528	4.94586000000001	1.6454775371164065	
18A	4	a	309.94056	317.853936	311.918904	7.913375999999971	0.16360426414223994	313.897248	3.9566879999999855	1.2519334718895019	
18A	4	a	319.83228	339.61572	327.745656	19.783439999999985	0.20076326459352067	329.724	9.891719999999992	3.7677772377704475	
18A	4	a	341.594064	346.869648	344.231856	5.275583999999981	0.0692662643796087	344.231856	2.6377919999999904	0.32370887425300054	
18A	4	a	347.529096	356.10192	351.485784	8.572824000000026	0.16052095321617443	351.485784	4.286412000000013	0.8206446467900324	
18A	4	a	356.761368	367.312536	360.058608	10.551168000000018	0.2572808996351945	362.036952	5.275584000000009	2.071708776725058	
18A	4	a	367.971984	379.1826	373.907016	11.210615999999959	0.18044205536329194	373.247568	5.6053079999999795	1.784198519906138	
18A	4	a	381.160944	402.922728	385.117632	21.761784000000034	0.3917497954601341	391.712112	10.880892000000017	8.145972808073253	
18A	4	a	403.582176	424.684512	404.901072	21.10233599999998	0.1374712515898482	414.133344	10.55116799999999	2.159568747534079	
18A	4	a	425.34396	427.981752	427.322304	2.6377919999999904	0.08222497103551873	426.662856	1.3188959999999952	0.08322785220882123	
18A	4	a	429.960096	444.467952	437.214024	14.507856000000004	0.17275167301608896	437.214024	7.253928000000002	1.9050532584722424	
18A	4	a	445.1274	453.700224	451.72188	8.572823999999969	0.27613951410809134	449.084088	4.286411999999984	1.6969543558162157	
18A	4	a	455.678568	464.251392	458.31636	8.572824000000026	0.1781930932285558	459.635256	4.286412000000013	1.2338899823899034	
18A	4	a	464.91084	470.186424	466.889184	5.275583999999981	0.1838584919864994	467.548632	2.6377919999999904	0.8069699594079336	
18A	4	a	472.164768	485.353728	475.462008	13.188960000000009	0.13615416910115652	478.759248	6.594480000000004	1.4436670501898696	
18A	4	a	486.013176	499.202136	491.948208	13.188960000000009	0.23825346779649603	492.607656	6.594480000000004	2.5211502775805608	
18A	4	a	503.158824	538.109568	522.942264	34.950743999999986	0.20981779545273227	520.304472	17.475371999999993	5.18779250328951	
18A	4	a	538.769016	543.385152	542.725704	4.616135999999983	0.07200371925936544	540.74736	2.3080679999999916	0.20740876706561107	
18A	4	a	544.0446	549.979632	546.682392	5.935032000000092	0.1667596902620847	546.682392	2.967516000000046	0.6172714867500433	
18A	4	a	550.63908	592.184304	574.379208	41.54522399999996	0.3708906627516946	571.081968	20.77261199999998	10.998855157280161	
18A	2	b	592.843752	600.09768	599.438232	7.2539279999999735	-0.2026390571172607	596.140992	3.6269639999999868	-0.98519238073365	
19A	4	a	1.978344	5.275584	3.29724	3.2972400000000004	0.07597193913598632	3.29724	1.6486200000000002	0.18369586398236026	
19A	4	a	7.253928	12.529512	9.89172	5.275584	0.19880588904181185	9.89172	2.637792	0.816106589372378	
19A	4	a	13.18896	16.4862	13.848408	3.2972400000000004	0.1376136704794102	14.507856	1.6486200000000002	0.4549786383383274	
19A	4	a	17.145648	24.399576	21.761784	7.253927999999998	0.25435106103716043	20.442888	3.626963999999999	1.5167208588269103	
19A	4	a	25.059024	29.67516	27.037368	4.616136000000001	0.17694981096835072	27.037368	2.3080680000000005	0.7647751247132921	
19A	4	a	31.653504	36.26964	32.9724	4.616136000000001	0.110809932136402	33.631848	2.3080680000000005	0.38542235604048214	
19A	4	a	36.929088	44.842464	38.907432	7.9133759999999995	0.21249048508307267	40.885776	3.9566879999999998	1.312273555463346	
19A	4	a	45.501912	51.436944	47.480256	5.935032	0.19424781614256315	48.139704	2.967516	1.033406130954494	
19A	4	a	52.096392	60.009768	54.734184	7.9133759999999995	0.13970351997864272	56.05308	3.9566879999999998	1.1222741477948315	
19A	4	a	60.669216	69.901488	62.64756	9.232272000000002	0.17384815668704734	65.285352	4.616136000000001	1.2897148128764957	
19A	4	a	70.560936	87.047136	75.177072	16.486199999999997	0.211104392989244	78.474312	8.243099999999998	2.806534436047043	
19A	4	a	87.706584	90.344376	89.02548	2.6377919999999904	0.09082474807790941	89.02548	1.3188959999999952	0.12661004889731586	
19A	4	a	91.003824	104.192784	98.257752	13.188960000000009	0.19487243076201155	97.598304	6.594480000000004	1.9801661544589297	
19A	4	a	104.852232	111.446712	106.830576	6.594480000000004	0.19638876131434335	108.149472	3.297240000000002	1.1820919146076634	
19A	4	a	112.10616	119.360088	114.743952	7.253928000000002	0.2268998682064347	115.4034	3.626964000000001	1.1987326364383513	
19A	4	a	120.019536	125.954568	123.316776	5.9350319999999925	0.14390644082329906	122.657328	2.9675159999999963	0.9132673932503519	
19A	4	a	126.614016	149.035248	145.738008	22.42123199999999	0.2551815794141876	137.824632	11.210615999999995	3.7595534112781346	
19A	4	a	149.694696	155.629728	152.991936	5.935032000000007	0.21487505548310581	152.332488	2.9675160000000034	1.0253101390774086	
19A	4	a	156.289176	169.478136	162.883656	13.188960000000009	0.19011892176983292	162.883656	6.594480000000004	1.3779890901847824	
19A	4	a	170.137584	175.413168	172.775376	5.275584000000009	0.1008992349919553	172.775376	2.6377920000000046	0.37827518924723047	
19A	4	a	176.072616	218.277288	213.001704	42.20467199999999	0.20924265334224668	197.174952	21.102335999999994	7.142169404467525	
19A	4	a	218.936736	226.850112	221.574528	7.9133759999999995	0.1525628065583402	222.893424	3.9566879999999998	1.073204656851129	
19A	4	a	227.50956	243.336312	240.039072	15.826751999999999	0.27409121278794	235.422936	7.9133759999999995	3.21958211197092	
19A	4	a	243.99576	253.228032	246.633552	9.232272000000023	0.2547643398188888	248.611896	4.616136000000012	1.8906780008069854	
19A	4	a	253.88748	258.503616	257.18472	4.616136000000012	0.13334179126276213	255.865824	2.308068000000006	0.4391321306400764	
19A	4	a	259.163064	265.098096	262.460304	5.935031999999978	0.2589400856546882	261.800856	2.967515999999989	1.175924739672161	
19A	4	a	265.757544	280.2654	278.287056	14.507856000000004	0.2738720674525741	273.011472	7.253928000000002	3.2817520728151583	
19A	4	a	280.924848	288.838224	286.200432	7.913376000000028	0.22001805482039316	284.881536	3.956688000000014	1.3522970004258266	
19A	4	a	289.497672	297.411048	294.113808	7.913375999999971	0.30411075490076733	293.45436	3.9566879999999855	1.5405489135684374	
19A	4	a	298.070496	307.302768	305.983872	9.232272000000023	0.4489341805140632	302.686632	4.616136000000012	3.1531773874454707	
19A	4	a	309.281112	315.875592	313.897248	6.594479999999976	0.40755293538893245	312.578352	3.297239999999988	2.2479390740368252	
19A	4	a	316.53504	324.448416	321.810624	7.913376000000028	0.43400613710683356	320.491728	3.956688000000014	2.673420808403166	
19A	4	a	326.42676	332.361792	330.383448	5.935031999999978	0.4813836194295038	329.064552	2.967515999999989	2.2814574344867733	
19A	4	a	333.02124	350.166888	343.572408	17.145647999999994	0.5618646871713535	341.594064	8.572823999999997	9.400493720783656	
19A	4	a	350.826336	370.609776	367.312536	19.783439999999985	0.5266434619835438	360.718056	9.891719999999992	7.050821175617846	
19A	4	a	371.269224	377.204256	375.88536	5.935031999999978	0.23660951845381195	373.907016	2.967515999999989	1.5381350797945617	
19A	4	a	377.863704	383.139288	379.1826	5.275584000000038	0.23798614500598658	380.501496	2.637792000000019	1.0082152990289466	
19A	4	a	383.798736	389.733768	386.436528	5.935031999999978	0.14173588434196027	386.436528	2.967515999999989	0.76371716010103	
19A	4	a	390.393216	400.284936	398.306592	9.89172000000002	0.29412648427954124	395.009352	4.94586000000001	2.4961687496880156	
19A	4	a	400.944384	407.538864	406.219968	6.594479999999976	0.18885045796367228	404.241624	3.297239999999988	1.370899148799917	
19A	4	a	408.198312	416.111688	410.176656	7.913376000000028	0.14684665704488697	412.155	3.956688000000014	1.153753477325612	
19A	4	a	416.771136	422.706168	420.068376	5.935031999999978	0.1493359371346097	419.408928	2.967515999999989	0.7956717617243749	
19A	4	a	423.365616	429.300648	424.025064	5.935032000000035	0.1282515267228197	426.003408	2.9675160000000176	0.6665064310330946	
19A	4	a	431.278992	449.743536	447.765192	18.46454399999999	0.28949142221380253	440.511264	9.232271999999995	4.243952962559633	
19A	4	a	450.402984	457.656912	454.359672	7.2539279999999735	0.4219077227283128	453.700224	3.6269639999999868	2.2493752126323905	
19A	4	a	458.31636	465.570288	462.932496	7.25392800000003	0.6334648729348946	461.6136	3.626964000000015	3.413936260256832	
19A	4	a	466.229736	472.824216	470.186424	6.594479999999976	0.5434241607921888	469.526976	3.297239999999988	2.8339363916238662	
19A	4	a	473.483664	486.013176	476.780904	12.529512000000011	0.17367425955458504	479.418696	6.2647560000000055	1.5007167861063389	
19A	4	a	486.672624	492.607656	489.969864	5.935032000000035	0.6019311162503227	489.310416	2.9675160000000176	2.1645530843435528	
19A	4	a	493.267104	497.223792	493.926552	3.9566879999999855	0.1165507582800358	495.245448	1.9783439999999928	0.3897835739723057	
19A	4	a	497.88324	503.158824	499.861584	5.275583999999981	0.2005702984869342	500.521032	2.6377919999999904	0.877732337363661	
19A	4	a	503.818272	508.434408	505.796616	4.61613600000004	0.2413584482188429	505.796616	2.30806800000002	1.0078874626441048	
19A	4	a	509.093856	513.709992	510.412752	4.61613600000004	0.13360292056237588	511.0722	2.30806800000002	0.5817701335547849	
19A	4	a	514.36944	518.326128	516.347784	3.9566879999999855	0.22813997389566154	516.347784	1.9783439999999928	0.9168555629671105	
19A	4	a	521.623368	524.920608	522.942264	3.297239999999988	0.08382478253963743	522.942264	1.648619999999994	0.3005316397392994	
19A	4	a	525.580056	542.725704	529.536744	17.145647999999937	0.23405919220620897	534.15288	8.572823999999969	2.440083254284886	
19A	4	a	543.385152	551.298528	548.001288	7.913376000000085	0.23950347303852615	547.34184	3.9566880000000424	1.6478867868898461	
19A	4	a	551.957976	555.914664	552.617424	3.9566879999999855	0.12215215653027922	553.93632	1.9783439999999928	0.39641542410721886	
19A	4	a	556.574112	558.552456	557.23356	1.9783439999999928	0.06773954261870463	557.23356	0.9891719999999964	0.10295819095650627	
19A	4	a	559.211904	565.806384	562.509144	6.594479999999976	0.26833725277277765	562.509144	3.297239999999988	1.2266535563313654	
19A	4	a	566.465832	571.741416	570.42252	5.275583999999981	0.2197068242199487	569.103624	2.6377919999999904	0.8734019346724451	
19A	4	a	573.71976	577.017	575.038656	3.2972400000001016	0.1828855921270045	575.038656	1.6486200000000508	0.5315293633026974	
19A	4	a	577.676448	583.61148	581.633136	5.935031999999978	0.2736473332789586	580.31424	2.967515999999989	1.3784828269144878	
19A	4	a	585.589824	600.09768	590.865408	14.507855999999947	0.4431434833624772	592.843752	7.2539279999999735	4.9063034108395005	
