										Kaede_Unfed#12_Retrograde_evts_formatted.txt
ROI	Quadrant	Direction	Start time (s)	End time (s)	Peak time (s)	Duration (s)	Amplitude	Midpoint (s)	Half Duration(s)	AUC
1A	2	b	0.0	6.59448	1.318896	6.59448	-0.08379838175469656	3.29724	3.29724	-0.5322345608266128	
1A	2	b	7.253928	9.89172	7.913376	2.6377919999999992	-0.10509195542062022	8.572824	1.3188959999999996	-0.15099075790371264	
1A	4	a	11.870064	14.507856	13.848408	2.637792000000001	0.014795787865195642	13.18896	1.3188960000000005	0.020986368977817804	
1A	2	b	17.805096	38.247984	22.421232	20.442888000000004	-0.8302834736841542	27.696816	10.221444000000002	-10.276183791845105	
1A	2	b	38.907432	58.690872	47.480256	19.78344	-0.1412969059917284	48.799152	9.89172	-2.5847916757974447	
1A	2	b	59.35032	81.771552	69.901488	22.421231999999996	-0.15535998513812777	70.560936	11.210615999999998	-2.857421817283127	
1A	2	b	82.431	85.068792	83.090448	2.6377920000000046	-0.045405192539027084	83.749896	1.3188960000000023	-0.1235615550700202	
1A	2	b	85.72824	118.70064	90.344376	32.97240000000001	-0.5440727353375996	102.21444	16.486200000000004	-7.455115530165188	
1A	2	b	119.360088	127.273464	125.954568	7.9133759999999995	-0.07190797299042462	123.316776	3.9566879999999998	-0.4293179758842185	
1A	2	b	127.932912	138.48408	137.824632	10.551168000000004	-0.07972777170445333	133.208496	5.275584000000002	-0.5131653116871997	
1A	2	b	139.143528	142.440768	140.462424	3.297239999999988	-0.07315150341957377	140.462424	1.648619999999994	-0.19348268482642128	
1A	2	b	143.100216	147.056904	145.738008	3.956688000000014	-0.05388833694776407	145.07856	1.978344000000007	-0.16312747369451852	
1A	2	b	149.694696	158.26752	156.948624	8.572823999999997	-0.041045971215502686	153.651384	4.286411999999999	-0.29948448331506805	
1A	2	b	158.926968	161.56476	159.586416	2.637792000000019	-0.03310614456199845	160.245864	1.3188960000000094	-0.04903297541132279	
1A	2	b	162.224208	178.05096	163.543104	15.826751999999999	-0.12252311742477984	170.137584	7.9133759999999995	-1.4985903661221662	
1A	2	b	178.710408	189.261576	183.326544	10.55116799999999	-0.07254789913860682	183.985992	5.275583999999995	-0.7236439773411383	
1A	2	b	189.921024	191.899368	191.23992	1.9783440000000212	-0.05377172821536513	190.580472	0.9891720000000106	-0.07368237383866094	
1A	2	b	192.558816	194.53716	193.877712	1.9783439999999928	-0.03912766506315046	193.218264	0.9891719999999964	-0.05150593957873628	
1A	2	b	195.196608	202.450536	199.153296	7.253928000000002	-0.043649166999872424	198.493848	3.626964000000001	-0.1899837941083269	
1A	2	b	203.109984	215.639496	213.661152	12.529512000000011	-0.06235931117753957	209.045016	6.2647560000000055	-0.3881882413358835	
1A	2	b	216.298944	243.336312	232.125696	27.037367999999987	-0.10580815304128999	229.487904	13.518683999999993	-2.4598241244204324	
1A	2	b	243.99576	263.7792	247.293	19.783440000000013	-0.12985198972591716	253.88748	9.891720000000007	-2.164523002897236	
1A	2	b	264.438648	268.395336	264.438648	3.9566879999999855	-0.05433351877846171	266.416992	1.9783439999999928	-0.14955044359853198	
1A	2	b	269.054784	274.330368	269.714232	5.275584000000038	-0.03620326833141574	271.692576	2.637792000000019	-0.1346611908243618	
1A	2	b	274.989816	340.275168	334.999584	65.28535199999999	-0.10341707923277177	307.302768	32.642675999999994	-5.467360184771222	
1A	2	b	340.934616	345.550752	342.253512	4.616135999999983	-0.08927229807521853	342.91296	2.3080679999999916	-0.23768107841264685	
1A	2	b	346.2102	361.377504	348.188544	15.167304000000001	-0.13405214101596652	353.464128	7.583652000000001	-1.2670105534623006	
1A	2	b	362.036952	365.334192	364.015296	3.297239999999988	-0.07469914246972831	363.355848	1.648619999999994	-0.17101806288791166	
1A	2	b	365.99364	374.566464	369.29088	8.572823999999969	-0.05241142851635816	369.950328	4.286411999999984	-0.36544872768409387	
1A	2	b	376.544808	378.523152	377.863704	1.9783439999999928	-0.03005708009892949	377.204256	0.9891719999999964	-0.04828276657795505	
1A	2	b	381.160944	387.095976	381.820392	5.935032000000035	-0.04219250151097631	383.798736	2.9675160000000176	-0.22801590434825436	
1A	2	b	387.755424	391.052664	389.07432	3.297239999999988	-0.06399948986632609	389.07432	1.648619999999994	-0.14879317652931934	
1A	2	b	391.712112	394.349904	392.37156	2.6377919999999904	-0.048622411212701167	393.031008	1.3188959999999952	-0.11061392003589243	
1A	2	b	395.009352	402.922728	400.944384	7.913376000000028	-0.05444238647924626	398.96604	3.956688000000014	-0.3335817872845277	
1A	2	b	403.582176	419.408928	409.517208	15.826751999999999	-0.10410178046446994	411.495552	7.9133759999999995	-1.0148193167565622	
1A	2	b	420.068376	423.365616	422.04672	3.297239999999988	-0.06281534139100442	421.387272	1.648619999999994	-0.1326528739111097	
1A	2	b	424.025064	426.003408	425.34396	1.9783439999999928	-0.06615281735490575	424.684512	0.9891719999999964	-0.0671382198951902	
1A	2	b	426.662856	443.149056	437.873472	16.486199999999997	-0.11340706205088313	434.576232	8.243099999999998	-1.7090614607740302	
1A	2	b	443.808504	450.402984	446.446296	6.594479999999976	-0.05668588395446017	447.105744	3.297239999999988	-0.3108174177389156	
1A	2	b	451.062432	462.273048	456.997464	11.210616000000016	-0.07995285351771209	456.338016	5.605308000000008	-0.6719248113397251	
1A	2	b	464.251392	472.164768	468.867528	7.913375999999971	-0.05342605597378958	468.20808	3.9566879999999855	-0.3347920206593902	
1A	2	b	472.824216	493.926552	485.353728	21.102336000000037	-0.11325968454167423	483.375384	10.551168000000018	-1.6655664449681853	
1A	2	b	494.586	500.521032	497.88324	5.935031999999978	-0.07139271238828515	497.223792	2.967515999999989	-0.3636824556442231	
1A	2	b	501.18048	505.796616	501.839928	4.616135999999983	-0.03822982743382264	503.158824	2.3080679999999916	-0.1569241575059972	
1A	2	b	506.456064	515.028888	510.412752	8.572824000000026	-0.06456560073021889	510.412752	4.286412000000013	-0.3480865085415843	
1A	2	b	515.688336	522.282816	520.96392	6.594479999999976	-0.055560150970747735	518.985576	3.297239999999988	-0.2570411504285992	
1A	2	b	522.942264	538.109568	522.942264	15.167303999999945	-0.07772390772610605	530.196192	7.583651999999972	-0.9197494540031368	
1A	2	b	540.087912	551.957976	542.725704	11.87006400000007	-0.09319207445508715	546.022944	5.935032000000035	-0.8159486413921297	
1A	2	b	552.617424	562.509144	559.871352	9.891719999999964	-0.08612388924695669	557.23356	4.945859999999982	-0.7109259530556111	
1A	2	b	564.487488	590.865408	575.038656	26.377920000000017	-0.08871080982814883	577.676448	13.188960000000009	-1.448321157976822	
1A	2	b	591.524856	600.09768	600.09768	8.572823999999969	-0.21210405556342016	595.481544	4.286411999999984	-0.4020233373180455	
2A	2	b	0.0	5.275584	2.637792	5.275584	-0.04865377942529836	2.637792	2.637792	-0.18601437603924476	
2A	2	b	5.935032	12.529512	11.870064	6.594480000000001	-0.09317146270074428	9.232272	3.2972400000000004	-0.43845030358223225	
2A	2	b	13.18896	35.610192	19.123992	22.421231999999996	-0.9983502207523474	24.399576	11.210615999999998	-13.092300530276031	
2A	2	b	36.26964	58.031424	41.545224	21.761784	-1.0005890149566725	46.820808	10.880892	-12.142151805759077	
2A	2	b	61.328664	71.220384	63.966456	9.891719999999992	-0.9125998413291105	65.9448	4.945859999999996	-6.710251133655992	
2A	2	b	71.879832	74.517624	72.53928	2.6377920000000046	-0.08038242385501393	73.198728	1.3188960000000023	-0.1518593668482069	
2A	2	b	75.177072	77.814864	77.155416	2.6377920000000046	-0.0455282538058035	76.495968	1.3188960000000023	-0.10087791075079644	
2A	2	b	81.112104	106.171128	87.047136	25.059023999999994	-0.5345610676699435	93.641616	12.529511999999997	-5.996746479404724	
2A	2	b	106.830576	120.678984	119.360088	13.848408000000006	-0.10748915706491236	113.425056	6.924204000000003	-1.0948313209599083	
2A	2	b	121.338432	123.316776	121.99788	1.978344000000007	-0.07184387117162849	121.99788	0.9891720000000035	-0.08163981251749597	
2A	2	b	127.273464	135.18684	131.230152	7.913375999999985	-0.10506250678556572	131.230152	3.9566879999999927	-0.6241702651969099	
2A	2	b	139.143528	141.78132	140.462424	2.6377919999999904	-0.07105591789102306	140.462424	1.3188959999999952	-0.13709357358051766	
2A	2	b	142.440768	149.035248	144.419112	6.594480000000004	-0.09086987940019764	145.738008	3.297240000000002	-0.5321399963344993	
2A	2	b	149.694696	152.332488	151.013592	2.637792000000019	-0.060977165869180894	151.013592	1.3188960000000094	-0.1541266722735668	
2A	2	b	152.991936	158.26752	154.97028	5.275583999999981	-0.06553078535342305	155.629728	2.6377919999999904	-0.2546864210375621	
2A	2	b	158.926968	165.521448	159.586416	6.594480000000004	-0.09864031535024642	162.224208	3.297240000000002	-0.5739442618763542	
2A	2	b	166.180896	174.75372	167.499792	8.572823999999997	-0.07607823068085029	170.137584	4.286411999999999	-0.4854474518155878	
2A	2	b	175.413168	190.580472	180.029304	15.167303999999973	-0.12916111447732037	182.667096	7.5836519999999865	-1.783160372971456	
2A	2	b	191.23992	195.856056	192.558816	4.616135999999983	-0.05623585969371092	193.218264	2.3080679999999916	-0.2084632399696238	
2A	2	b	196.515504	211.682808	207.066672	15.167304000000001	-0.10152394214478822	203.769432	7.583652000000001	-1.1077027067573528	
2A	2	b	212.342256	214.980048	214.3206	2.637792000000019	-0.054382744705633534	213.661152	1.3188960000000094	-0.09760505549869025	
2A	2	b	215.639496	219.596184	218.277288	3.9566879999999855	-0.0747804704074797	217.61784	1.9783439999999928	-0.1995248576034303	
2A	2	b	220.255632	224.871768	224.21232	4.616136000000012	-0.06151648841754476	222.233976	2.308068000000006	-0.22368772891380795	
2A	2	b	225.531216	230.147352	226.190664	4.616136000000012	-0.06056686545168777	227.50956	2.308068000000006	-0.21574862977067344	
2A	2	b	230.8068	238.720176	235.422936	7.9133759999999995	-0.051502526231455015	234.763488	3.9566879999999998	-0.25447572373219485	
2A	2	b	239.379624	281.584296	247.293	42.20467199999999	-0.12244493325137729	260.48196	21.102335999999994	-3.3200136876729935	
2A	2	b	286.200432	304.005528	293.45436	17.80509600000005	-0.0891753496426384	294.773256	8.902548000000024	-1.2484795266301087	
2A	2	b	304.664976	307.302768	306.64332	2.6377919999999904	-0.07697780787816955	305.983872	1.3188959999999952	-0.14088609423642784	
2A	2	b	307.962216	313.897248	308.621664	5.935031999999978	-0.08938433805736912	310.600008	2.967515999999989	-0.43354718324623653	
2A	2	b	314.556696	333.680688	324.448416	19.123991999999987	-0.10564012707021453	323.788968	9.561995999999994	-1.4473308766024986	
2A	2	b	334.340136	338.956272	334.999584	4.61613600000004	-0.0699392134732757	336.31848	2.30806800000002	-0.20596961080190934	
2A	2	b	339.61572	367.312536	356.761368	27.696816000000013	-0.1870200954532364	353.464128	13.848408000000006	-3.8147191841976027	
2A	2	b	367.971984	418.090032	386.436528	50.11804799999999	-0.17555515610170458	393.031008	25.059023999999994	-6.334772372433743	
2A	2	b	418.74948	424.684512	420.727824	5.935031999999978	-0.07316053120189592	421.387272	2.967515999999989	-0.30321079637650117	
2A	2	b	425.34396	427.981752	425.34396	2.6377919999999904	-0.019602085963660976	426.662856	1.3188959999999952	-0.013571361772427348	
2A	2	b	428.6412	450.402984	431.278992	21.761783999999977	-0.18242556270010413	439.192368	10.880891999999989	-3.8887355162199397	
2A	2	b	451.062432	462.273048	453.040776	11.210616000000016	-0.2785127974071586	456.338016	5.605308000000008	-1.9498691134900081	
2A	2	b	462.932496	466.889184	462.932496	3.9566879999999855	-0.11537276520640072	464.91084	1.9783439999999928	-0.24356431367051723	
2A	2	b	467.548632	472.824216	467.548632	5.275583999999981	-0.06659359930268538	470.186424	2.6377919999999904	-0.21461620960332373	
2A	2	b	473.483664	475.462008	474.80256	1.9783440000000496	-0.05823302424214871	474.143112	0.9891720000000248	-0.039136863780123265	
2A	2	b	476.121456	492.607656	478.759248	16.486199999999997	-0.1336401740926929	484.034832	8.243099999999998	-1.5862909781441392	
2A	2	b	493.267104	498.542688	495.245448	5.275583999999981	-0.05993958885805872	495.904896	2.6377919999999904	-0.23531276778005283	
2A	2	b	499.202136	536.790672	522.942264	37.588535999999976	-0.17430741263245242	517.66668	18.794267999999988	-3.0360559499560633	
2A	2	b	540.74736	551.957976	542.725704	11.210616000000073	-0.0753777628271961	546.022944	5.605308000000036	-0.4599788560152325	
2A	2	b	552.617424	557.893008	553.93632	5.275583999999981	-0.07771626210754112	555.255216	2.6377919999999904	-0.35681296456144684	
2A	2	b	558.552456	562.509144	559.871352	3.9566879999999855	-0.06760640453904276	560.5308	1.9783439999999928	-0.17295052855699944	
2A	2	b	563.168592	567.12528	565.146936	3.9566879999999855	-0.048034411489553897	565.146936	1.9783439999999928	-0.13624720113193178	
2A	2	b	567.784728	600.09768	597.459888	32.312951999999996	-0.25278213794821225	583.61148	16.156475999999998	-7.700590270484028	
3A	2	b	0.0	3.29724	0.0	3.29724	-0.15545941190528012	1.318896	1.64862	-0.36484349356764856	
3A	2	b	3.956688	6.59448	3.956688	2.6377919999999997	-0.10863037338217651	5.275584	1.3188959999999998	-0.13976445269642568	
3A	2	b	7.253928	23.740128	13.848408	16.486199999999997	-3.877067042686993	15.167304	8.243099999999998	-38.8967810609552	
3A	2	b	24.399576	46.820808	35.610192	22.421232	-4.001606567875232	35.610192	11.210616	-64.75575043628072	
3A	4	a	47.480256	56.712528	54.734184	9.232272000000002	0.7059251586816	52.096392	4.616136000000001	4.330494125129159	
3A	2	b	57.371976	64.625904	58.690872	7.253928000000009	-3.452948947122504	60.669216	3.6269640000000045	-21.60404315220867	
3A	4	a	65.285352	80.452656	70.560936	15.167304000000001	0.4559966052292612	72.53928	7.583652000000001	7.802506530275924	
3A	2	b	81.112104	91.003824	82.431	9.891719999999992	-2.79435901621319	85.72824	4.945859999999996	-20.269302804676627	
3A	2	b	92.982168	123.976224	96.279408	30.994056	-0.2789583483922353	108.149472	15.497028	-7.21809089083092	
3A	2	b	124.635672	133.208496	127.932912	8.572823999999997	-0.40993941972143944	128.59236	4.286411999999999	-2.231830753907931	
3A	2	b	133.867944	138.48408	137.165184	4.616136000000012	-0.12682313632266684	135.846288	2.308068000000006	-0.5311694354398293	
3A	2	b	139.143528	147.056904	146.397456	7.9133759999999995	-0.18338426710811362	143.100216	3.9566879999999998	-0.8320172012713609	
3A	2	b	149.694696	158.26752	149.694696	8.572823999999997	-0.15002463970152924	153.651384	4.286411999999999	-0.9777972457043127	
3A	2	b	158.926968	166.840344	162.883656	7.9133759999999995	-0.2073696242108305	162.883656	3.9566879999999998	-1.0327194460103986	
3A	2	b	167.499792	170.137584	168.818688	2.6377919999999904	-0.09219369475856531	168.818688	1.3188959999999952	-0.21119003130653002	
3A	2	b	172.775376	196.515504	182.007648	23.740128	-1.0346895704934962	184.64544	11.870064	-17.66892898653948	
3A	2	b	197.174952	201.13164	197.8344	3.956688000000014	-0.15472264204246677	199.153296	1.978344000000007	-0.5024666620476488	
3A	4	a	203.769432	207.72612	205.088328	3.956688000000014	0.10673156842171494	205.747776	1.978344000000007	0.29215223490525766	
3A	2	b	209.704464	214.980048	213.661152	5.275584000000009	-0.1421759709192454	212.342256	2.6377920000000046	-0.49673879890577055	
3A	2	b	216.958392	222.233976	217.61784	5.275584000000009	-0.532865617429854	219.596184	2.6377920000000046	-2.283234635786001	
3A	2	b	222.893424	238.720176	236.082384	15.826751999999999	-0.13101926415188814	230.8068	7.9133759999999995	-1.8368251189472717	
3A	2	b	240.69852	257.844168	243.99576	17.145648000000023	-1.3061856156035727	249.271344	8.572824000000011	-11.166336947951415	
3A	2	b	259.822512	275.649264	267.07644	15.826751999999999	-1.390869784059264	267.735888	7.9133759999999995	-12.924032770855753	
3A	2	b	276.308712	278.287056	276.96816	1.9783439999999928	-0.11279538168459702	276.96816	0.9891719999999964	-0.17881730144176888	
3A	2	b	278.946504	283.56264	280.2654	4.616135999999983	-0.15334191196482116	280.924848	2.3080679999999916	-0.6586022408333179	
3A	2	b	284.222088	299.389392	291.476016	15.167304000000001	-0.3236954440993074	291.476016	7.583652000000001	-3.762187432633856	
3A	2	b	300.04884	305.983872	300.04884	5.935032000000035	-0.08180762617221937	302.686632	2.9675160000000176	-0.3558821392438354	
3A	4	a	306.64332	308.621664	307.302768	1.9783439999999928	0.016066321898636104	307.302768	0.9891719999999964	0.029014119103684344	
3A	4	a	309.281112	311.918904	310.600008	2.6377919999999904	0.03235151138579084	310.600008	1.3188959999999952	0.07468876105790834	
3A	2	b	312.578352	319.83228	313.2378	7.25392800000003	-0.4329807930705094	315.875592	3.626964000000015	-1.8068389348900364	
3A	2	b	320.491728	330.383448	324.448416	9.891719999999964	-0.1772181854174555	325.107864	4.945859999999982	-1.3525275883646852	
3A	2	b	331.042896	333.02124	332.361792	1.9783439999999928	-0.03538977637189333	331.702344	0.9891719999999964	-0.06326087947617509	
3A	2	b	333.680688	340.275168	336.31848	6.594480000000033	-0.18941378365534867	336.977928	3.2972400000000164	-1.0492207861100216	
3A	2	b	340.934616	343.572408	341.594064	2.6377919999999904	-0.161145587299643	342.253512	1.3188959999999952	-0.3457065666478476	
3A	4	a	345.550752	351.485784	348.847992	5.935032000000035	0.10365583316334792	348.188544	2.9675160000000176	0.33487420890824193	
3A	4	a	353.464128	356.761368	355.442472	3.297239999999988	0.08980385523995338	354.783024	1.648619999999994	0.240016309846653	
3A	2	b	357.420816	376.544808	361.377504	19.123991999999987	-3.504725357378156	366.653088	9.561995999999994	-51.58885492907743	
3A	2	b	377.204256	391.052664	379.1826	13.848408000000006	-1.0894101347264424	383.798736	6.924204000000003	-10.176075920034277	
3A	4	a	393.031008	402.26328	400.284936	9.232272000000023	0.19618948392892221	397.647144	4.616136000000012	1.406452220787381	
3A	2	b	402.922728	404.901072	402.922728	1.9783439999999928	-0.12474362187374943	403.582176	0.9891719999999964	-0.17159606828947993	
3A	4	a	405.56052	425.34396	423.365616	19.783439999999985	0.4009220506642812	415.45224	9.891719999999992	5.55406377813335	
3A	2	b	426.003408	435.895128	427.981752	9.89172000000002	-1.7653257480222981	430.619544	4.94586000000001	-11.189832593045164	
3A	2	b	436.554576	447.105744	441.170712	10.551168000000018	-0.20840344082264828	441.83016	5.275584000000009	-2.1060555291909564	
3A	2	b	447.765192	470.186424	450.402984	22.421231999999975	-1.786084799491002	458.975808	11.210615999999987	-22.394678705970662	
3A	2	b	470.845872	485.353728	473.483664	14.507856000000004	-0.6257487357058569	478.0998	7.253928000000002	-4.1246458181195145	
3A	2	b	495.245448	507.77496	497.88324	12.529512000000011	-0.4861151323329196	501.18048	6.2647560000000055	-3.965039925642305	
3A	2	b	509.753304	516.347784	513.050544	6.594480000000033	-0.08914063121401483	513.050544	3.2972400000000164	-0.43266418169118737	
3A	2	b	518.326128	524.26116	520.96392	5.935031999999978	-0.3008084617332134	520.96392	2.967515999999989	-1.4313510513391794	
3A	2	b	524.920608	539.428464	534.812328	14.507855999999947	-0.39479419873554633	532.174536	7.2539279999999735	-4.832705050631957	
3A	2	b	540.087912	546.682392	543.385152	6.59448000000009	-0.18427574989497408	543.385152	3.297240000000045	-1.0622231897998837	
3A	2	b	547.34184	549.979632	549.320184	2.6377919999999904	-0.08347925481475293	548.660736	1.3188959999999952	-0.1766430040946947	
3A	2	b	550.63908	553.276872	551.298528	2.6377919999999904	-0.06497890582975252	551.957976	1.3188959999999952	-0.12941104059720665	
3A	2	b	553.93632	584.270928	564.487488	30.334608000000003	-0.42464502461488607	569.103624	15.167304000000001	-6.505350524931993	
3A	2	b	584.930376	588.887064	587.568168	3.9566879999999855	-0.17177012947614756	586.90872	1.9783439999999928	-0.49510420112244535	
3A	2	b	589.546512	600.09768	591.524856	10.551167999999961	-0.195371007423784	594.822096	5.275583999999981	-1.7817609591260632	
4A	2	b	1.318896	4.616136	2.637792	3.29724	-0.11465354241374293	2.637792	1.64862	-0.3535287305568868	
4A	2	b	5.275584	22.421232	11.870064	17.145648	-2.151794009250713	13.848408	8.572824	-19.530408092443736	
4A	2	b	24.399576	53.415288	34.291296	29.015711999999997	-7.2689230186767775	38.907432	14.507855999999999	-114.31294105824358	
4A	2	b	54.074736	68.582592	58.031424	14.507856000000004	-5.836290987713253	61.328664	7.253928000000002	-56.2280767419123	
4A	2	b	72.53928	74.517624	73.198728	1.9783439999999928	-0.053373250152562335	73.198728	0.9891719999999964	-0.09049224046068005	
4A	2	b	77.155416	91.003824	81.771552	13.848407999999992	-2.733057969123399	83.749896	6.924203999999996	-24.037720301286207	
4A	4	a	96.279408	100.236096	99.576648	3.9566879999999998	0.27018190770507466	98.257752	1.9783439999999999	0.7632715842990265	
4A	2	b	100.895544	112.765608	104.192784	11.870064	-1.8481730007296964	106.830576	5.935032	-15.465119743417088	
4A	2	b	113.425056	135.18684	118.041192	21.76178399999999	-0.2783925220210026	123.976224	10.880891999999996	-4.079979256739109	
4A	2	b	135.846288	137.824632	136.505736	1.9783440000000212	-0.07107212307511368	136.505736	0.9891720000000106	-0.10875233133205064	
4A	4	a	138.48408	141.121872	138.48408	2.6377919999999904	0.11330668645938857	139.802976	1.3188959999999952	0.12462752654839893	
4A	4	a	141.78132	146.397456	142.440768	4.616136000000012	0.11326806637565845	143.759664	2.308068000000006	0.4525020762351115	
4A	2	b	147.056904	156.289176	148.3758	9.232271999999995	-0.4997497988441211	151.67304	4.616135999999997	-2.832786460284896	
4A	2	b	156.948624	179.369856	172.115928	22.421232000000003	-0.2544335110691147	168.15924	11.210616000000002	-3.779212639305457	
4A	2	b	180.029304	211.02336	191.899368	30.994056	-0.8912918221779123	195.196608	15.497028	-16.099385906571605	
4A	2	b	211.682808	222.233976	215.639496	10.551168000000018	-1.3551784214394722	216.958392	5.275584000000009	-8.463072871500557	
4A	2	b	222.893424	231.466248	224.21232	8.572823999999997	-0.0893555369649981	226.850112	4.286411999999999	-0.6264608914000167	
4A	4	a	233.444592	235.422936	234.10404	1.9783439999999928	0.01942213970472295	234.10404	0.9891719999999964	0.036834580309546006	
4A	2	b	236.082384	243.336312	240.69852	7.253928000000002	-0.5985442205915135	239.379624	3.626964000000001	-2.3291347629790895	
4A	2	b	246.633552	284.222088	267.07644	37.588535999999976	-1.4972666652555802	265.098096	18.794267999999988	-31.877101484183367	
4A	2	b	284.881536	296.092152	290.15712	11.210616000000016	-0.41815320328406713	290.15712	5.605308000000008	-3.569979355609755	
4A	2	b	296.7516	298.729944	297.411048	1.9783439999999928	-0.06908809721019793	297.411048	0.9891719999999964	-0.11706105939021771	
4A	4	a	299.389392	302.027184	300.708288	2.6377919999999904	0.1133473386632744	300.708288	1.3188959999999952	0.20061510546688588	
4A	4	a	302.686632	309.94056	307.302768	7.25392800000003	0.12828700641631663	305.983872	3.626964000000015	0.8610157307080257	
4A	4	a	312.578352	317.853936	313.2378	5.275583999999981	0.1651362228590063	315.216144	2.6377919999999904	0.7059625930845597	
4A	4	a	318.513384	320.491728	319.83228	1.9783440000000496	0.0315700226920832	319.172832	0.9891720000000248	0.043792874188052444	
4A	2	b	321.151176	330.383448	323.788968	9.232271999999966	-0.17535696749792073	325.767312	4.616135999999983	-1.0497460044720075	
4A	2	b	332.361792	349.50744	334.340136	17.145647999999994	-0.721789472573434	340.934616	8.572823999999997	-7.154017067476669	
4A	2	b	350.166888	352.80468	350.166888	2.637792000000047	-0.11339699331859521	351.485784	1.3188960000000236	-0.1471695637809134	
4A	2	b	356.10192	387.095976	364.015296	30.994056	-2.9408397844745124	371.269224	15.497028	-64.50564158656789	
4A	2	b	387.755424	396.987696	391.712112	9.232272000000023	-0.10354689335566825	392.37156	4.616136000000012	-0.7592284714831647	
4A	2	b	399.625488	408.198312	402.26328	8.572823999999969	-0.8209403367006054	403.582176	4.286411999999984	-4.989737656262908	
4A	2	b	408.85776	413.473896	409.517208	4.61613600000004	-0.1363982129568857	410.836104	2.30806800000002	-0.38868573500310966	
4A	2	b	414.133344	416.111688	414.133344	1.9783439999999928	-0.08293565533343283	414.792792	0.9891719999999964	-0.0923710386246821	
4A	2	b	416.771136	419.408928	418.74948	2.6377919999999904	-0.05477306311083652	418.090032	1.3188959999999952	-0.06555007542141311	
4A	2	b	422.04672	443.808504	427.322304	21.761784000000034	-3.08207699263831	432.597888	10.880892000000017	-26.335235977978193	
4A	2	b	444.467952	457.656912	449.084088	13.188959999999952	-0.9074078236372447	451.062432	6.594479999999976	-8.357771953000364	
4A	2	b	458.31636	489.969864	470.186424	31.653503999999998	-2.1378311265277805	474.143112	15.826751999999999	-32.24343945950651	
4A	2	b	490.629312	500.521032	493.267104	9.891719999999964	-1.3691042205083033	495.245448	4.945859999999982	-8.579687990947154	
4A	2	b	501.18048	504.47772	501.839928	3.297239999999988	-0.08271739806710698	502.499376	1.648619999999994	-0.13270897333724818	
4A	2	b	505.137168	507.115512	505.137168	1.9783440000000496	-0.04018865909539926	505.796616	0.9891720000000248	-0.039947804106429174	
4A	2	b	515.028888	525.580056	517.007232	10.551167999999961	-0.5881017685361645	520.304472	5.275583999999981	-3.7130679850104986	
4A	2	b	526.239504	559.871352	538.769016	33.63184799999999	-1.630322841504169	542.725704	16.815923999999995	-21.245767345842058	
4A	2	b	560.5308	577.017	564.487488	16.486200000000053	-0.38258674954604643	568.444176	8.243100000000027	-3.882776915381296	
4A	2	b	577.676448	579.654792	578.995344	1.9783439999999928	-0.06355574206654069	578.335896	0.9891719999999964	-0.07395852829652405	
4A	2	b	586.90872	588.887064	588.227616	1.9783439999999928	-0.11824936264135211	587.568168	0.9891719999999964	-0.10236669436090473	
4A	2	b	594.822096	600.09768	596.140992	5.275583999999981	-0.10940960527075916	597.459888	2.6377919999999904	-0.48884847187971037	
5A	2	b	0.0	23.08068	9.89172	23.08068	-4.156910994792369	11.210616	11.54034	-76.53593601906331	
5A	2	b	23.740128	29.67516	27.696816	5.935032000000003	-0.14967621552980148	26.37792	2.9675160000000016	-0.6126154800271291	
5A	2	b	30.334608	63.307008	38.907432	32.97240000000001	-6.6030337986410945	46.820808	16.486200000000004	-214.20664794635033	
5A	2	b	63.966456	91.003824	77.814864	27.037367999999994	-3.3587344418432554	77.155416	13.518683999999997	-39.269533572506546	
5A	2	b	91.663272	96.938856	94.301064	5.275583999999995	-0.13429467228707992	94.301064	2.6377919999999975	-0.5564553917671438	
5A	2	b	98.9172	138.48408	107.490024	39.56688000000001	-4.946846924711274	118.70064	19.783440000000006	-163.99685628321438	
5A	4	a	141.121872	143.759664	142.440768	2.6377919999999904	0.20523179553769033	142.440768	1.3188959999999952	0.4266185716849993	
5A	2	b	144.419112	156.289176	146.397456	11.870063999999985	-1.4621240876562727	150.354144	5.9350319999999925	-10.82805321751384	
5A	4	a	160.905312	162.883656	161.56476	1.9783439999999928	0.10182625399293066	161.56476	0.9891719999999964	0.107620063568163	
5A	2	b	163.543104	179.369856	169.478136	15.826751999999999	-1.7293373161424057	171.45648	7.9133759999999995	-16.89802215015468	
5A	4	a	180.029304	182.667096	181.3482	2.6377919999999904	0.050778033484546015	181.3482	1.3188959999999952	0.10333780607719056	
5A	2	b	183.326544	223.552872	191.23992	40.226327999999995	-5.397174557936091	203.109984	20.113163999999998	-156.90438093310334	
5A	2	b	225.531216	231.466248	227.50956	5.935032000000007	-0.3154115095050294	228.169008	2.9675160000000034	-1.8687081121247786	
5A	4	a	232.125696	234.763488	232.785144	2.6377919999999904	0.1403207865730316	233.444592	1.3188959999999952	0.2785154729258128	
5A	2	b	235.422936	243.336312	238.060728	7.9133759999999995	-1.42378162233482	239.379624	3.9566879999999998	-10.157601938883271	
5A	2	b	245.314656	258.503616	254.546928	13.188960000000009	-0.3602807410830291	251.909136	6.594480000000004	-2.6346576147048877	
5A	2	b	259.163064	267.07644	261.141408	7.913375999999971	-1.0392766268573475	263.119752	3.9566879999999855	-5.4809396215270425	
5A	2	b	267.735888	299.389392	273.67092	31.653503999999998	-2.976546055285528	283.56264	15.826751999999999	-60.167262590242146	
5A	2	b	300.04884	314.556696	307.962216	14.507856000000004	-1.1598536135375195	307.302768	7.253928000000002	-9.378130501759168	
5A	2	b	315.216144	352.80468	332.361792	37.58853600000003	-1.0723501958061856	333.680688	18.794268000000017	-15.629399440247195	
5A	2	b	353.464128	360.058608	355.442472	6.594479999999976	-1.1407674897381472	356.761368	3.297239999999988	-6.237631381493502	
5A	2	b	362.036952	395.6688	372.58812	33.63184799999999	-4.915128914962191	378.523152	16.815923999999995	-115.37924883684349	
5A	2	b	396.328248	402.922728	398.306592	6.594480000000033	-1.0048274896220555	399.625488	3.2972400000000164	-5.629070892805825	
5A	2	b	406.219968	408.198312	406.879416	1.9783439999999928	-0.09420566952794474	406.879416	0.9891719999999964	-0.13630591027019268	
5A	4	a	410.176656	418.74948	416.111688	8.572824000000026	0.30862807386148994	414.133344	4.286412000000013	2.1478661220126147	
5A	2	b	420.727824	439.192368	423.365616	18.46454399999999	-4.07020655842871	429.960096	9.232271999999995	-40.58428306889391	
5A	2	b	439.851816	457.656912	446.446296	17.805095999999992	-3.655935163471538	448.42464	8.902547999999996	-34.596156999325906	
5A	2	b	459.635256	497.223792	467.548632	37.588535999999976	-5.557090513313548	478.0998	18.794267999999988	-151.38098622398576	
5A	2	b	499.861584	507.115512	501.839928	7.25392800000003	-0.16713813036466973	503.158824	3.626964000000015	-0.9540153686515263	
5A	4	a	507.77496	511.731648	509.093856	3.9566879999999855	0.17366485851234081	509.753304	1.9783439999999928	0.5048698513779826	
5A	2	b	512.391096	522.282816	515.688336	9.891720000000078	-0.9195163921700757	517.007232	4.945860000000039	-7.140523161118968	
5A	4	a	524.26116	534.15288	531.515088	9.891719999999964	0.42241730914564	528.877296	4.945859999999982	2.6682240953241694	
5A	2	b	534.812328	559.211904	538.769016	24.399576000000025	-3.9711584525696013	546.682392	12.199788000000012	-59.74347418228866	
5A	2	b	559.871352	576.357552	561.849696	16.486200000000053	-1.992711100766595	567.784728	8.243100000000027	-13.676296720405642	
5A	4	a	577.017	581.633136	580.31424	4.616135999999983	0.14227368499492954	578.995344	2.3080679999999916	0.47561741330758256	
5A	2	b	584.930376	600.09768	587.568168	15.167303999999945	-1.8677263935455883	592.184304	7.583651999999972	-17.229937107870036	
6A	2	b	0.0	22.421232	2.637792	22.421232	-1.1481810767241303	11.210616	11.210616	-24.094748383061905	
6A	2	b	23.08068	28.356264	24.399576	5.2755839999999985	-0.11362488256967218	25.718472	2.6377919999999992	-0.45011260829731103	
6A	2	b	29.015712	35.610192	30.994056	6.594479999999997	-0.5642872159921346	32.312952	3.2972399999999986	-2.2335967047185097	
6A	2	b	36.26964	95.61996	45.501912	59.35032	-2.840177657373726	65.9448	29.67516	-117.55582541508684	
6A	2	b	97.598304	141.121872	118.041192	43.523568	-2.3327891327993937	119.360088	21.761784	-66.33576837031804	
6A	2	b	141.78132	152.332488	145.738008	10.551168000000018	-0.503511942962275	147.056904	5.275584000000009	-4.446417161428457	
6A	4	a	152.991936	162.224208	158.926968	9.232271999999995	0.1232705415541524	157.608072	4.616135999999997	1.0137145858046601	
6A	2	b	166.180896	168.818688	167.499792	2.637792000000019	-0.17289570988072533	167.499792	1.3188960000000094	-0.372597941653666	
6A	4	a	169.478136	185.964336	179.369856	16.486199999999997	0.4977280154515036	177.391512	8.243099999999998	6.654756958087339	
6A	2	b	186.623784	232.125696	199.812744	45.501912000000004	-2.0306879319152458	209.045016	22.750956000000002	-80.22191594128446	
6A	2	b	232.785144	271.692576	236.082384	38.90743199999997	-0.7786386281806852	251.909136	19.453715999999986	-26.80987736396308	
6A	2	b	272.352024	304.005528	282.903192	31.653504000000055	-2.448978274900652	288.178776	15.826752000000027	-57.03817936997665	
6A	2	b	304.664976	315.216144	307.962216	10.551167999999961	-0.36531203719400196	309.94056	5.275583999999981	-3.578070359041802	
6A	4	a	315.875592	320.491728	319.83228	4.61613600000004	0.10197525836971799	317.853936	2.30806800000002	0.48639816278608183	
6A	2	b	321.151176	343.572408	332.361792	22.421231999999975	-0.7538278943902217	332.361792	11.210615999999987	-11.319846711210726	
6A	2	b	344.231856	363.355848	354.123576	19.123991999999987	-1.1687527217052196	353.464128	9.561995999999994	-11.036342208689383	
6A	2	b	365.334192	396.987696	375.225912	31.653504000000055	-3.3015181557292292	381.160944	15.826752000000027	-80.4694921955596	
6A	2	b	397.647144	439.192368	420.727824	41.54522399999996	-0.9020151747972793	418.090032	20.77261199999998	-28.478358381756447	
6A	2	b	439.851816	455.678568	447.765192	15.826751999999999	-0.4936400854660956	447.765192	7.9133759999999995	-5.668251454585566	
6A	2	b	456.338016	463.591944	460.294704	7.25392800000003	-0.35726118942555196	459.635256	3.626964000000015	-1.7665095694116086	
6A	2	b	464.251392	503.158824	470.845872	38.90743199999997	-1.9034356304463644	483.375384	19.453715999999986	-68.00308054312549	
6A	2	b	503.818272	531.515088	515.688336	27.696816000000013	-0.5492068502782708	517.66668	13.848408000000006	-9.005056577785169	
6A	4	a	532.174536	534.15288	533.493432	1.9783439999999928	0.03529061420591262	532.833984	0.9891719999999964	0.049700933176132445	
6A	2	b	534.812328	559.211904	546.682392	24.399576000000025	-1.7037450406832964	546.682392	12.199788000000012	-28.69874263457453	
6A	2	b	559.871352	572.400864	563.168592	12.529511999999954	-1.066191684384476	565.806384	6.264755999999977	-8.681445204992222	
6A	2	b	573.060312	600.09768	598.778784	27.037368000000015	-1.4354299457663213	586.249272	13.518684000000007	-33.249900618392886	
7A	4	a	0.0	5.275584	0.0	5.275584	0.2523583867823209	2.637792	2.637792	0.6263140096194313	
7A	2	b	7.913376	42.204672	36.26964	34.291296	-1.5476478479254183	25.059024	17.145648	-40.576357479988935	
7A	2	b	42.86412	97.598304	47.480256	54.734184	-1.2156674543194317	69.901488	27.367092	-57.50521273654931	
7A	2	b	98.257752	109.468368	104.852232	11.210616000000002	-0.5567962285323897	103.533336	5.605308000000001	-5.320171534513945	
7A	2	b	110.127816	138.48408	118.041192	28.35626400000001	-0.973815724417074	123.976224	14.178132000000005	-24.337551366543344	
7A	2	b	139.143528	149.035248	146.397456	9.891719999999992	-0.24140366236969157	143.759664	4.945859999999996	-2.1033209012619105	
7A	2	b	149.694696	193.877712	187.283232	44.18301600000001	-0.8693091065326293	171.45648	22.091508000000005	-30.421702267521244	
7A	2	b	195.856056	205.747776	198.493848	9.891719999999992	-0.9171741144794616	200.472192	4.945859999999996	-7.879347596412922	
7A	2	b	206.407224	223.552872	213.661152	17.145647999999994	-0.43080294179845957	214.980048	8.572823999999997	-5.872499220287359	
7A	2	b	224.21232	249.271344	236.082384	25.059023999999994	-0.29882417259748273	236.741832	12.529511999999997	-5.861323449231989	
7A	2	b	249.930792	256.525272	254.546928	6.594479999999976	-0.13944512508737894	253.228032	3.297239999999988	-0.3287100444429685	
7A	2	b	257.18472	278.287056	272.352024	21.10233599999998	-0.7704867156578725	267.735888	10.55116799999999	-14.02521207534387	
7A	2	b	278.946504	371.269224	300.04884	92.32272	-1.2850811728056826	325.107864	46.16136	-99.2010008115308	
7A	2	b	371.928672	376.544808	373.247568	4.616135999999983	-0.22837901535661054	373.907016	2.3080679999999916	-0.9009474344804751	
7A	2	b	379.842048	426.003408	390.393216	46.16136	-1.0791507276529266	402.922728	23.08068	-43.068863530304306	
7A	2	b	426.662856	435.895128	430.619544	9.232272000000023	-0.17819053275572827	431.278992	4.616136000000012	-1.3421558741403645	
7A	2	b	439.851816	442.489608	441.170712	2.6377919999999904	-0.09456370108543588	441.170712	1.3188959999999952	-0.19424154926747583	
7A	2	b	444.467952	453.700224	453.040776	9.232271999999966	-0.1621427534058384	449.084088	4.616135999999983	-0.8699584268471536	
7A	2	b	455.678568	463.591944	456.997464	7.913376000000028	-0.1097237559804416	459.635256	3.956688000000014	-0.8308074914365902	
7A	2	b	464.251392	468.867528	465.570288	4.616135999999983	-0.35588892383836424	466.229736	2.3080679999999916	-1.32267957595091	
7A	4	a	469.526976	471.50532	470.845872	1.9783439999999928	0.0364058897188837	470.186424	0.9891719999999964	0.05280431973710975	
7A	2	b	474.143112	528.877296	486.013176	54.73418400000003	-0.866755179790692	501.18048	27.367092000000014	-35.843916282502626	
7A	2	b	529.536744	542.066256	536.131224	12.529511999999954	-0.6905478743972466	535.471776	6.264755999999977	-7.82231546288146	
7A	2	b	544.704048	548.001288	546.022944	3.2972400000001016	-0.12402915756830701	546.022944	1.6486200000000508	-0.2698530236769683	
7A	4	a	548.660736	550.63908	548.660736	1.9783439999999928	0.07634280622667866	549.320184	0.9891719999999964	0.14078922085240286	
7A	2	b	551.298528	587.568168	563.168592	36.26963999999998	-1.1720196267447527	569.103624	18.13481999999999	-34.0166293806894	
7A	2	b	588.227616	590.20596	588.227616	1.9783439999999928	-0.06437924757631919	588.887064	0.9891719999999964	-0.0745312770498705	
7A	4	a	592.843752	594.822096	594.162648	1.9783439999999928	0.12253388956701627	593.5032	0.9891719999999964	0.19430770547015186	
7A	4	a	596.80044	600.09768	600.09768	3.297239999999988	0.13164961215895232	598.119336	1.648619999999994	0.2787396740308301	
